# in Mpc/h Units 
# D1 = 0.016907 
# k P N P(z=0)
0.020944 0.0704973 6 246.627
0.0296192 0.0578128 12 202.252
0.036276 0.0477999 8 167.222
0.0418879 0.0411015 6 143.789
0.0468321 0.0368801 24 129.021
0.051302 0.0341555 24 119.489
0.0592384 0.0308177 12 107.812
0.0628319 0.0296458 30 103.713
0.0662306 0.0285127 24 99.7483
0.0694632 0.0273394 24 95.6437
0.072552 0.0261288 8 91.4086
0.0755145 0.0249167 24 87.1683
0.0783651 0.0236224 48 82.6402
0.0837758 0.0211825 6 74.1044
0.0863541 0.0199953 48 69.9514
0.0888577 0.0189323 36 66.2323
0.0912926 0.0179416 24 62.7665
0.0936642 0.0170615 24 59.6875
0.0959772 0.0162795 48 56.9521
0.0982358 0.015572 24 54.4768
0.102604 0.0144294 24 50.4797
0.10472 0.0139546 30 48.8186
0.106794 0.0136149 72 47.63
0.108828 0.0133247 32 46.6151
0.112787 0.0128003 72 44.7804
0.114715 0.0125732 48 43.986
0.118477 0.0122585 12 42.8849
0.120314 0.0121101 48 42.3657
0.122123 0.0119404 48 41.772
0.123906 0.0117819 48 41.2175
0.125664 0.0116176 30 40.643
0.127397 0.0114892 24 40.1936
0.129107 0.0112932 72 39.5079
0.132461 0.0109151 24 38.1851
0.134107 0.0107305 96 37.5395
0.135732 0.0105258 48 36.8232
0.137339 0.0103364 24 36.1608
0.138926 0.0101136 24 35.3812
0.140496 0.00989366 72 34.6118
0.142049 0.00965961 48 33.793
0.145104 0.00928273 8 32.4746
0.146608 0.00904094 54 31.6287
0.148632 0.0087352 132 30.5591
0.151029 0.00841725 24 29.4468
0.152474 0.00820886 72 28.7178
0.153906 0.00804058 96 28.1291
0.15673 0.00769884 48 26.9335
0.158123 0.00754807 48 26.406
0.160531 0.00730599 96 25.5592
0.163577 0.0070282 72 24.5873
0.164913 0.00691357 96 24.1863
0.167552 0.00676705 6 23.6738
0.169502 0.00662728 192 23.1848
0.172283 0.00647789 72 22.6622
0.173974 0.00639866 96 22.385
0.17523 0.00634568 48 22.1996
0.178418 0.00620625 84 21.7119
0.180167 0.00614149 120 21.4853
0.181741 0.00609479 80 21.3219
0.184179 0.00599573 144 20.9754
0.187328 0.00588517 24 20.5886
0.188867 0.005835 150 20.4131
0.191267 0.00573565 120 20.0655
0.193903 0.00562631 168 19.683
0.196472 0.00552177 24 19.3173
0.198088 0.00543563 264 19.0159
0.199793 0.00532157 48 18.6169
0.202698 0.00518795 144 18.1494
0.205919 0.00501687 72 17.5509
0.207757 0.00492656 180 17.235
0.21056 0.00475703 246 16.6419
0.213587 0.00459139 72 16.0625
0.215528 0.00451577 240 15.7979
0.218352 0.00435212 104 15.2254
0.219662 0.00431345 144 15.0901
0.223423 0.00413383 240 14.4617
0.22618 0.00402265 192 14.0728
0.228278 0.00395614 120 13.8401
0.231217 0.00384987 246 13.4683
0.234628 0.00376501 288 13.1715
0.237806 0.00369649 156 12.9317
0.239714 0.00362921 216 12.6964
0.242607 0.00356326 264 12.4657
0.245954 0.00351349 264 12.2915
0.248695 0.0034491 192 12.0663
0.252641 0.00338496 318 11.8419
0.255182 0.00333803 248 11.6777
0.257969 0.00328642 336 11.4971
0.260901 0.00320343 264 11.2068
0.263594 0.00315276 120 11.0296
0.266618 0.00307913 420 10.772
0.269843 0.0029971 264 10.485
0.273272 0.00290281 366 10.1551
0.275985 0.00284659 336 9.95847
0.280415 0.00273563 456 9.57029
0.283902 0.00265929 384 9.30322
0.287082 0.00259916 432 9.09287
0.291553 0.00250671 296 8.76943
0.29372 0.00246438 390 8.62134
0.297469 0.00240986 444 8.43062
0.301416 0.0023631 600 8.26704
0.304904 0.00230078 408 8.04902
0.308899 0.00225862 408 7.90152
0.311881 0.00222162 384 7.77208
0.316099 0.00216736 774 7.58227
0.320152 0.00212551 432 7.43585
0.323319 0.0020784 456 7.27103
0.327249 0.0020448 620 7.15351
0.331125 0.00198783 600 6.95419
0.335425 0.00192209 582 6.72422
0.339086 0.00188837 576 6.60623
0.342966 0.00184214 768 6.44452
0.347538 0.00178379 744 6.24037
0.352007 0.00173824 648 6.08103
0.356145 0.00168922 666 5.90954
0.360285 0.00165523 960 5.79063
0.365066 0.00161781 752 5.65971
0.368573 0.00158869 552 5.55786
0.372864 0.00154103 984 5.3911
0.378105 0.00150195 1062 5.2544
0.382338 0.00148871 648 5.20809
0.386795 0.00144869 1140 5.06808
0.391574 0.00140628 864 4.91972
0.396297 0.00137485 1062 4.80974
0.401127 0.00134392 968 4.70154
0.405513 0.00130996 1248 4.58273
0.410547 0.00126573 864 4.428
0.41537 0.00123797 1404 4.3309
0.420644 0.00120473 1086 4.2146
0.425289 0.00118878 1272 4.15882
0.430681 0.00114628 1392 4.01013
0.436011 0.00112307 1376 3.92892
0.440941 0.00109848 1110 3.84291
0.446174 0.00107297 1740 3.75366
0.45185 0.00105273 1584 3.68284
0.457529 0.00101458 1368 3.54941
0.462665 0.000996086 1662 3.48469
0.467842 0.000974594 1536 3.4095
0.473473 0.000942386 1820 3.29683
0.479577 0.000919971 1902 3.21841
0.485197 0.000895848 1704 3.13402
0.490809 0.000876086 2040 3.06488
0.497084 0.000854912 2088 2.99081
0.503027 0.000836222 1842 2.92543
0.508843 0.000822771 2456 2.87837
0.51514 0.000789601 1968 2.76233
0.521205 0.000777488 2382 2.71995
0.527271 0.000759521 2352 2.6571
0.533802 0.000739818 2604 2.58817
0.539882 0.000720902 2280 2.52199
0.546709 0.000700837 2990 2.4518
0.553468 0.000684291 2880 2.39391
0.559954 0.000661187 2508 2.31309
0.566543 0.000656731 3126 2.2975
0.573496 0.000632453 3216 2.21257
0.580523 0.000611222 3032 2.13829
0.587241 0.000596656 3294 2.08733
0.594316 0.000593794 3540 2.07732
0.601466 0.000571842 3408 2.00052
0.609018 0.000558966 4014 1.95548
0.61634 0.000542477 3728 1.8978
0.623417 0.000534383 3588 1.86948
0.630695 0.000521783 4230 1.8254
0.638291 0.00050464 4176 1.76542
0.645683 0.000491384 4158 1.71905
0.653416 0.000484534 4652 1.69509
0.660988 0.00046865 4584 1.63952
0.669506 0.000459448 5454 1.60733
0.677708 0.000450254 4884 1.57516
0.685505 0.000434745 5000 1.52091
0.694 0.000426715 5934 1.49281
0.702333 0.000416658 5376 1.45763
0.710789 0.000408651 5898 1.42962
0.719251 0.000394594 6216 1.38044
0.727942 0.000389892 6104 1.36399
0.736661 0.000377972 6618 1.32229
0.745211 0.00036846 6480 1.28902
0.754127 0.000361168 6918 1.2635
0.762976 0.000352143 7304 1.23193
0.772239 0.000342975 7338 1.19986
0.781657 0.000335457 8376 1.17356
0.791082 0.000333188 7590 1.16562
0.800591 0.00032255 8780 1.1284
0.810283 0.000316728 8496 1.10804
0.820075 0.000311944 9294 1.0913
0.829801 0.000302773 8828 1.05922
0.839624 0.000293649 9846 1.0273
0.849851 0.000287895 10248 1.00717
0.860395 0.000281446 10626 0.984607
0.870624 0.000277581 10520 0.971086
0.880856 0.000273002 10902 0.955067
0.8914 0.00027217 11796 0.952155
0.902254 0.000261954 11894 0.916416
0.912774 0.000257764 12060 0.901757
0.923682 0.000252755 12942 0.884235
0.934704 0.000246708 13224 0.863079
0.946056 0.000241172 14042 0.843712
0.957461 0.000238696 14400 0.835052
0.969088 0.000233433 15054 0.81664
0.980756 0.000232255 15194 0.812516
0.992313 0.000229497 15768 0.80287
1.00427 0.000223687 16626 0.782544
1.0163 0.000219194 17168 0.766825
1.02842 0.000219133 17334 0.76661
1.04065 0.000211258 18564 0.73906
1.05325 0.000210501 19214 0.736415
1.06615 0.00020715 20298 0.724691
1.07882 0.000205876 19800 0.720232
1.09171 0.000203008 21434 0.710199
1.10469 0.000198325 21630 0.693818
1.1179 0.000197679 22976 0.691558
1.13133 0.000197185 23370 0.689828
1.14472 0.000195861 24240 0.685197
1.15877 0.000192961 26642 0.675053
1.17281 0.000193013 25518 0.675233
1.18671 0.000188416 27498 0.65915
1.20092 0.000193208 27944 0.675915
1.21541 0.000188576 29778 0.659713
1.23005 0.000186553 30158 0.652634
1.24487 0.000187935 32076 0.657469
1.25995 0.000186371 32430 0.651999
1.27496 0.000184534 33602 0.64557
1.29008 0.000185506 34584 0.648972
1.30561 0.000184317 36842 0.644811
1.32148 0.000185035 38070 0.647322
1.33731 0.000187657 38402 0.656495
1.35304 0.000186788 39600 0.653457
1.36931 0.000185575 42786 0.649213
1.38597 0.000187567 43754 0.656183
1.40251 0.000186488 44190 0.652407
1.41927 0.000186511 47042 0.652488
1.43629 0.000189293 48000 0.66222
1.45349 0.000191803 50210 0.671001
1.47092 0.000190272 51678 0.665646
1.48857 0.000193292 54050 0.676211
1.50651 0.000196466 56010 0.687312
1.5246 0.000195657 57782 0.684484
1.54296 0.00019942 60306 0.697648
1.5614 0.000201177 61244 0.703793
1.57996 0.000203424 64086 0.711657
1.59904 0.000206499 67706 0.722414
1.61841 0.000210352 69486 0.735892
1.63786 0.000213069 71426 0.745396
1.65727 0.000216266 72882 0.756581
1.67716 0.000218855 78230 0.765638
1.69752 0.00022407 80378 0.783884
1.71789 0.000226461 82242 0.792246
1.73855 0.000229609 86546 0.803259
1.75938 0.000236873 87750 0.828675
1.78034 0.000241408 91922 0.844537
1.80163 0.000245124 94890 0.857538
1.82321 0.000251663 99062 0.880415
1.84528 0.000257236 103898 0.899909
1.86742 0.000262334 105090 0.917746
1.88971 0.000270949 109874 0.947883
1.91235 0.000274531 114110 0.960414
1.93516 0.000282899 116850 0.98969
1.95828 0.000289115 122672 1.01144
1.98195 0.000298115 128874 1.04292
2.00592 0.000306629 131714 1.07271
2.02983 0.000313288 134822 1.096
2.05418 0.000321673 142866 1.12534
2.07887 0.000331693 145514 1.16039
2.10372 0.000339339 151880 1.18714
2.12915 0.000348486 159746 1.21914
2.15486 0.000360874 162858 1.26248
2.18054 0.000367955 167474 1.28725
2.20649 0.00038231 174110 1.33747
2.23302 0.000392529 183336 1.37322
2.25999 0.000410656 189146 1.43663
2.28711 0.000419713 194354 1.46832
2.31452 0.00043213 202496 1.51176
2.3423 0.000447707 209754 1.56625
2.37031 0.000465005 215618 1.62677
2.39862 0.000480254 224600 1.68012
2.42748 0.000493993 235370 1.72818
2.45668 0.000514101 240794 1.79852
2.48608 0.000530378 250560 1.85547
2.5159 0.000552364 259874 1.93238
2.54615 0.000573115 270224 2.00498
2.57673 0.00059469 278570 2.08045
2.60767 0.000618162 290216 2.16257
2.63893 0.000643032 298370 2.24957
2.67053 0.000669663 310928 2.34274
2.70255 0.000700412 321522 2.45031
2.73501 0.000728421 334640 2.5483
2.76784 0.000764886 345302 2.67587
2.80103 0.000800016 358736 2.79876
2.83468 0.000836145 372320 2.92516
2.86869 0.000875284 384386 3.06208
2.90306 0.0009207 398576 3.22096
2.93788 0.000966709 414032 3.38192
2.97314 0.00102271 428570 3.57784
3.00878 0.00107409 443420 3.75759
3.04485 0.00112677 460880 3.94186
3.08141 0.00118688 477608 4.15215
3.11839 0.00125801 494666 4.40101
3.15587 0.00132865 514172 4.64815
3.19377 0.00140549 531200 4.91695
3.23206 0.00148323 549944 5.18892
3.27078 0.00157319 569924 5.50361
3.31006 0.00165994 593642 5.80711
3.34977 0.00176527 610856 6.17559
3.38996 0.00186715 637756 6.532
3.43072 0.00198217 659240 6.93438
3.47187 0.00210582 681752 7.36698
3.51352 0.0022414 708404 7.84129
3.55566 0.0023894 731720 8.35905
3.59831 0.00254014 761324 8.88639
3.64146 0.00272046 785624 9.51721
3.68509 0.00290054 815932 10.1472
3.72935 0.00310986 848150 10.8795
3.77412 0.00332671 875876 11.6381
3.81939 0.00357894 909872 12.5205
3.86521 0.00384084 940708 13.4367
3.91154 0.0041449 975368 14.5004
3.95847 0.00448383 1012826 15.6862
4.00597 0.00485854 1047892 16.9971
4.05405 0.0052649 1088600 18.4187
4.10276 0.00571211 1127762 19.9832
4.15198 0.00623713 1166140 21.8199
4.20175 0.00682008 1209440 23.8593
4.25218 0.00749237 1255802 26.2112
4.30322 0.00825595 1298860 28.8825
4.35482 0.00909147 1347110 31.8055
4.40705 0.0100743 1395124 35.2436
4.45993 0.0112276 1448666 39.2784
4.51349 0.0125016 1501036 43.7355
4.56763 0.0139992 1552442 48.9746
4.6224 0.0156502 1611310 54.7505
4.67785 0.0176767 1669244 61.84
4.73396 0.0198898 1729786 69.5823
4.79079 0.022456 1796522 78.5596
4.84827 0.0256188 1856476 89.6244
4.90642 0.0293079 1928050 102.53
4.96533 0.0334593 1998290 117.054
5.02487 0.0387125 2065786 135.431
5.0851 0.0447658 2145058 156.608
5.14613 0.0523498 2224298 183.14
5.20788 0.06164 2303434 215.64
5.27036 0.07271 2388202 254.368
5.33364 111.333 2478599 389487
5.39744 0.0881589 2508700 308.414
5.46211 0.0870322 2510380 304.472
5.52769 0.0872298 2512288 305.163
5.59404 0.0890722 2497276 311.609
5.66113 0.0916446 2490536 320.608
5.72904 0.0952724 2476432 333.3
5.79779 0.0993676 2464036 347.626
5.86736 0.10458 2441572 365.862
5.93771 0.110755 2420164 387.464
6.00892 0.117478 2394628 410.982
6.08102 0.125173 2368624 437.902
6.15399 0.133953 2332204 468.62
6.2278 0.143933 2296528 503.532
6.30252 0.156125 2255452 546.184
6.37813 0.168895 2208364 590.86
6.45461 0.183819 2156872 643.071
6.53204 0.201457 2104512 704.774
6.6104 0.222176 2039548 777.257
6.68969 0.246084 1976956 860.896
6.76993 0.273592 1900768 957.13
6.85111 0.306932 1825120 1073.77
6.93325 0.343801 1737192 1202.75
7.01639 0.387676 1649440 1356.24
7.10058 0.436207 1549012 1526.02
7.18569 0.491902 1441740 1720.86
7.27174 0.551103 1326940 1927.97
7.35886 0.615741 1207764 2154.1
7.44702 0.680543 1075156 2380.8
7.53611 0.737524 935664 2580.14
7.62659 1593.22 801523 5.57371e+06
7.71818 0.841413 692322 2943.58
7.81076 0.948184 599362 3317.11
7.90447 1.08633 516300 3800.41
7.99927 1.25037 441076 4374.27
8.09511 1.46694 372798 5131.92
8.19203 1.73948 311442 6085.35
8.2901 2.09723 255850 7336.92
8.3894 2.5244 206196 8831.32
8.49004 3.09385 161820 10823.5
8.59152 3.85036 121362 13470
8.69409 4.76909 88608 16684.1
8.79786 5.972 59292 20892.3
8.90093 7.42615 35826 25979.5
9.00404 9.52756 19252 33331.1
9.10719 13.7711 7314 48176.6
9.20136 43.296 1158 151466
9.28665 1.99611e+09 1 6.98317e+12
