# in Mpc/h Units 
# D1 = 0.0427038 
# k P N P(z=0)
0.020944 0.454761 6 249.373
0.0296192 0.36964 12 202.696
0.036276 0.305741 8 167.656
0.0418879 0.261349 6 143.313
0.0468321 0.235414 24 129.092
0.051302 0.218398 24 119.761
0.0592384 0.19635 12 107.671
0.0628319 0.18932 30 103.816
0.0662306 0.182098 24 99.8553
0.0694632 0.174277 24 95.5666
0.072552 0.16679 8 91.4611
0.0755145 0.159132 24 87.2615
0.0783651 0.150608 48 82.5875
0.0837758 0.135342 6 74.2161
0.0863541 0.127631 48 69.9878
0.0888577 0.120894 36 66.2938
0.0912926 0.114524 24 62.8007
0.0936642 0.109222 24 59.8933
0.0959772 0.104167 48 57.1208
0.0982358 0.099529 24 54.5778
0.102604 0.0920968 24 50.5023
0.10472 0.0882911 30 48.4154
0.106794 0.0868412 72 47.6203
0.108828 0.0852299 32 46.7367
0.112787 0.081688 72 44.7945
0.114715 0.0801514 48 43.9519
0.118477 0.0785362 12 43.0662
0.120314 0.0773452 48 42.4131
0.122123 0.0762363 48 41.805
0.123906 0.0751433 48 41.2056
0.125664 0.0739297 30 40.5401
0.127397 0.0734214 24 40.2614
0.129107 0.0718835 72 39.4181
0.132461 0.0696146 24 38.1739
0.134107 0.068321 96 37.4646
0.135732 0.0670648 48 36.7757
0.137339 0.0658739 24 36.1227
0.138926 0.0645795 24 35.4129
0.140496 0.0628583 72 34.469
0.142049 0.061291 48 33.6096
0.145104 0.0591793 8 32.4516
0.146608 0.0580329 54 31.823
0.148632 0.0556408 132 30.5112
0.151029 0.0535531 24 29.3664
0.152474 0.0522453 72 28.6493
0.153906 0.051368 96 28.1682
0.15673 0.0490804 48 26.9138
0.158123 0.0481012 48 26.3768
0.160531 0.0465906 96 25.5485
0.163577 0.0449965 72 24.6743
0.164913 0.0441203 96 24.1938
0.167552 0.0425436 6 23.3292
0.169502 0.0423808 192 23.24
0.172283 0.0414381 72 22.723
0.173974 0.0408756 96 22.4146
0.17523 0.0404765 48 22.1957
0.178418 0.0395225 84 21.6726
0.180167 0.039042 120 21.4091
0.181741 0.0389167 80 21.3404
0.184179 0.0381058 144 20.8957
0.187328 0.0375571 24 20.5949
0.188867 0.0370907 150 20.3391
0.191267 0.0364731 120 20.0004
0.193903 0.0357323 168 19.5942
0.196472 0.0351725 24 19.2872
0.198088 0.0346133 264 18.9806
0.199793 0.0338023 48 18.5359
0.202698 0.0330731 144 18.136
0.205919 0.0320891 72 17.5964
0.207757 0.031425 180 17.2322
0.21056 0.0302945 246 16.6123
0.213587 0.0292364 72 16.0321
0.215528 0.0288633 240 15.8275
0.218352 0.0277464 104 15.215
0.219662 0.0274513 144 15.0532
0.223423 0.0262112 240 14.3732
0.22618 0.025715 192 14.1011
0.228278 0.0252568 120 13.8499
0.231217 0.0244718 246 13.4194
0.234628 0.0239868 288 13.1534
0.237806 0.0235371 156 12.9068
0.239714 0.0231818 216 12.712
0.242607 0.0227686 264 12.4854
0.245954 0.0223575 264 12.26
0.248695 0.021935 192 12.0283
0.252641 0.0215037 318 11.7918
0.255182 0.0212196 248 11.636
0.257969 0.0208979 336 11.4596
0.260901 0.0203505 264 11.1594
0.263594 0.0200996 120 11.0218
0.266618 0.0196039 420 10.75
0.269843 0.0190549 264 10.4489
0.273272 0.0185231 366 10.1573
0.275985 0.0182057 336 9.98331
0.280415 0.0174952 456 9.59369
0.283902 0.0169065 384 9.27086
0.287082 0.0165588 432 9.08021
0.291553 0.0159342 296 8.73768
0.29372 0.0157607 390 8.64257
0.297469 0.0153518 444 8.41831
0.301416 0.0150293 600 8.24147
0.304904 0.0146733 408 8.04624
0.308899 0.0143553 408 7.87191
0.311881 0.0141521 384 7.76044
0.316099 0.0137994 774 7.56703
0.320152 0.0134869 432 7.39569
0.323319 0.0132507 456 7.26618
0.327249 0.0130012 620 7.12933
0.331125 0.0126095 600 6.91457
0.335425 0.0122342 582 6.70876
0.339086 0.0120094 576 6.58548
0.342966 0.0117285 768 6.43146
0.347538 0.0113866 744 6.24395
0.352007 0.0110832 648 6.07757
0.356145 0.0106766 666 5.85461
0.360285 0.0104941 960 5.75456
0.365066 0.010243 752 5.61683
0.368573 0.0101129 552 5.5455
0.372864 0.00982184 984 5.38591
0.378105 0.00956277 1062 5.24385
0.382338 0.0094406 648 5.17685
0.386795 0.00917939 1140 5.03362
0.391574 0.00893057 864 4.89717
0.396297 0.00868392 1062 4.76192
0.401127 0.00852807 968 4.67646
0.405513 0.00824348 1248 4.5204
0.410547 0.00806684 864 4.42354
0.41537 0.00785299 1404 4.30627
0.420644 0.00765923 1086 4.20002
0.425289 0.00752006 1272 4.12371
0.430681 0.00726342 1392 3.98297
0.436011 0.00712904 1376 3.90929
0.440941 0.00695652 1110 3.81468
0.446174 0.00678788 1740 3.72221
0.45185 0.00663652 1584 3.63921
0.457529 0.00641368 1368 3.51701
0.462665 0.00630627 1662 3.45811
0.467842 0.00616117 1536 3.37854
0.473473 0.0059742 1820 3.27602
0.479577 0.00581366 1902 3.18798
0.485197 0.00564005 1704 3.09278
0.490809 0.00552073 2040 3.02735
0.497084 0.00536196 2088 2.94029
0.503027 0.005247 1842 2.87725
0.508843 0.00513318 2456 2.81484
0.51514 0.00498592 1968 2.73408
0.521205 0.00489805 2382 2.6859
0.527271 0.00476936 2352 2.61533
0.533802 0.00462058 2604 2.53374
0.539882 0.00451593 2280 2.47636
0.546709 0.00439306 2990 2.40898
0.553468 0.00428067 2880 2.34735
0.559954 0.00416527 2508 2.28407
0.566543 0.00408833 3126 2.24188
0.573496 0.00396373 3216 2.17355
0.580523 0.00383591 3032 2.10346
0.587241 0.00374756 3294 2.05501
0.594316 0.00370316 3540 2.03067
0.601466 0.00355967 3408 1.95198
0.609018 0.0034971 4014 1.91767
0.61634 0.00338586 3728 1.85667
0.623417 0.0033202 3588 1.82067
0.630695 0.00323307 4230 1.77289
0.638291 0.00311152 4176 1.70624
0.645683 0.00304855 4158 1.67171
0.653416 0.00297817 4652 1.63311
0.660988 0.00290785 4584 1.59455
0.669506 0.00283136 5454 1.55261
0.677708 0.00275993 4884 1.51344
0.685505 0.00268465 5000 1.47215
0.694 0.00261547 5934 1.43422
0.702333 0.00254353 5376 1.39477
0.710789 0.002496 5898 1.36871
0.719251 0.0024206 6216 1.32736
0.727942 0.0023784 6104 1.30422
0.736661 0.00229997 6618 1.26121
0.745211 0.00225168 6480 1.23474
0.754127 0.00219986 6918 1.20632
0.762976 0.00214804 7304 1.1779
0.772239 0.00207565 7338 1.1382
0.781657 0.00203228 8376 1.11442
0.791082 0.00200146 7590 1.09752
0.800591 0.00194003 8780 1.06384
0.810283 0.00189876 8496 1.0412
0.820075 0.00185242 9294 1.01579
0.829801 0.00179865 8828 0.98631
0.839624 0.00175992 9846 0.965069
0.849851 0.00170209 10248 0.933359
0.860395 0.00166704 10626 0.914137
0.870624 0.00162126 10520 0.889036
0.880856 0.00161458 10902 0.885372
0.8914 0.00157714 11796 0.86484
0.902254 0.00151621 11894 0.831428
0.912774 0.00150492 12060 0.825237
0.923682 0.00145645 12942 0.798662
0.934704 0.0014139 13224 0.775328
0.946056 0.00138651 14042 0.760307
0.957461 0.00136412 14400 0.74803
0.969088 0.00133012 15054 0.729384
0.980756 0.00131061 15194 0.718685
0.992313 0.00128067 15768 0.70227
1.00427 0.00125299 16626 0.687091
1.0163 0.00122616 17168 0.672376
1.02842 0.00120843 17334 0.662657
1.04065 0.00118276 18564 0.648579
1.05325 0.00116346 19214 0.637993
1.06615 0.0011371 20298 0.623539
1.07882 0.00111979 19800 0.61405
1.09171 0.00109086 21434 0.598187
1.10469 0.00107647 21630 0.590293
1.1179 0.00106316 22976 0.582995
1.13133 0.00105151 23370 0.576605
1.14472 0.00104373 24240 0.572341
1.15877 0.00101886 26642 0.558703
1.17281 0.00100245 25518 0.549704
1.18671 0.000979592 27498 0.53717
1.20092 0.000985844 27944 0.540598
1.21541 0.000954156 29778 0.523222
1.23005 0.000954681 30158 0.523509
1.24487 0.000945109 32076 0.518261
1.25995 0.000936375 32430 0.513471
1.27496 0.000939674 33602 0.51528
1.29008 0.00093215 34584 0.511154
1.30561 0.000908363 36842 0.498111
1.32148 0.000913747 38070 0.501063
1.33731 0.000915324 38402 0.501928
1.35304 0.000912202 39600 0.500216
1.36931 0.000908096 42786 0.497964
1.38597 0.000908424 43754 0.498144
1.40251 0.000904464 44190 0.495973
1.41927 0.00090518 47042 0.496365
1.43629 0.000913717 48000 0.501047
1.45349 0.000911043 50210 0.49958
1.47092 0.000911917 51678 0.50006
1.48857 0.000918485 54050 0.503661
1.50651 0.000929538 56010 0.509722
1.5246 0.000938423 57782 0.514595
1.54296 0.000938089 60306 0.514411
1.5614 0.000964244 61244 0.528754
1.57996 0.000962359 64086 0.52772
1.59904 0.000996556 67706 0.546472
1.61841 0.00100293 69486 0.549968
1.63786 0.00102168 71426 0.560249
1.65727 0.00103716 72882 0.568738
1.67716 0.00105375 78230 0.577834
1.69752 0.00108139 80378 0.592994
1.71789 0.00109931 82242 0.602821
1.73855 0.00112199 86546 0.615258
1.75938 0.00116402 87750 0.638303
1.78034 0.00118384 91922 0.64917
1.80163 0.00122845 94890 0.673634
1.82321 0.00126008 99062 0.69098
1.84528 0.00129108 103898 0.707978
1.86742 0.00132879 105090 0.728658
1.88971 0.00136406 109874 0.747997
1.91235 0.0014126 114110 0.774613
1.93516 0.00146138 116850 0.801364
1.95828 0.00150564 122672 0.825632
1.98195 0.00155212 128874 0.851124
2.00592 0.00162159 131714 0.889215
2.02983 0.00167414 134822 0.918035
2.05418 0.00172599 142866 0.946467
2.07887 0.00180406 145514 0.989277
2.10372 0.00186982 151880 1.02533
2.12915 0.00193545 159746 1.06133
2.15486 0.00201336 162858 1.10405
2.18054 0.00209571 167474 1.14921
2.20649 0.00217174 174110 1.1909
2.23302 0.00227485 183336 1.24744
2.25999 0.00234753 189146 1.2873
2.28711 0.00245474 194354 1.34608
2.31452 0.00256467 202496 1.40637
2.3423 0.00266827 209754 1.46318
2.37031 0.0028053 215618 1.53832
2.39862 0.00293458 224600 1.60921
2.42748 0.00305122 235370 1.67317
2.45668 0.00317754 240794 1.74244
2.48608 0.00331864 250560 1.81981
2.5159 0.00346481 259874 1.89997
2.54615 0.00364597 270224 1.99931
2.57673 0.00380507 278570 2.08655
2.60767 0.00398083 290216 2.18293
2.63893 0.00417314 298370 2.28839
2.67053 0.00436066 310928 2.39121
2.70255 0.0045772 321522 2.50996
2.73501 0.00477334 334640 2.61751
2.76784 0.00500889 345302 2.74668
2.80103 0.00527217 358736 2.89105
2.83468 0.00549816 372320 3.01497
2.86869 0.00576163 384386 3.15945
2.90306 0.00603373 398576 3.30866
2.93788 0.00632711 414032 3.46954
2.97314 0.00662614 428570 3.63352
3.00878 0.00695788 443420 3.81543
3.04485 0.00730509 460880 4.00583
3.08141 0.00766185 477608 4.20146
3.11839 0.00805063 494666 4.41465
3.15587 0.0084215 514172 4.61802
3.19377 0.00884307 531200 4.84919
3.23206 0.00929429 549944 5.09662
3.27078 0.0097278 569924 5.33434
3.31006 0.0102249 593642 5.60693
3.34977 0.0107121 610856 5.87412
3.38996 0.0112925 637756 6.19238
3.43072 0.0118253 659240 6.48455
3.47187 0.0124078 681752 6.80397
3.51352 0.0131044 708404 7.18596
3.55566 0.0137028 731720 7.5141
3.59831 0.0144125 761324 7.90323
3.64146 0.0151835 785624 8.32601
3.68509 0.0159233 815932 8.7317
3.72935 0.0167414 848150 9.1803
3.77412 0.0176707 875876 9.68991
3.81939 0.0185618 909872 10.1786
3.86521 0.0195424 940708 10.7163
3.91154 0.0206598 975368 11.329
3.95847 0.021825 1012826 11.968
4.00597 0.0229708 1047892 12.5963
4.05405 0.0243412 1088600 13.3478
4.10276 0.0256669 1127762 14.0747
4.15198 0.0272635 1166140 14.9503
4.20175 0.0287778 1209440 15.7806
4.25218 0.0306818 1255802 16.8247
4.30322 0.0325866 1298860 17.8692
4.35482 0.0347879 1347110 19.0763
4.40705 0.0371818 1395124 20.389
4.45993 0.0396324 1448666 21.7329
4.51349 0.0425177 1501036 23.3151
4.56763 0.0457369 1552442 25.0803
4.6224 0.0492027 1611310 26.9808
4.67785 0.0531386 1669244 29.1391
4.73396 0.0574985 1729786 31.5299
4.79079 0.0622808 1796522 34.1523
4.84827 0.0678991 1856476 37.2332
4.90642 0.074334 1928050 40.7619
4.96533 0.0810451 1998290 44.442
5.02487 0.0892296 2065786 48.93
5.0851 0.0980867 2145058 53.7869
5.14613 0.108721 2224298 59.6182
5.20788 0.122363 2303434 67.0988
5.27036 0.139004 2388202 76.2245
5.33364 121.375 2478599 66557.5
5.39744 0.139298 2508700 76.3857
5.46211 0.139678 2510380 76.5941
5.52769 0.141972 2512288 77.8517
5.59404 0.145827 2497276 79.9659
5.66113 0.150512 2490536 82.535
5.72904 0.156531 2476432 85.8355
5.79779 0.163001 2464036 89.3835
5.86736 0.170876 2441572 93.7018
5.93771 0.179547 2420164 98.4568
6.00892 0.189876 2394628 104.12
6.08102 0.200561 2368624 109.98
6.15399 0.213587 2332204 117.123
6.2278 0.227393 2296528 124.693
6.30252 0.244236 2255452 133.929
6.37813 0.26206 2208364 143.703
6.45461 0.283029 2156872 155.202
6.53204 0.307125 2104512 168.415
6.6104 0.334568 2039548 183.464
6.68969 0.367519 1976956 201.533
6.76993 0.403578 1900768 221.306
6.85111 0.446118 1825120 244.634
6.93325 0.493125 1737192 270.41
7.01639 0.548321 1649440 300.678
7.10058 0.606879 1549012 332.789
7.18569 0.6785 1441740 372.063
7.27174 0.754764 1326940 413.883
7.35886 0.868738 1207764 476.382
7.44702 1.09165 1075156 598.619
7.53611 1.50709 935664 826.428
7.62659 1624.48 801523 890801
7.71818 1.04894 692322 575.199
7.81076 1.1818 599362 648.055
7.90447 1.34396 516300 736.976
7.99927 1.54258 441076 845.888
8.09511 1.78184 372798 977.089
8.19203 2.09529 311442 1148.98
8.2901 2.4736 255850 1356.42
8.3894 2.95288 206196 1619.24
8.49004 3.58157 161820 1963.99
8.59152 4.36202 121362 2391.96
8.69409 5.404 88608 2963.34
8.79786 6.89974 59292 3783.55
8.90093 9.70065 35826 5319.45
9.00404 19.5823 19252 10738.2
9.10719 90.4642 7314 49607
9.20136 1283.94 1158 704064
9.28665 1.90135e+09 1 1.04262e+12
