# in Mpc/h Units 
# D1 = 0.0142593 
# k P N P(z=0)
0.020944 0.0499944 6 245.882
0.0296192 0.0410402 12 201.844
0.036276 0.0339239 8 166.844
0.0418879 0.0291962 6 143.592
0.0468321 0.0261852 24 128.784
0.051302 0.0242558 24 119.295
0.0592384 0.0219055 12 107.735
0.0628319 0.0210719 30 103.636
0.0662306 0.0202685 24 99.6844
0.0694632 0.0194414 24 95.6167
0.072552 0.0185792 8 91.3759
0.0755145 0.017713 24 87.1157
0.0783651 0.0167951 48 82.6015
0.0837758 0.0150633 6 74.0841
0.0863541 0.014208 48 69.8775
0.0888577 0.0134506 36 66.1528
0.0912926 0.0127458 24 62.6865
0.0936642 0.0121156 24 59.5866
0.0959772 0.0115593 48 56.851
0.0982358 0.0110579 24 54.3848
0.102604 0.0102473 24 50.3984
0.10472 0.00992027 30 48.7898
0.106794 0.00967122 72 47.5649
0.108828 0.00946461 32 46.5488
0.112787 0.00909411 72 44.7266
0.114715 0.00893328 48 43.9356
0.118477 0.00871159 12 42.8453
0.120314 0.00860694 48 42.3306
0.122123 0.00848478 48 41.7298
0.123906 0.0083747 48 41.1884
0.125664 0.00826057 30 40.627
0.127397 0.00816663 24 40.165
0.129107 0.00802985 72 39.4923
0.132461 0.00776068 24 38.1685
0.134107 0.0076308 96 37.5297
0.135732 0.00748434 48 36.8094
0.137339 0.00734891 24 36.1434
0.138926 0.00718849 24 35.3544
0.140496 0.00703617 72 34.6052
0.142049 0.00687029 48 33.7894
0.145104 0.00659553 8 32.4381
0.146608 0.00642229 54 31.586
0.148632 0.00620928 132 30.5384
0.151029 0.00598386 24 29.4298
0.152474 0.00583339 72 28.6897
0.153906 0.00571197 96 28.0926
0.15673 0.00547043 48 26.9046
0.158123 0.00536316 48 26.377
0.160531 0.00519021 96 25.5264
0.163577 0.00499023 72 24.5429
0.164913 0.00490934 96 24.1451
0.167552 0.00480532 6 23.6335
0.169502 0.00470684 192 23.1491
0.172283 0.00460143 72 22.6307
0.173974 0.00454592 96 22.3577
0.17523 0.00450821 48 22.1722
0.178418 0.00441134 84 21.6958
0.180167 0.00436673 120 21.4764
0.181741 0.00433192 80 21.3052
0.184179 0.00426285 144 20.9655
0.187328 0.00417962 24 20.5562
0.188867 0.00415065 150 20.4137
0.191267 0.00407887 120 20.0607
0.193903 0.00400092 168 19.6773
0.196472 0.00392736 24 19.3155
0.198088 0.00386402 264 19.004
0.199793 0.0037831 48 18.606
0.202698 0.00368821 144 18.1393
0.205919 0.00356472 72 17.532
0.207757 0.00350214 180 17.2242
0.21056 0.00338117 246 16.6292
0.213587 0.00326174 72 16.0419
0.215528 0.00320976 240 15.7862
0.218352 0.00309268 104 15.2104
0.219662 0.00306769 144 15.0875
0.223423 0.00293942 240 14.4566
0.22618 0.00285644 192 14.0485
0.228278 0.00281207 120 13.8303
0.231217 0.00273632 246 13.4578
0.234628 0.00267718 288 13.1669
0.237806 0.00262791 156 12.9246
0.239714 0.00257953 216 12.6866
0.242607 0.00252993 264 12.4427
0.245954 0.00249802 264 12.2858
0.248695 0.00245207 192 12.0597
0.252641 0.0024073 318 11.8395
0.255182 0.00237473 248 11.6794
0.257969 0.00233759 336 11.4967
0.260901 0.00227776 264 11.2025
0.263594 0.00224163 120 11.0248
0.266618 0.00218886 420 10.7652
0.269843 0.00213046 264 10.478
0.273272 0.00206261 366 10.1443
0.275985 0.00202393 336 9.95408
0.280415 0.00194308 456 9.55642
0.283902 0.00189079 384 9.29928
0.287082 0.00184771 432 9.08737
0.291553 0.00178182 296 8.76331
0.29372 0.0017503 390 8.60833
0.297469 0.00171194 444 8.41964
0.301416 0.00168127 600 8.26883
0.304904 0.00163447 408 8.03862
0.308899 0.00160636 408 7.90037
0.311881 0.00157985 384 7.77003
0.316099 0.00154071 774 7.57748
0.320152 0.00151162 432 7.43446
0.323319 0.00147792 456 7.26869
0.327249 0.00145449 620 7.15344
0.331125 0.00141277 600 6.94827
0.335425 0.00136564 582 6.71647
0.339086 0.0013431 576 6.60562
0.342966 0.00130978 768 6.44177
0.347538 0.00126695 744 6.2311
0.352007 0.00123555 648 6.07666
0.356145 0.00120168 666 5.91009
0.360285 0.00117779 960 5.7926
0.365066 0.0011521 752 5.66625
0.368573 0.00113031 552 5.55907
0.372864 0.00109526 984 5.38671
0.378105 0.00106765 1062 5.25091
0.382338 0.00106089 648 5.21765
0.386795 0.00103131 1140 5.07216
0.391574 0.00100114 864 4.92382
0.396297 0.000978916 1062 4.8145
0.401127 0.000956711 968 4.70529
0.405513 0.000932891 1248 4.58814
0.410547 0.000899277 864 4.42282
0.41537 0.000881149 1404 4.33366
0.420644 0.000857345 1086 4.21659
0.425289 0.000847045 1272 4.16593
0.430681 0.000815831 1392 4.01241
0.436011 0.000799727 1376 3.93321
0.440941 0.000782742 1110 3.84968
0.446174 0.000764529 1740 3.7601
0.45185 0.000751335 1584 3.69521
0.457529 0.000722694 1368 3.55435
0.462665 0.000710006 1662 3.49194
0.467842 0.000695747 1536 3.42182
0.473473 0.000671315 1820 3.30165
0.479577 0.000655794 1902 3.22532
0.485197 0.000639032 1704 3.14288
0.490809 0.000624796 2040 3.07287
0.497084 0.000610343 2088 3.00179
0.503027 0.000597304 1842 2.93765
0.508843 0.000588904 2456 2.89634
0.51514 0.000563828 1968 2.77301
0.521205 0.000556107 2382 2.73504
0.527271 0.000543336 2352 2.67223
0.533802 0.000529663 2604 2.60498
0.539882 0.000515557 2280 2.53561
0.546709 0.000501077 2990 2.46439
0.553468 0.000490246 2880 2.41113
0.559954 0.00047216 2508 2.32217
0.566543 0.000471392 3126 2.3184
0.573496 0.00045328 3216 2.22932
0.580523 0.000437555 3032 2.15198
0.587241 0.000427724 3294 2.10363
0.594316 0.000426721 3540 2.0987
0.601466 0.000410463 3408 2.01873
0.609018 0.000401604 4014 1.97516
0.61634 0.000389509 3728 1.91568
0.623417 0.000384169 3588 1.88941
0.630695 0.0003756 4230 1.84727
0.638291 0.000363586 4176 1.78818
0.645683 0.000353906 4158 1.74058
0.653416 0.000350091 4652 1.72181
0.660988 0.000338058 4584 1.66263
0.669506 0.000332066 5454 1.63317
0.677708 0.000325697 4884 1.60184
0.685505 0.000314232 5000 1.54545
0.694 0.000309338 5934 1.52138
0.702333 0.000302188 5376 1.48622
0.710789 0.000296504 5898 1.45826
0.719251 0.000286796 6216 1.41052
0.727942 0.000283584 6104 1.39472
0.736661 0.000275811 6618 1.35649
0.745211 0.000268732 6480 1.32167
0.754127 0.000263763 6918 1.29724
0.762976 0.000257289 7304 1.2654
0.772239 0.00025129 7338 1.23589
0.781657 0.000245771 8376 1.20875
0.791082 0.000245325 7590 1.20655
0.800591 0.000237633 8780 1.16872
0.810283 0.000233325 8496 1.14753
0.820075 0.000231077 9294 1.13648
0.829801 0.000224075 8828 1.10204
0.839624 0.000217694 9846 1.07066
0.849851 0.000214246 10248 1.0537
0.860395 0.000209737 10626 1.03153
0.870624 0.000207688 10520 1.02145
0.880856 0.000203917 10902 1.0029
0.8914 0.000204836 11796 1.00742
0.902254 0.000197312 11894 0.970419
0.912774 0.00019468 12060 0.957474
0.923682 0.000191382 12942 0.941251
0.934704 0.000187367 13224 0.921508
0.946056 0.000183681 14042 0.903379
0.957461 0.000181604 14400 0.893162
0.969088 0.000179336 15054 0.882009
0.980756 0.000178425 15194 0.877528
0.992313 0.000177199 15768 0.871499
1.00427 0.000172925 16626 0.850477
1.0163 0.00017006 17168 0.836386
1.02842 0.000171033 17334 0.841175
1.04065 0.000164914 18564 0.811081
1.05325 0.000165701 19214 0.814949
1.06615 0.000163538 20298 0.804309
1.07882 0.000163489 19800 0.80407
1.09171 0.000161889 21434 0.7962
1.10469 0.000158296 21630 0.778529
1.1179 0.000158735 22976 0.78069
1.13133 0.000159399 23370 0.783957
1.14472 0.00015888 24240 0.781402
1.15877 0.00015695 26642 0.771911
1.17281 0.000158281 25518 0.778456
1.18671 0.000154683 27498 0.76076
1.20092 0.000160073 27944 0.787268
1.21541 0.000156676 29778 0.770564
1.23005 0.000155665 30158 0.76559
1.24487 0.000157674 32076 0.775472
1.25995 0.000157134 32430 0.772817
1.27496 0.000156357 33602 0.768996
1.29008 0.000157939 34584 0.776774
1.30561 0.000157631 36842 0.775261
1.32148 0.000159117 38070 0.782565
1.33731 0.000162031 38402 0.796902
1.35304 0.000162371 39600 0.798573
1.36931 0.000161708 42786 0.79531
1.38597 0.000164501 43754 0.809045
1.40251 0.000164365 44190 0.808379
1.41927 0.000165158 47042 0.812278
1.43629 0.000168125 48000 0.826872
1.45349 0.000171198 50210 0.841984
1.47092 0.000170664 51678 0.839358
1.48857 0.000174659 54050 0.859007
1.50651 0.000178237 56010 0.876602
1.5246 0.000177967 57782 0.875275
1.54296 0.000182282 60306 0.896498
1.5614 0.00018428 61244 0.906324
1.57996 0.00018758 64086 0.922555
1.59904 0.000190974 67706 0.939245
1.61841 0.000194972 69486 0.958911
1.63786 0.000198561 71426 0.976561
1.65727 0.000201773 72882 0.992357
1.67716 0.000205022 78230 1.00834
1.69752 0.000210565 80378 1.0356
1.71789 0.000213478 82242 1.04992
1.73855 0.000216884 86546 1.06668
1.75938 0.000224201 87750 1.10266
1.78034 0.000229771 91922 1.13006
1.80163 0.000233379 94890 1.1478
1.82321 0.000239306 99062 1.17695
1.84528 0.000245571 103898 1.20776
1.86742 0.000251119 105090 1.23505
1.88971 0.000259866 109874 1.27807
1.91235 0.00026443 114110 1.30052
1.93516 0.00027227 116850 1.33908
1.95828 0.000278836 122672 1.37137
1.98195 0.000287401 128874 1.41349
2.00592 0.000296704 131714 1.45925
2.02983 0.000303572 134822 1.49303
2.05418 0.00031169 142866 1.53295
2.07887 0.000321365 145514 1.58053
2.10372 0.000328893 151880 1.61756
2.12915 0.00033839 159746 1.66426
2.15486 0.000350199 162858 1.72234
2.18054 0.00035767 167474 1.75909
2.20649 0.00037143 174110 1.82676
2.23302 0.000381809 183336 1.87781
2.25999 0.000399443 189146 1.96454
2.28711 0.000408367 194354 2.00843
2.31452 0.000420713 202496 2.06915
2.3423 0.000434553 209754 2.13721
2.37031 0.000451733 215618 2.22171
2.39862 0.000466872 224600 2.29617
2.42748 0.00047951 235370 2.35832
2.45668 0.000499828 240794 2.45825
2.48608 0.000513436 250560 2.52518
2.5159 0.000535431 259874 2.63335
2.54615 0.000555175 270224 2.73045
2.57673 0.000574981 278570 2.82787
2.60767 0.000598782 290216 2.94493
2.63893 0.00062167 298370 3.05749
2.67053 0.00064784 310928 3.1862
2.70255 0.000676197 321522 3.32567
2.73501 0.000702356 334640 3.45432
2.76784 0.000737072 345302 3.62506
2.80103 0.000770647 358736 3.79019
2.83468 0.000804978 372320 3.95903
2.86869 0.000842178 384386 4.14199
2.90306 0.000883724 398576 4.34633
2.93788 0.00092748 414032 4.56153
2.97314 0.000980386 428570 4.82172
3.00878 0.00103008 443420 5.06614
3.04485 0.0010786 460880 5.30476
3.08141 0.00113502 477608 5.58225
3.11839 0.00120171 494666 5.91023
3.15587 0.00126717 514172 6.23221
3.19377 0.001339 531200 6.58546
3.23206 0.00141242 549944 6.94655
3.27078 0.00149711 569924 7.36307
3.31006 0.00157626 593642 7.75233
3.34977 0.00167601 610856 8.24294
3.38996 0.00176909 637756 8.70072
3.43072 0.00187885 659240 9.24055
3.47187 0.00199293 681752 9.80161
3.51352 0.00211911 708404 10.4222
3.55566 0.00225825 731720 11.1065
3.59831 0.00239868 761324 11.7972
3.64146 0.00256509 785624 12.6156
3.68509 0.00273355 815932 13.4441
3.72935 0.00292973 848150 14.409
3.77412 0.00313018 875876 15.3948
3.81939 0.00336635 909872 16.5563
3.86521 0.00360722 940708 17.741
3.91154 0.00389102 975368 19.1368
3.95847 0.00420113 1012826 20.662
4.00597 0.00455149 1047892 22.3851
4.05405 0.00492655 1088600 24.2297
4.10276 0.00534363 1127762 26.281
4.15198 0.00582511 1166140 28.649
4.20175 0.0063663 1209440 31.3107
4.25218 0.00699225 1255802 34.3892
4.30322 0.00769274 1298860 37.8344
4.35482 0.00846733 1347110 41.644
4.40705 0.00937635 1395124 46.1147
4.45993 0.0104382 1448666 51.3371
4.51349 0.0116135 1501036 57.1173
4.56763 0.0129993 1552442 63.9329
4.6224 0.0145213 1611310 71.4183
4.67785 0.016401 1669244 80.663
4.73396 0.0184437 1729786 90.7097
4.79079 0.0208177 1796522 102.386
4.84827 0.0237427 1856476 116.771
4.90642 0.0271832 1928050 133.692
4.96533 0.0310625 1998290 152.771
5.02487 0.0360011 2065786 177.06
5.0851 0.041793 2145058 205.546
5.14613 0.0490795 2224298 241.382
5.20788 0.0580866 2303434 285.681
5.27036 0.0688813 2388202 338.771
5.33364 110.095 2478599 541469
5.39744 0.0842047 2508700 414.135
5.46211 0.0830555 2510380 408.483
5.52769 0.0832519 2512288 409.449
5.59404 0.0850455 2497276 418.27
5.66113 0.0875484 2490536 430.58
5.72904 0.0910691 2476432 447.895
5.79779 0.0950636 2464036 467.541
5.86736 0.100189 2441572 492.749
5.93771 0.106228 2420164 522.448
6.00892 0.112827 2394628 554.906
6.08102 0.120381 2368624 592.057
6.15399 0.129022 2332204 634.553
6.2278 0.13884 2296528 682.844
6.30252 0.150771 2255452 741.52
6.37813 0.163339 2208364 803.334
6.45461 0.178015 2156872 875.513
6.53204 0.195354 2104512 960.789
6.6104 0.215728 2039548 1060.99
6.68969 0.239215 1976956 1176.51
6.76993 0.266375 1900768 1310.08
6.85111 0.299341 1825120 1472.22
6.93325 0.336082 1737192 1652.92
7.01639 0.3799 1649440 1868.42
7.10058 0.428753 1549012 2108.69
7.18569 0.484746 1441740 2384.07
7.27174 0.54449 1326940 2677.91
7.35886 0.608981 1207764 2995.09
7.44702 0.671657 1075156 3303.34
7.53611 0.7226 935664 3553.89
7.62659 1576.22 801523 7.75218e+06
7.71818 0.827891 692322 4071.72
7.81076 0.930251 599362 4575.15
7.90447 1.06278 516300 5226.96
7.99927 1.21995 441076 5999.96
8.09511 1.4309 372798 7037.46
8.19203 1.69455 311442 8334.1
8.2901 2.0429 255850 10047.4
8.3894 2.46369 206196 12116.9
8.49004 3.02809 161820 14892.7
8.59152 3.78848 121362 18632.5
8.69409 4.72972 88608 23261.7
8.79786 5.97522 59292 29387.3
8.90093 7.50443 35826 36908.2
9.00404 9.60824 19252 47255.2
9.10719 13.0774 7314 64317.4
9.20136 26.9677 1158 132632
9.28665 1.97462e+09 1 9.71154e+12
