# in Mpc/h Units 
# D1 = 0.391505 
# k P N P(z=0)
0.020944 3803.87 6 24817.1
0.0296192 3120.74 12 20360.3
0.036276 2538.26 8 16560
0.0418879 2161.1 6 14099.4
0.0468321 1926.42 24 12568.3
0.051302 1905.34 24 12430.8
0.0592384 1543.66 12 10071.1
0.0628319 1614.84 30 10535.5
0.0662306 1599.1 24 10432.8
0.0694632 1453.55 24 9483.2
0.072552 1350.01 8 8807.69
0.0755145 1362.38 24 8888.44
0.0783651 1249.21 48 8150.08
0.0837758 1346.2 6 8782.86
0.0863541 1060.35 48 6917.89
0.0888577 1013.68 36 6613.44
0.0912926 973.714 24 6352.68
0.0936642 994.692 24 6489.55
0.0959772 983.325 48 6415.39
0.0982358 854.709 24 5576.27
0.102604 685.87 24 4474.74
0.10472 620.978 30 4051.37
0.106794 688.024 72 4488.79
0.108828 806.235 32 5260.02
0.112787 632.304 72 4125.26
0.114715 626.596 48 4088.02
0.118477 711.108 12 4639.39
0.120314 654.012 48 4266.89
0.122123 648.101 48 4228.33
0.123906 647.706 48 4225.75
0.125664 593.983 30 3875.25
0.127397 701.887 24 4579.24
0.129107 612.82 72 3998.15
0.132461 562.381 24 3669.07
0.134107 570.063 96 3719.19
0.135732 569.739 48 3717.08
0.137339 582.013 24 3797.16
0.138926 584.035 24 3810.35
0.140496 481.591 72 3141.99
0.142049 472.685 48 3083.88
0.145104 750.87 8 4898.81
0.146608 547.447 54 3571.64
0.148632 459.267 132 2996.34
0.151029 430.197 24 2806.68
0.152474 427.034 72 2786.04
0.153906 464.705 96 3031.82
0.15673 410.6 48 2678.82
0.158123 367.822 48 2399.74
0.160531 389.386 96 2540.42
0.163577 420.082 72 2740.69
0.164913 350.107 96 2284.16
0.167552 397.802 6 2595.33
0.169502 391.448 192 2553.88
0.172283 375.76 72 2451.52
0.173974 353.396 96 2305.62
0.17523 353.558 48 2306.68
0.178418 340.683 84 2222.68
0.180167 304.971 120 1989.69
0.181741 363.31 80 2370.3
0.184179 303.126 144 1977.65
0.187328 375.887 24 2452.35
0.188867 295.058 150 1925.01
0.191267 284.087 120 1853.44
0.193903 284.859 168 1858.47
0.196472 316.08 24 2062.16
0.198088 293.231 264 1913.09
0.199793 261.639 48 1706.98
0.202698 280.719 144 1831.46
0.205919 301.207 72 1965.13
0.207757 306.87 180 2002.08
0.21056 271.698 246 1772.61
0.213587 241.17 72 1573.44
0.215528 278.093 240 1814.33
0.218352 237.552 104 1549.83
0.219662 249.553 144 1628.13
0.223423 207.477 240 1353.62
0.22618 248.345 192 1620.25
0.228278 218.488 120 1425.45
0.231217 218.451 246 1425.21
0.234628 208.013 288 1357.11
0.237806 212.574 156 1386.87
0.239714 204.143 216 1331.86
0.242607 226.124 264 1475.28
0.245954 210.69 264 1374.58
0.248695 198.335 192 1293.97
0.252641 174.358 318 1137.54
0.255182 182.444 248 1190.3
0.257969 184.058 336 1200.83
0.260901 181.898 264 1186.73
0.263594 174.723 120 1139.93
0.266618 180.825 420 1179.74
0.269843 176.281 264 1150.09
0.273272 164.063 366 1070.37
0.275985 165.435 336 1079.33
0.280415 175.668 456 1146.09
0.283902 149.825 384 977.484
0.287082 151.031 432 985.35
0.291553 141.659 296 924.207
0.29372 152.042 390 991.947
0.297469 138.859 444 905.941
0.301416 140.191 600 914.633
0.304904 137.001 408 893.822
0.308899 132.328 408 863.329
0.311881 132.656 384 865.471
0.316099 129.664 774 845.954
0.320152 121.574 432 793.172
0.323319 116.189 456 758.037
0.327249 117.987 620 769.768
0.331125 111.085 600 724.737
0.335425 104.021 582 678.655
0.339086 112.304 576 732.692
0.342966 106.615 768 695.577
0.347538 117.479 744 766.452
0.352007 105.768 648 690.046
0.356145 99.595 666 649.776
0.360285 98.9816 960 645.774
0.365066 92.3077 752 602.232
0.368573 101.281 552 660.778
0.372864 97.4525 984 635.798
0.378105 87.9581 1062 573.855
0.382338 92.2747 648 602.017
0.386795 86.6586 1140 565.376
0.391574 89.5433 864 584.197
0.396297 86.3849 1062 563.59
0.401127 87.5727 968 571.34
0.405513 77.0693 1248 502.814
0.410547 75.8225 864 494.679
0.41537 75.2432 1404 490.9
0.420644 73.2166 1086 477.679
0.425289 76.0318 1272 496.045
0.430681 72.7111 1392 474.381
0.436011 73.3674 1376 478.662
0.440941 69.1815 1110 451.353
0.446174 67.5923 1740 440.984
0.45185 67.8854 1584 442.897
0.457529 67.0596 1368 437.509
0.462665 66.3861 1662 433.115
0.467842 60.3016 1536 393.418
0.473473 59.5809 1820 388.717
0.479577 55.413 1902 361.524
0.485197 58.5142 1704 381.757
0.490809 53.6486 2040 350.013
0.497084 53.6588 2088 350.08
0.503027 53.3542 1842 348.092
0.508843 52.876 2456 344.972
0.51514 52.74 1968 344.085
0.521205 50.7085 2382 330.831
0.527271 48.8568 2352 318.75
0.533802 48.1578 2604 314.19
0.539882 46.8152 2280 305.43
0.546709 47.2292 2990 308.132
0.553468 45.5487 2880 297.168
0.559954 43.8892 2508 286.341
0.566543 43.0529 3126 280.885
0.573496 42.5924 3216 277.88
0.580523 39.9074 3032 260.363
0.587241 41.2715 3294 269.262
0.594316 40.0776 3540 261.474
0.601466 36.4407 3408 237.746
0.609018 38.7852 4014 253.042
0.61634 36.8207 3728 240.225
0.623417 36.2934 3588 236.785
0.630695 34.6447 4230 226.029
0.638291 34.0534 4176 222.17
0.645683 33.6288 4158 219.4
0.653416 32.6422 4652 212.963
0.660988 32.1323 4584 209.637
0.669506 31.1096 5454 202.965
0.677708 30.887 4884 201.512
0.685505 29.5151 5000 192.562
0.694 29.9285 5934 195.259
0.702333 29.1111 5376 189.926
0.710789 28.1281 5898 183.513
0.719251 27.0324 6216 176.364
0.727942 26.1409 6104 170.548
0.736661 25.8574 6618 168.698
0.745211 26.2994 6480 171.582
0.754127 24.8424 6918 162.076
0.762976 24.3449 7304 158.83
0.772239 24.6254 7338 160.66
0.781657 23.7235 8376 154.776
0.791082 23.3178 7590 152.13
0.800591 22.0858 8780 144.091
0.810283 21.5481 8496 140.584
0.820075 21.8007 9294 142.232
0.829801 20.8351 8828 135.932
0.839624 21.4263 9846 139.789
0.849851 20.2676 10248 132.229
0.860395 20.1673 10626 131.575
0.870624 19.3746 10520 126.403
0.880856 19.1997 10902 125.263
0.8914 18.0733 11796 117.914
0.902254 18.4619 11894 120.448
0.912774 17.958 12060 117.161
0.923682 18.865 12942 123.079
0.934704 16.9707 13224 110.72
0.946056 17.3429 14042 113.148
0.957461 16.3188 14400 106.467
0.969088 16.4126 15054 107.079
0.980756 15.7822 15194 102.966
0.992313 15.1973 15768 99.1498
1.00427 15.0157 16626 97.9652
1.0163 14.3269 17168 93.4711
1.02842 14.3213 17334 93.4348
1.04065 13.925 18564 90.849
1.05325 13.8067 19214 90.0774
1.06615 13.1961 20298 86.0935
1.07882 13.0708 19800 85.276
1.09171 13.0037 21434 84.8382
1.10469 12.5203 21630 81.6847
1.1179 12.3285 22976 80.4332
1.13133 11.9196 23370 77.7654
1.14472 11.5514 24240 75.3635
1.15877 11.7839 26642 76.8805
1.17281 11.4457 25518 74.674
1.18671 10.9526 27498 71.4565
1.20092 11.0465 27944 72.0694
1.21541 10.7335 29778 70.0271
1.23005 10.3224 30158 67.3449
1.24487 10.4052 32076 67.8852
1.25995 10.2564 32430 66.9143
1.27496 10.0549 33602 65.5998
1.29008 9.69315 34584 63.2399
1.30561 9.84231 36842 64.213
1.32148 9.55426 38070 62.3337
1.33731 9.33784 38402 60.9217
1.35304 9.33936 39600 60.9316
1.36931 9.11755 42786 59.4845
1.38597 8.92392 43754 58.2212
1.40251 8.90836 44190 58.1198
1.41927 8.62976 47042 56.3021
1.43629 8.54387 48000 55.7417
1.45349 8.63236 50210 56.3191
1.47092 8.51724 51678 55.568
1.48857 8.34934 54050 54.4726
1.50651 8.31476 56010 54.247
1.5246 8.29307 57782 54.1055
1.54296 8.26225 60306 53.9044
1.5614 8.16878 61244 53.2946
1.57996 8.17637 64086 53.3441
1.59904 8.21031 67706 53.5656
1.61841 8.24125 69486 53.7674
1.63786 8.15142 71426 53.1813
1.65727 8.34842 72882 54.4666
1.67716 8.27444 78230 53.984
1.69752 8.37841 80378 54.6623
1.71789 8.28421 82242 54.0477
1.73855 8.3552 86546 54.5108
1.75938 8.38384 87750 54.6977
1.78034 8.48556 91922 55.3613
1.80163 8.63205 94890 56.317
1.82321 8.50985 99062 55.5198
1.84528 8.68596 103898 56.6688
1.86742 8.83228 105090 57.6234
1.88971 8.83311 109874 57.6288
1.91235 8.90568 114110 58.1022
1.93516 8.89545 116850 58.0355
1.95828 8.9375 122672 58.3098
1.98195 9.23072 128874 60.2229
2.00592 9.29342 131714 60.6319
2.02983 9.09714 134822 59.3514
2.05418 9.14626 142866 59.6718
2.07887 9.16052 145514 59.7649
2.10372 9.23676 151880 60.2623
2.12915 9.25187 159746 60.3609
2.15486 9.3292 162858 60.8654
2.18054 9.21941 167474 60.1491
2.20649 9.24681 174110 60.3279
2.23302 9.5471 183336 62.287
2.25999 9.32997 189146 60.8704
2.28711 9.23236 194354 60.2336
2.31452 9.29337 202496 60.6316
2.3423 9.41754 209754 61.4418
2.37031 9.17841 215618 59.8816
2.39862 9.40672 224600 61.3711
2.42748 9.35728 235370 61.0486
2.45668 9.24236 240794 60.2988
2.48608 9.47552 250560 61.82
2.5159 9.29585 259874 60.6478
2.54615 9.37351 270224 61.1545
2.57673 9.25604 278570 60.3881
2.60767 9.30002 290216 60.675
2.63893 9.33686 298370 60.9153
2.67053 9.31348 310928 60.7628
2.70255 9.25622 321522 60.3893
2.73501 9.2492 334640 60.3435
2.76784 9.1198 345302 59.4992
2.80103 9.23037 358736 60.2206
2.83468 9.13341 372320 59.588
2.86869 9.13208 384386 59.5793
2.90306 9.09707 398576 59.3509
2.93788 9.04381 414032 59.0035
2.97314 9.01979 428570 58.8467
3.00878 9.01228 443420 58.7977
3.04485 8.86592 460880 57.8429
3.08141 8.87785 477608 57.9207
3.11839 8.88777 494666 57.9854
3.15587 8.77681 514172 57.2615
3.19377 8.77999 531200 57.2823
3.23206 8.73243 549944 56.972
3.27078 8.6505 569924 56.4374
3.31006 8.5939 593642 56.0682
3.34977 8.56662 610856 55.8902
3.38996 8.49895 637756 55.4487
3.43072 8.46438 659240 55.2231
3.47187 8.42397 681752 54.9595
3.51352 8.34135 708404 54.4205
3.55566 8.33163 731720 54.357
3.59831 8.27396 761324 53.9808
3.64146 8.17927 785624 53.363
3.68509 8.13986 815932 53.1059
3.72935 8.11558 848150 52.9475
3.77412 8.09202 875876 52.7938
3.81939 8.02662 909872 52.3671
3.86521 7.98539 940708 52.0981
3.91154 7.92248 975368 51.6877
3.95847 7.91044 1012826 51.6091
4.00597 7.85816 1047892 51.268
4.05405 7.8241 1088600 51.0458
4.10276 7.77714 1127762 50.7394
4.15198 7.76212 1166140 50.6414
4.20175 7.75482 1209440 50.5939
4.25218 7.69188 1255802 50.1832
4.30322 7.6881 1298860 50.1586
4.35482 7.66586 1347110 50.0134
4.40705 7.67 1395124 50.0405
4.45993 7.65752 1448666 49.959
4.51349 7.64807 1501036 49.8974
4.56763 7.66118 1552442 49.9829
4.6224 7.66327 1611310 49.9966
4.67785 7.69483 1669244 50.2025
4.73396 7.71832 1729786 50.3557
4.79079 7.74012 1796522 50.4979
4.84827 7.7806 1856476 50.762
4.90642 7.84803 1928050 51.202
4.96533 7.90125 1998290 51.5492
5.02487 7.95277 2065786 51.8853
5.0851 8.0165 2145058 52.3011
5.14613 8.12433 2224298 53.0046
5.20788 8.24602 2303434 53.7985
5.27036 8.36449 2388202 54.5714
5.33364 8.50329 2478599 55.477
5.39744 8.46976 2508700 55.2583
5.46211 8.3721 2510380 54.6211
5.52769 8.31837 2512288 54.2706
5.59404 8.30865 2497276 54.2071
5.66113 8.30359 2490536 54.1741
5.72904 8.327 2476432 54.3269
5.79779 8.3509 2464036 54.4828
5.86736 8.3718 2441572 54.6191
5.93771 8.40962 2420164 54.8658
6.00892 8.43653 2394628 55.0414
6.08102 8.47292 2368624 55.2789
6.15399 8.52564 2332204 55.6228
6.2278 8.59568 2296528 56.0798
6.30252 8.66473 2255452 56.5302
6.37813 8.73581 2208364 56.994
6.45461 8.83189 2156872 57.6208
6.53204 8.95244 2104512 58.4073
6.6104 9.0862 2039548 59.28
6.68969 9.23308 1976956 60.2383
6.76993 9.37435 1900768 61.1599
6.85111 9.58893 1825120 62.5599
6.93325 9.7993 1737192 63.9324
7.01639 10.0433 1649440 65.5244
7.10058 10.325 1549012 67.3624
7.18569 10.601 1441740 69.1628
7.27174 10.8927 1326940 71.0657
7.35886 11.1932 1207764 73.0267
7.44702 11.4271 1075156 74.5525
7.53611 11.5524 935664 75.3698
7.62659 11.5541 801523 75.3813
7.71818 11.7587 692322 76.716
7.81076 11.9543 599362 77.9917
7.90447 12.2722 516300 80.0663
7.99927 12.6542 441076 82.558
8.09511 13.1149 372798 85.564
8.19203 13.6218 311442 88.8712
8.2901 14.3357 255850 93.5285
8.3894 15.0863 206196 98.4255
8.49004 16.0603 161820 104.78
8.59152 17.1988 121362 112.208
8.69409 18.5409 88608 120.964
8.79786 20.3345 59292 132.666
8.90093 22.4076 35826 146.191
9.00404 25.285 19252 164.964
9.10719 27.3223 7314 178.256
9.20136 32.816 1158 214.098
9.28665 9.57718 1 62.4832
