# in Mpc/h Units 
# D1 = 0.181526 
# k P N P(z=0)
0.020944 8.19944 6 248.831
0.0296192 6.64687 12 201.715
0.036276 5.50588 8 167.089
0.0418879 4.47354 6 135.76
0.0468321 4.23923 24 128.649
0.051302 3.92924 24 119.242
0.0592384 3.54048 12 107.444
0.0628319 3.44095 30 104.424
0.0662306 3.27279 24 99.3204
0.0694632 3.13971 24 95.2817
0.072552 2.98483 8 90.5815
0.0755145 2.86746 24 87.0197
0.0783651 2.70211 48 82.0017
0.0837758 2.51651 6 76.3692
0.0863541 2.30967 48 70.0922
0.0888577 2.17467 36 65.9954
0.0912926 2.04836 24 62.1623
0.0936642 1.95754 24 59.4059
0.0959772 1.87409 48 56.8735
0.0982358 1.78452 24 54.1552
0.102604 1.64147 24 49.8141
0.10472 1.55605 30 47.222
0.106794 1.5516 72 47.0869
0.108828 1.5375 32 46.6589
0.112787 1.45924 72 44.284
0.114715 1.44947 48 43.9874
0.118477 1.40188 12 42.5431
0.120314 1.3861 48 42.0644
0.122123 1.36043 48 41.2855
0.123906 1.34656 48 40.8643
0.125664 1.33234 30 40.4329
0.127397 1.32991 24 40.3591
0.129107 1.29024 72 39.1552
0.132461 1.2584 24 38.189
0.134107 1.22219 96 37.0902
0.135732 1.19988 48 36.413
0.137339 1.17884 24 35.7745
0.138926 1.15364 24 35.0098
0.140496 1.12461 72 34.1289
0.142049 1.0975 48 33.3062
0.145104 1.07412 8 32.5968
0.146608 1.0555 54 32.0316
0.148632 0.995949 132 30.2244
0.151029 0.959495 24 29.1181
0.152474 0.933276 72 28.3224
0.153906 0.921133 96 27.9539
0.15673 0.878184 48 26.6505
0.158123 0.859045 48 26.0697
0.160531 0.838705 96 25.4525
0.163577 0.800957 72 24.3069
0.164913 0.789665 96 23.9642
0.167552 0.912558 6 27.6937
0.169502 0.754622 192 22.9007
0.172283 0.737368 72 22.3771
0.173974 0.730613 96 22.1721
0.17523 0.722 48 21.9107
0.178418 0.709975 84 21.5458
0.180167 0.697108 120 21.1553
0.181741 0.69547 80 21.1056
0.184179 0.681319 144 20.6762
0.187328 0.672589 24 20.4113
0.188867 0.660257 150 20.037
0.191267 0.651661 120 19.7762
0.193903 0.639137 168 19.3961
0.196472 0.631819 24 19.174
0.198088 0.6185 264 18.7698
0.199793 0.604812 48 18.3544
0.202698 0.588395 144 17.8562
0.205919 0.574105 72 17.4225
0.207757 0.558401 180 16.946
0.21056 0.539003 246 16.3573
0.213587 0.521444 72 15.8244
0.215528 0.517157 240 15.6943
0.218352 0.492758 104 14.9539
0.219662 0.485391 144 14.7303
0.223423 0.465281 240 14.12
0.22618 0.456525 192 13.8543
0.228278 0.449038 120 13.6271
0.231217 0.431925 246 13.1078
0.234628 0.427524 288 12.9742
0.237806 0.419122 156 12.7192
0.239714 0.411143 216 12.4771
0.242607 0.405701 264 12.3119
0.245954 0.398186 264 12.0839
0.248695 0.390378 192 11.8469
0.252641 0.381197 318 11.5683
0.255182 0.376193 248 11.4164
0.257969 0.369165 336 11.2032
0.260901 0.362189 264 10.9915
0.263594 0.357188 120 10.8397
0.266618 0.345697 420 10.491
0.269843 0.337423 264 10.2399
0.273272 0.327542 366 9.94002
0.275985 0.321716 336 9.76323
0.280415 0.310225 456 9.4145
0.283902 0.299046 384 9.07525
0.287082 0.291354 432 8.84181
0.291553 0.280047 296 8.49867
0.29372 0.278531 390 8.45266
0.297469 0.271999 444 8.25443
0.301416 0.264362 600 8.02267
0.304904 0.25952 408 7.87574
0.308899 0.25141 408 7.62961
0.311881 0.249875 384 7.58303
0.316099 0.243605 774 7.39276
0.320152 0.239511 432 7.2685
0.323319 0.233595 456 7.08899
0.327249 0.227736 620 6.91116
0.331125 0.220245 600 6.68383
0.335425 0.218385 582 6.6274
0.339086 0.21282 576 6.45852
0.342966 0.205582 768 6.23885
0.347538 0.200891 744 6.0965
0.352007 0.194708 648 5.90888
0.356145 0.192152 666 5.83129
0.360285 0.184769 960 5.60725
0.365066 0.178717 752 5.42357
0.368573 0.176188 552 5.34682
0.372864 0.173101 984 5.25314
0.378105 0.178111 1062 5.40519
0.382338 0.166026 648 5.03843
0.386795 0.160941 1140 4.88414
0.391574 0.155847 864 4.72955
0.396297 0.157277 1062 4.77294
0.401127 0.148808 968 4.51591
0.405513 0.144174 1248 4.37528
0.410547 0.141423 864 4.29181
0.41537 0.136484 1404 4.14191
0.420644 0.136307 1086 4.13654
0.425289 0.130023 1272 3.94586
0.430681 0.126288 1392 3.83249
0.436011 0.123725 1376 3.75472
0.440941 0.125236 1110 3.80058
0.446174 0.117911 1740 3.57829
0.45185 0.114228 1584 3.4665
0.457529 0.111893 1368 3.39565
0.462665 0.115351 1662 3.50058
0.467842 0.10616 1536 3.22168
0.473473 0.102834 1820 3.12074
0.479577 0.100887 1902 3.06164
0.485197 0.0981091 1704 2.97735
0.490809 0.0957581 2040 2.906
0.497084 0.0922129 2088 2.79841
0.503027 0.0905837 1842 2.74897
0.508843 0.0873685 2456 2.6514
0.51514 0.0842744 1968 2.5575
0.521205 0.0829974 2382 2.51875
0.527271 0.0812762 2352 2.46651
0.533802 0.0792455 2604 2.40489
0.539882 0.0772059 2280 2.34299
0.546709 0.0888517 2990 2.69641
0.553468 0.0727094 2880 2.20653
0.559954 0.0705041 2508 2.13961
0.566543 0.0704951 3126 2.13934
0.573496 0.0681048 3216 2.0668
0.580523 0.065409 3032 1.98499
0.587241 0.0640788 3294 1.94462
0.594316 0.0622688 3540 1.88969
0.601466 0.0603208 3408 1.83057
0.609018 0.0589974 4014 1.79041
0.61634 0.057752 3728 1.75262
0.623417 0.0559367 3588 1.69753
0.630695 0.0551377 4230 1.67328
0.638291 0.0527175 4176 1.59983
0.645683 0.0522017 4158 1.58418
0.653416 0.0505511 4652 1.53409
0.660988 0.0491686 4584 1.49213
0.669506 0.0481472 5454 1.46114
0.677708 0.0470078 4884 1.42656
0.685505 0.044952 5000 1.36417
0.694 0.0446129 5934 1.35388
0.702333 0.0431398 5376 1.30918
0.710789 0.0426014 5898 1.29284
0.719251 0.0410987 6216 1.24723
0.727942 0.0400455 6104 1.21527
0.736661 0.0399924 6618 1.21366
0.745211 0.0381181 6480 1.15678
0.754127 0.0384196 6918 1.16593
0.762976 0.0363295 7304 1.1025
0.772239 0.0359521 7338 1.09105
0.781657 0.0354692 8376 1.0764
0.791082 0.0338344 7590 1.02678
0.800591 0.0347954 8780 1.05595
0.810283 0.0324033 8496 0.983354
0.820075 0.0346804 9294 1.05246
0.829801 0.0307794 8828 0.93407
0.839624 0.0344248 9846 1.0447
0.849851 0.0295599 10248 0.897062
0.860395 0.0402085 10626 1.22022
0.870624 0.0287463 10520 0.872373
0.880856 0.0476458 10902 1.44592
0.8914 0.0276315 11796 0.838543
0.902254 0.0677093 11894 2.0548
0.912774 0.0264504 12060 0.802697
0.923682 0.463298 12942 14.0598
0.934704 0.0252786 13224 0.767138
0.946056 0.0479948 14042 1.45651
0.957461 0.024454 14400 0.742113
0.969088 0.0390818 15054 1.18603
0.980756 0.0297064 15194 0.901508
0.992313 0.0308122 15768 0.935067
1.00427 0.030134 16626 0.914487
1.0163 0.0238793 17168 0.724673
1.02842 0.0262869 17334 0.797738
1.04065 0.0230875 18564 0.700642
1.05325 0.0261759 19214 0.794367
1.06615 0.0271041 20298 0.822535
1.07882 0.0232982 19800 0.707039
1.09171 0.0246346 21434 0.747595
1.10469 0.0229712 21630 0.697114
1.1179 0.0236213 22976 0.716842
1.13133 0.0267354 23370 0.811346
1.14472 0.0225792 24240 0.685217
1.15877 0.0244829 26642 0.742992
1.17281 0.0263771 25518 0.800474
1.18671 0.0232666 27498 0.70608
1.20092 0.0273922 27944 0.831279
1.21541 0.0302783 29778 0.918866
1.23005 0.0297834 30158 0.903846
1.24487 0.026117 32076 0.79258
1.25995 0.0398343 32430 1.20887
1.27496 0.0466265 33602 1.41499
1.29008 0.0294763 34584 0.894525
1.30561 1.4059 36842 42.6654
1.32148 0.0497381 38070 1.50942
1.33731 0.0413928 38402 1.25616
1.35304 0.0267754 39600 0.812561
1.36931 0.0342764 42786 1.0402
1.38597 0.0337638 43754 1.02464
1.40251 0.032019 44190 0.971691
1.41927 0.0314807 47042 0.955356
1.43629 0.0278903 48000 0.846397
1.45349 0.0304293 50210 0.923448
1.47092 0.0302497 51678 0.917997
1.48857 0.0311716 54050 0.945974
1.50651 0.0313672 56010 0.95191
1.5246 0.0317003 57782 0.962019
1.54296 0.0340585 60306 1.03358
1.5614 0.0332128 61244 1.00792
1.57996 0.0364806 64086 1.10709
1.59904 0.121441 67706 3.68542
1.61841 0.0359586 69486 1.09125
1.63786 0.0385592 71426 1.17017
1.65727 0.0370468 72882 1.12427
1.67716 0.0384559 78230 1.16703
1.69752 0.0398666 80378 1.20984
1.71789 0.0446125 82242 1.35387
1.73855 0.0425814 86546 1.29223
1.75938 0.0464208 87750 1.40874
1.78034 0.0473144 91922 1.43586
1.80163 0.0600914 94890 1.82361
1.82321 0.0587995 99062 1.78441
1.84528 0.185765 103898 5.63746
1.86742 0.0636512 105090 1.93164
1.88971 0.0647726 109874 1.96567
1.91235 0.0613403 114110 1.86151
1.93516 0.0634192 116850 1.9246
1.95828 0.0744458 122672 2.25923
1.98195 0.0787923 128874 2.39113
2.00592 0.0847999 131714 2.57345
2.02983 0.0950314 134822 2.88395
2.05418 0.176293 142866 5.35001
2.07887 0.119036 145514 3.61243
2.10372 0.20219 151880 6.13593
2.12915 0.283414 159746 8.60084
2.15486 0.320333 162858 9.72125
2.18054 0.490053 167474 14.8718
2.20649 0.873291 174110 26.502
2.23302 84.6183 183336 2567.94
2.25999 0.740886 189146 22.4839
2.28711 0.387914 194354 11.7721
2.31452 0.407349 202496 12.3619
2.3423 0.211552 209754 6.42003
2.37031 0.166733 215618 5.05989
2.39862 0.299775 224600 9.09736
2.42748 0.14871 235370 4.51293
2.45668 0.123029 240794 3.73358
2.48608 0.133255 250560 4.04392
2.5159 0.112539 259874 3.41524
2.54615 0.123633 270224 3.75192
2.57673 0.291926 278570 8.85917
2.60767 0.163988 290216 4.9766
2.63893 0.110516 298370 3.35386
2.67053 0.111414 310928 3.3811
2.70255 0.106947 321522 3.24556
2.73501 0.131439 334640 3.98882
2.76784 0.16839 345302 5.11018
2.80103 0.144994 358736 4.40017
2.83468 0.142785 372320 4.33313
2.86869 0.161913 384386 4.91364
2.90306 0.201863 398576 6.12599
2.93788 0.21511 414032 6.528
2.97314 0.239718 428570 7.27479
3.00878 0.422731 443420 12.8288
3.04485 0.687115 460880 20.8521
3.08141 1.01487 477608 30.7985
3.11839 2.25503 494666 68.434
3.15587 100.117 514172 3038.27
3.19377 1.6014 531200 48.5982
3.23206 0.795765 549944 24.1493
3.27078 0.697145 569924 21.1565
3.31006 0.326598 593642 9.91137
3.34977 0.317637 610856 9.63942
3.38996 0.346176 637756 10.5055
3.43072 0.273926 659240 8.31291
3.47187 0.213789 681752 6.48792
3.51352 0.535441 708404 16.2492
3.55566 0.226819 731720 6.88335
3.59831 0.206971 761324 6.28101
3.64146 0.363626 785624 11.0351
3.68509 0.257703 815932 7.82059
3.72935 0.312933 848150 9.49667
3.77412 0.501424 875876 15.2169
3.81939 0.961171 909872 29.169
3.86521 18.0575 940708 547.997
3.91154 0.686987 975368 20.8482
3.95847 0.600176 1012826 18.2137
4.00597 0.385621 1047892 11.7026
4.05405 0.716853 1088600 21.7545
4.10276 0.435184 1127762 13.2067
4.15198 0.832775 1166140 25.2725
4.20175 0.408186 1209440 12.3873
4.25218 0.530947 1255802 16.1128
4.30322 0.668622 1298860 20.2909
4.35482 1.03762 1347110 31.4889
4.40705 2.97251 1395124 90.2078
4.45993 61.4187 1448666 1863.89
4.51349 2.0356 1501036 61.7749
4.56763 0.883535 1552442 26.8129
4.6224 0.782189 1611310 23.7373
4.67785 0.521671 1669244 15.8313
4.73396 0.885293 1729786 26.8663
4.79079 0.510349 1796522 15.4877
4.84827 0.44209 1856476 13.4162
4.90642 0.670161 1928050 20.3376
4.96533 8.50575 1998290 258.127
5.02487 0.799686 2065786 24.2683
5.0851 0.609964 2145058 18.5108
5.14613 1.04838 2224298 31.8154
5.20788 0.770778 2303434 23.391
5.27036 0.646879 2388202 19.631
5.33364 1.79436 2478599 54.4539
5.39744 2.65328 2508700 80.5198
5.46211 30.7665 2510380 933.679
5.52769 1.62753 2512288 49.3911
5.59404 1.00373 2497276 30.4606
5.66113 1.03213 2490536 31.3225
5.72904 1.2095 2476432 36.7051
5.79779 8.13193 2464036 246.782
5.86736 4.83901 2441572 146.851
5.93771 0.849363 2420164 25.7759
6.00892 0.979491 2394628 29.7249
6.08102 0.904076 2368624 27.4363
6.15399 1.49334 2332204 45.3188
6.2278 8.98075 2296528 272.541
6.30252 16.8331 2255452 510.839
6.37813 1.50897 2208364 45.7931
6.45461 1.06143 2156872 32.2114
6.53204 1.40562 2104512 42.6567
6.6104 1.90418 2039548 57.7868
6.68969 2.47749 1976956 75.1852
6.76993 1.36337 1900768 41.3746
6.85111 1.39023 1825120 42.1896
6.93325 9.66315 1737192 293.25
7.01639 8.30536 1649440 252.045
7.10058 2.28173 1549012 69.2442
7.18569 1.44005 1441740 43.7016
7.27174 8.16093 1326940 247.662
7.35886 2.63517 1207764 79.9703
7.44702 1.6766 1075156 50.8804
7.53611 2.1966 935664 66.6608
7.62659 9.19222 801523 278.959
7.71818 3.10299 692322 94.1675
7.81076 1.87475 599362 56.8937
7.90447 2.20865 516300 67.0266
7.99927 2.61088 441076 79.2332
8.09511 3.33234 372798 101.127
8.19203 8.7966 311442 266.953
8.2901 10.0909 255850 306.233
8.3894 3.64787 206196 110.703
8.49004 2.85719 161820 86.708
8.59152 3.61368 121362 109.666
8.69409 3.33753 88608 101.285
8.79786 7.38568 59292 224.135
8.90093 5.15174 35826 156.342
9.00404 14.8054 19252 449.303
9.10719 61.9899 7314 1881.23
9.20136 919.679 1158 27909.8
9.28665 3.35665e+06 1 1.01865e+08
