# in Mpc/h Units 
# D1 = 0.0386428 
# k P N P(z=0)
0.020944 0.37096 6 248.422
0.0296192 0.30232 12 202.456
0.036276 0.250261 8 167.593
0.0418879 0.208047 6 139.323
0.0468321 0.192984 24 129.236
0.051302 0.178394 24 119.466
0.0592384 0.161206 12 107.955
0.0628319 0.155643 30 104.23
0.0662306 0.148613 24 99.5223
0.0694632 0.142709 24 95.5681
0.072552 0.136181 8 91.1969
0.0755145 0.130139 24 87.1505
0.0783651 0.123245 48 82.5342
0.0837758 0.112532 6 75.3596
0.0863541 0.104762 48 70.1566
0.0888577 0.098974 36 66.2803
0.0912926 0.0934957 24 62.6116
0.0936642 0.0889451 24 59.5641
0.0959772 0.0850625 48 56.9641
0.0982358 0.0813238 24 54.4604
0.102604 0.0753284 24 50.4454
0.10472 0.072296 30 48.4147
0.106794 0.0710567 72 47.5848
0.108828 0.0696451 32 46.6394
0.112787 0.0667929 72 44.7294
0.114715 0.0659677 48 44.1768
0.118477 0.063971 12 42.8397
0.120314 0.0631503 48 42.2901
0.122123 0.062181 48 41.6409
0.123906 0.0614572 48 41.1562
0.125664 0.0608037 30 40.7186
0.127397 0.0599074 24 40.1184
0.129107 0.0589301 72 39.4639
0.132461 0.0571635 24 38.2809
0.134107 0.0558796 96 37.4211
0.135732 0.0548763 48 36.7492
0.137339 0.0538765 24 36.0797
0.138926 0.0526031 24 35.2269
0.140496 0.0515164 72 34.4992
0.142049 0.0503239 48 33.7006
0.145104 0.0484159 8 32.4228
0.146608 0.047519 54 31.8222
0.148632 0.0455631 132 30.5124
0.151029 0.0438164 24 29.3427
0.152474 0.0427762 72 28.6461
0.153906 0.0419943 96 28.1225
0.15673 0.0402198 48 26.9342
0.158123 0.0393748 48 26.3682
0.160531 0.0382492 96 25.6145
0.163577 0.0366254 72 24.5271
0.164913 0.0361306 96 24.1957
0.167552 0.0429492 6 28.7619
0.169502 0.034459 192 23.0763
0.172283 0.0336441 72 22.5306
0.173974 0.0332653 96 22.2769
0.17523 0.033007 48 22.1039
0.178418 0.0323814 84 21.685
0.180167 0.0319784 120 21.4151
0.181741 0.0317123 80 21.2369
0.184179 0.0312601 144 20.9341
0.187328 0.0306145 24 20.5017
0.188867 0.0303109 150 20.2984
0.191267 0.0298836 120 20.0123
0.193903 0.0293025 168 19.6231
0.196472 0.0287018 24 19.2208
0.198088 0.0283168 264 18.963
0.199793 0.0278023 48 18.6185
0.202698 0.0269981 144 18.0799
0.205919 0.0262313 72 17.5664
0.207757 0.0255628 180 17.1187
0.21056 0.0246986 246 16.54
0.213587 0.023877 72 15.9898
0.215528 0.0235144 240 15.747
0.218352 0.0226958 104 15.1988
0.219662 0.0223437 144 14.963
0.223423 0.0215206 240 14.4117
0.22618 0.0209492 192 14.0291
0.228278 0.0206162 120 13.8061
0.231217 0.0199488 246 13.3592
0.234628 0.0195803 288 13.1124
0.237806 0.0191568 156 12.8288
0.239714 0.0189201 216 12.6703
0.242607 0.018569 264 12.4351
0.245954 0.0182658 264 12.2321
0.248695 0.0179638 192 12.0299
0.252641 0.0176042 318 11.7891
0.255182 0.0173484 248 11.6178
0.257969 0.0169982 336 11.3832
0.260901 0.0166789 264 11.1694
0.263594 0.0163467 120 10.947
0.266618 0.0159381 420 10.6733
0.269843 0.0155595 264 10.4198
0.273272 0.0150976 366 10.1105
0.275985 0.0148249 336 9.92784
0.280415 0.0142479 456 9.54145
0.283902 0.0138402 384 9.26843
0.287082 0.0134849 432 9.03047
0.291553 0.0130129 296 8.7144
0.29372 0.0128549 390 8.60857
0.297469 0.0125403 444 8.39793
0.301416 0.0122082 600 8.17552
0.304904 0.0119839 408 8.02527
0.308899 0.0116759 408 7.81902
0.311881 0.0115424 384 7.72961
0.316099 0.0112672 774 7.54532
0.320152 0.0110431 432 7.39525
0.323319 0.0108493 456 7.26549
0.327249 0.0105513 620 7.06593
0.331125 0.0102968 600 6.89552
0.335425 0.0101168 582 6.77496
0.339086 0.00986944 576 6.6093
0.342966 0.00954604 768 6.39273
0.347538 0.0092977 744 6.22642
0.352007 0.00903648 648 6.05149
0.356145 0.00880914 666 5.89925
0.360285 0.00858836 960 5.75139
0.365066 0.00834252 752 5.58677
0.368573 0.00818326 552 5.48011
0.372864 0.00803572 984 5.3813
0.378105 0.00935101 1062 6.26212
0.382338 0.00767972 648 5.1429
0.386795 0.00749384 1140 5.01842
0.391574 0.00729674 864 4.88643
0.396297 0.00713314 1062 4.77688
0.401127 0.00694644 968 4.65185
0.405513 0.00675267 1248 4.52208
0.410547 0.00659314 864 4.41525
0.41537 0.00641369 1404 4.29508
0.420644 0.0062877 1086 4.2107
0.425289 0.00607911 1272 4.07102
0.430681 0.00592711 1392 3.96923
0.436011 0.00579122 1376 3.87823
0.440941 0.00570285 1110 3.81904
0.446174 0.00553816 1740 3.70876
0.45185 0.00537645 1584 3.60047
0.457529 0.00524565 1368 3.51287
0.462665 0.00510994 1662 3.42199
0.467842 0.00500952 1536 3.35474
0.473473 0.00486691 1820 3.25924
0.479577 0.00471541 1902 3.15778
0.485197 0.00462415 1704 3.09667
0.490809 0.00450272 2040 3.01535
0.497084 0.00437869 2088 2.93229
0.503027 0.00425649 1842 2.85046
0.508843 0.00415604 2456 2.78319
0.51514 0.00403648 1968 2.70313
0.521205 0.00395862 2382 2.65098
0.527271 0.00385406 2352 2.58096
0.533802 0.00375494 2604 2.51458
0.539882 0.00367256 2280 2.45942
0.546709 0.00452894 2990 3.03291
0.553468 0.00346547 2880 2.32073
0.559954 0.00337087 2508 2.25738
0.566543 0.00331067 3126 2.21707
0.573496 0.00321266 3216 2.15143
0.580523 0.0031224 3032 2.09099
0.587241 0.00305912 3294 2.04861
0.594316 0.00296358 3540 1.98463
0.601466 0.00288736 3408 1.93359
0.609018 0.002809 4014 1.88111
0.61634 0.00274133 3728 1.83579
0.623417 0.00266398 3588 1.784
0.630695 0.00261308 4230 1.74991
0.638291 0.00252339 4176 1.68985
0.645683 0.00247927 4158 1.6603
0.653416 0.00240945 4652 1.61354
0.660988 0.00234792 4584 1.57234
0.669506 0.00228464 5454 1.52996
0.677708 0.00223075 4884 1.49388
0.685505 0.00215624 5000 1.44398
0.694 0.0021069 5934 1.41094
0.702333 0.00205134 5376 1.37373
0.710789 0.00200615 5898 1.34346
0.719251 0.00194331 6216 1.30138
0.727942 0.00189559 6104 1.26943
0.736661 0.00185414 6618 1.24167
0.745211 0.00178672 6480 1.19652
0.754127 0.00191874 6918 1.28493
0.762976 0.00170633 7304 1.14268
0.772239 0.00167409 7338 1.1211
0.781657 0.00162835 8376 1.09046
0.791082 0.00156707 7590 1.04942
0.800591 0.00156281 8780 1.04657
0.810283 0.00149973 8496 1.00433
0.820075 0.00150537 9294 1.00811
0.829801 0.00142094 8828 0.951563
0.839624 0.00145963 9846 0.977477
0.849851 0.0013532 10248 0.906201
0.860395 0.00148087 10626 0.991697
0.870624 0.00128816 10520 0.862643
0.880856 0.00154806 10902 1.0367
0.8914 0.00123092 11796 0.824313
0.902254 0.00160681 11894 1.07604
0.912774 0.00116583 12060 0.780723
0.923682 0.0924387 12942 61.9037
0.934704 0.0010994 13224 0.736242
0.946056 0.00155283 14042 1.03989
0.957461 0.00105181 14400 0.704369
0.969088 0.00123723 15054 0.828539
0.980756 0.0011308 15194 0.757265
0.992313 0.00108249 15768 0.724916
1.00427 0.00103397 16626 0.692422
1.0163 0.000952499 17168 0.637863
1.02842 0.000975015 17334 0.652942
1.04065 0.000907044 18564 0.607423
1.05325 0.000923787 19214 0.618635
1.06615 0.00100492 20298 0.672969
1.07882 0.00086426 19800 0.578772
1.09171 0.000869282 21434 0.582135
1.10469 0.000828647 21630 0.554923
1.1179 0.00081901 22976 0.548469
1.13133 0.000851793 23370 0.570423
1.14472 0.000780816 24240 0.522892
1.15877 0.000787136 26642 0.527124
1.17281 0.00078541 25518 0.525968
1.18671 0.00078623 27498 0.526517
1.20092 0.000787433 27944 0.527323
1.21541 0.000779452 29778 0.521978
1.23005 0.00079818 30158 0.53452
1.24487 0.000746672 32076 0.500026
1.25995 0.000876986 32430 0.587294
1.27496 0.00102855 33602 0.688794
1.29008 0.00072997 34584 0.488842
1.30561 0.110626 36842 74.0832
1.32148 0.00105511 38070 0.70658
1.33731 0.000852658 38402 0.571002
1.35304 0.000749115 39600 0.501662
1.36931 0.000791687 42786 0.530172
1.38597 0.00075845 43754 0.507914
1.40251 0.000741121 44190 0.496309
1.41927 0.000802568 47042 0.537458
1.43629 0.000696313 48000 0.466302
1.45349 0.000744364 50210 0.498481
1.47092 0.00136818 51678 0.916235
1.48857 0.000748592 54050 0.501312
1.50651 0.000745161 56010 0.499014
1.5246 0.000744173 57782 0.498353
1.54296 0.000758347 60306 0.507845
1.5614 0.000779145 61244 0.521773
1.57996 0.000827956 64086 0.55446
1.59904 0.00272081 67706 1.82206
1.61841 0.000842483 69486 0.564189
1.63786 0.00087496 71426 0.585938
1.65727 0.000840456 72882 0.562831
1.67716 0.00214078 78230 1.43362
1.69752 0.000867671 80378 0.581056
1.71789 0.000893038 82242 0.598044
1.73855 0.00105019 86546 0.703282
1.75938 0.00096453 87750 0.64592
1.78034 0.00097689 91922 0.654197
1.80163 0.00102766 94890 0.688198
1.82321 0.00108566 99062 0.727034
1.84528 0.0288779 103898 19.3388
1.86742 0.00129647 105090 0.868214
1.88971 0.00114925 109874 0.769622
1.91235 0.00125292 114110 0.839049
1.93516 0.00117729 116850 0.7884
1.95828 0.00131032 122672 0.877485
1.98195 0.00127522 128874 0.853981
2.00592 0.00135239 131714 0.905661
2.02983 0.00138835 134822 0.929743
2.05418 0.00914641 142866 6.12511
2.07887 0.00153268 145514 1.02639
2.10372 0.00164325 151880 1.10044
2.12915 0.00181502 159746 1.21547
2.15486 0.00188339 162858 1.26126
2.18054 0.00213788 167474 1.43168
2.20649 0.00265964 174110 1.78109
2.23302 2.16758 183336 1451.57
2.25999 0.00469901 189146 3.1468
2.28711 0.00234931 194354 1.57327
2.31452 0.0024395 202496 1.63367
2.3423 0.00226534 209754 1.51704
2.37031 0.0023632 215618 1.58257
2.39862 0.0101426 224600 6.79221
2.42748 0.00270119 235370 1.80891
2.45668 0.00257369 240794 1.72353
2.48608 0.00267381 250560 1.79058
2.5159 0.00266413 259874 1.7841
2.54615 0.00299494 270224 2.00563
2.57673 0.0218159 278570 14.6095
2.60767 0.0084953 290216 5.68907
2.63893 0.00313228 298370 2.0976
2.67053 0.00335908 310928 2.24948
2.70255 0.00334715 321522 2.2415
2.73501 0.00497738 334640 3.33322
2.76784 0.00994386 345302 6.65914
2.80103 0.00396289 358736 2.65384
2.83468 0.00406608 372320 2.72295
2.86869 0.00458508 384386 3.0705
2.90306 0.00541922 398576 3.62911
2.93788 0.00506864 414032 3.39433
2.97314 0.00574057 428570 3.8443
3.00878 0.00682467 443420 4.5703
3.04485 0.00931532 460880 6.23822
3.08141 0.0113571 477608 7.60554
3.11839 0.0207502 494666 13.8959
3.15587 19.2968 514172 12922.6
3.19377 0.015839 531200 10.607
3.23206 0.0104134 549944 6.97358
3.27078 0.0426768 569924 28.5795
3.31006 0.00812177 593642 5.43893
3.34977 0.00786299 610856 5.26563
3.38996 0.0333047 637756 22.3033
3.43072 0.0100667 659240 6.74137
3.47187 0.0078708 681752 5.27086
3.51352 0.040469 708404 27.101
3.55566 0.00941089 731720 6.30222
3.59831 0.00831543 761324 5.56862
3.64146 0.0243323 785624 16.2947
3.68509 0.0104074 815932 6.96958
3.72935 0.00971958 848150 6.50894
3.77412 0.0145927 875876 9.77234
3.81939 0.0138422 909872 9.26973
3.86521 0.315586 940708 211.339
3.91154 0.0129687 975368 8.68478
3.95847 0.0283718 1012826 18.9998
4.00597 0.0131029 1047892 8.77469
4.05405 0.0796167 1088600 53.3172
4.10276 0.0142371 1127762 9.5342
4.15198 0.0205229 1166140 13.7436
4.20175 0.0229937 1209440 15.3983
4.25218 0.0224085 1255802 15.0063
4.30322 0.0211378 1298860 14.1554
4.35482 0.0256395 1347110 17.1701
4.40705 0.0514787 1395124 34.4739
4.45993 11.8685 1448666 7948.01
4.51349 0.0668128 1501036 44.7427
4.56763 0.0259317 1552442 17.3657
4.6224 0.0358215 1611310 23.9887
4.67785 0.0231844 1669244 15.526
4.73396 0.0725639 1729786 48.5941
4.79079 0.0434209 1796522 29.0778
4.84827 0.0273859 1856476 18.3396
4.90642 0.0306251 1928050 20.5088
4.96533 0.303866 1998290 203.491
5.02487 0.0617485 2065786 41.3513
5.0851 0.0515949 2145058 34.5517
5.14613 0.222061 2224298 148.708
5.20788 0.0958453 2303434 64.1851
5.27036 0.177536 2388202 118.891
5.33364 63.2953 2478599 42387.2
5.39744 0.0661201 2508700 44.2788
5.46211 5.93332 2510380 3973.39
5.52769 0.0756145 2512288 50.637
5.59404 0.0587195 2497276 39.3229
5.66113 0.0815776 2490536 54.6303
5.72904 0.0789346 2476432 52.8604
5.79779 2.0374 2464036 1364.39
5.86736 0.320398 2441572 214.562
5.93771 0.0733726 2420164 49.1357
6.00892 0.262498 2394628 175.788
6.08102 0.0611755 2368624 40.9676
6.15399 0.071327 2332204 47.7658
6.2278 4.68223 2296528 3135.56
6.30252 2.6884 2255452 1800.35
6.37813 0.0920748 2208364 61.6601
6.45461 0.0924829 2156872 61.9333
6.53204 0.111842 2104512 74.8974
6.6104 0.388105 2039548 259.904
6.68969 0.28918 1976956 193.656
6.76993 0.252803 1900768 169.295
6.85111 0.0877577 1825120 58.769
6.93325 3.18443 1737192 2132.53
7.01639 0.950565 1649440 636.568
7.10058 0.195823 1549012 131.137
7.18569 0.181651 1441740 121.647
7.27174 0.516885 1326940 346.144
7.35886 0.543313 1207764 363.842
7.44702 1.23402 1075156 826.393
7.53611 5.52896 935664 3702.6
7.62659 470.061 801523 314787
7.71818 0.366712 692322 245.577
7.81076 0.471198 599362 315.549
7.90447 22.2279 516300 14885.4
7.99927 0.343666 441076 230.144
8.09511 0.315622 372798 211.364
8.19203 14.6769 311442 9828.72
8.2901 1.82982 255850 1225.38
8.3894 0.489983 206196 328.128
8.49004 0.395384 161820 264.778
8.59152 2.10542 121362 1409.94
8.69409 0.920394 88608 616.363
8.79786 3.0242 59292 2025.22
8.90093 4.99894 35826 3347.66
9.00404 20.4677 19252 13706.7
9.10719 160.329 7314 107368
9.20136 5692.27 1158 3.81196e+06
9.28665 3.08807e+08 1 2.068e+11
