# in Mpc/h Units 
# D1 = 0.0576514 
# k P N P(z=0)
0.020944 0.826995 6 248.818
0.0296192 0.672231 12 202.255
0.036276 0.55668 8 167.489
0.0418879 0.457086 6 137.524
0.0468321 0.42898 24 129.067
0.051302 0.396695 24 119.354
0.0592384 0.358487 12 107.858
0.0628319 0.346903 30 104.373
0.0662306 0.330511 24 99.4409
0.0694632 0.317508 24 95.5287
0.072552 0.302661 8 91.0616
0.0755145 0.289696 24 87.1611
0.0783651 0.273871 48 82.3998
0.0837758 0.252316 6 75.9145
0.0863541 0.233254 48 70.1793
0.0888577 0.220134 36 66.232
0.0912926 0.20762 24 62.4666
0.0936642 0.197737 24 59.4933
0.0959772 0.189178 48 56.918
0.0982358 0.180845 24 54.4109
0.102604 0.167199 24 50.3051
0.10472 0.159732 30 48.0587
0.106794 0.157683 72 47.4423
0.108828 0.154978 32 46.6284
0.112787 0.148306 72 44.621
0.114715 0.146781 48 44.1621
0.118477 0.142159 12 42.7715
0.120314 0.140411 48 42.2455
0.122123 0.138027 48 41.5282
0.123906 0.136502 48 41.0695
0.125664 0.135114 30 40.6517
0.127397 0.133678 24 40.2197
0.129107 0.130935 72 39.3944
0.132461 0.127168 24 38.2612
0.134107 0.124018 96 37.3134
0.135732 0.121844 48 36.6592
0.137339 0.119669 24 36.005
0.138926 0.11677 24 35.1325
0.140496 0.114374 72 34.4118
0.142049 0.111586 48 33.5729
0.145104 0.107904 8 32.4651
0.146608 0.10608 54 31.9164
0.148632 0.101139 132 30.4298
0.151029 0.0973493 24 29.2895
0.152474 0.0949269 72 28.5607
0.153906 0.0933684 96 28.0918
0.15673 0.089304 48 26.8689
0.158123 0.0874502 48 26.3112
0.160531 0.0850642 96 25.5933
0.163577 0.0813664 72 24.4807
0.164913 0.080239 96 24.1415
0.167552 0.0904222 6 27.2054
0.169502 0.0765214 192 23.023
0.172283 0.0747427 72 22.4879
0.173974 0.0739602 96 22.2524
0.17523 0.0733249 48 22.0613
0.178418 0.0719511 84 21.648
0.180167 0.0709611 120 21.3501
0.181741 0.0705128 80 21.2152
0.184179 0.0693878 144 20.8768
0.187328 0.0679636 24 20.4483
0.188867 0.0672017 150 20.219
0.191267 0.066379 120 19.9715
0.193903 0.0650507 168 19.5718
0.196472 0.0638811 24 19.2199
0.198088 0.0629176 264 18.9301
0.199793 0.0616954 48 18.5623
0.202698 0.0599169 144 18.0272
0.205919 0.0583091 72 17.5435
0.207757 0.0567281 180 17.0678
0.21056 0.0546722 246 16.4492
0.213587 0.0530112 72 15.9495
0.215528 0.0523143 240 15.7398
0.218352 0.05035 104 15.1488
0.219662 0.0495175 144 14.8984
0.223423 0.0477109 240 14.3548
0.22618 0.0464989 192 13.9901
0.228278 0.0458141 120 13.7841
0.231217 0.0441737 246 13.2906
0.234628 0.0434789 288 13.0815
0.237806 0.0425394 156 12.7988
0.239714 0.04197 216 12.6275
0.242607 0.0412007 264 12.3961
0.245954 0.0405583 264 12.2028
0.248695 0.0398396 192 11.9866
0.252641 0.0390636 318 11.7531
0.255182 0.0385053 248 11.5851
0.257969 0.0377047 336 11.3442
0.260901 0.0370121 264 11.1359
0.263594 0.0362919 120 10.9192
0.266618 0.0353214 420 10.6272
0.269843 0.0345325 264 10.3898
0.273272 0.0334651 366 10.0687
0.275985 0.0328702 336 9.88967
0.280415 0.0316252 456 9.5151
0.283902 0.0306844 384 9.23203
0.287082 0.0298697 432 8.98692
0.291553 0.0288256 296 8.67278
0.29372 0.0285493 390 8.58964
0.297469 0.0278065 444 8.36614
0.301416 0.0270394 600 8.13536
0.304904 0.0266003 408 8.00324
0.308899 0.0258529 408 7.77837
0.311881 0.0255972 384 7.70145
0.316099 0.0249915 774 7.5192
0.320152 0.0244551 432 7.35781
0.323319 0.0240564 456 7.23785
0.327249 0.0233699 620 7.03131
0.331125 0.0227576 600 6.84709
0.335425 0.0225482 582 6.7841
0.339086 0.0219141 576 6.59331
0.342966 0.0211349 768 6.35887
0.347538 0.0206093 744 6.20072
0.352007 0.0200476 648 6.03174
0.356145 0.0196178 666 5.90241
0.360285 0.0190319 960 5.72615
0.365066 0.0184519 752 5.55164
0.368573 0.0181181 552 5.45119
0.372864 0.0178169 984 5.36059
0.378105 0.0206127 1062 6.20174
0.382338 0.0170288 648 5.12347
0.386795 0.016614 1140 4.99868
0.391574 0.0161379 864 4.85543
0.396297 0.0158705 1062 4.77495
0.401127 0.0153779 968 4.62677
0.405513 0.014938 1248 4.4944
0.410547 0.0146042 864 4.39398
0.41537 0.0141804 1404 4.26646
0.420644 0.0140436 1086 4.2253
0.425289 0.0134463 1272 4.04559
0.430681 0.0131084 1392 3.94393
0.436011 0.0128244 1376 3.85848
0.440941 0.0127305 1110 3.83023
0.446174 0.0122638 1740 3.6898
0.45185 0.0118894 1584 3.57717
0.457529 0.0116098 1368 3.49303
0.462665 0.0113157 1662 3.40455
0.467842 0.0110823 1536 3.33433
0.473473 0.0107464 1820 3.23327
0.479577 0.0104408 1902 3.14134
0.485197 0.0102456 1704 3.08261
0.490809 0.00996733 2040 2.99888
0.497084 0.00968181 2088 2.91297
0.503027 0.00944326 1842 2.8412
0.508843 0.00918571 2456 2.76371
0.51514 0.00888243 1968 2.67246
0.521205 0.00877668 2382 2.64064
0.527271 0.00852354 2352 2.56448
0.533802 0.0083054 2604 2.49885
0.539882 0.00812547 2280 2.44471
0.546709 0.00936492 2990 2.81763
0.553468 0.00765933 2880 2.30447
0.559954 0.00745558 2508 2.24316
0.566543 0.00735099 3126 2.2117
0.573496 0.00712367 3216 2.1433
0.580523 0.00688749 3032 2.07224
0.587241 0.00685162 3294 2.06145
0.594316 0.00654319 3540 1.96865
0.601466 0.00638023 3408 1.91962
0.609018 0.00621708 4014 1.87054
0.61634 0.00606953 3728 1.82614
0.623417 0.0059011 3588 1.77547
0.630695 0.00581814 4230 1.75051
0.638291 0.00558021 4176 1.67892
0.645683 0.00550011 4158 1.65482
0.653416 0.00533357 4652 1.60471
0.660988 0.00519742 4584 1.56375
0.669506 0.00509836 5454 1.53395
0.677708 0.00497063 4884 1.49552
0.685505 0.0047777 5000 1.43747
0.694 0.00471211 5934 1.41773
0.702333 0.00456134 5376 1.37237
0.710789 0.0045459 5898 1.36773
0.719251 0.00432697 6216 1.30186
0.727942 0.00423891 6104 1.27536
0.736661 0.00418717 6618 1.25979
0.745211 0.00399475 6480 1.2019
0.754127 0.00425136 6918 1.27911
0.762976 0.00383555 7304 1.154
0.772239 0.00379463 7338 1.14169
0.781657 0.0037206 8376 1.11942
0.791082 0.00353055 7590 1.06224
0.800591 0.00364989 8780 1.09814
0.810283 0.00341394 8496 1.02715
0.820075 0.00360482 9294 1.08458
0.829801 0.00323174 8828 0.972336
0.839624 0.00363741 9846 1.09439
0.849851 0.00309087 10248 0.929952
0.860395 0.00401211 10626 1.20712
0.870624 0.00297634 10520 0.895494
0.880856 0.00487547 10902 1.46689
0.8914 0.00284778 11796 0.856813
0.902254 0.00565827 11894 1.70241
0.912774 0.00268856 12060 0.808908
0.923682 0.171108 12942 51.4815
0.934704 0.00252628 13224 0.760082
0.946056 0.00549831 14042 1.65428
0.957461 0.00245127 14400 0.737516
0.969088 0.00375381 15054 1.12941
0.980756 0.0031597 15194 0.950662
0.992313 0.00284095 15768 0.854757
1.00427 0.00278344 16626 0.837455
1.0163 0.00233274 17168 0.701853
1.02842 0.00259925 17334 0.782038
1.04065 0.0022271 18564 0.670068
1.05325 0.00244501 19214 0.735632
1.06615 0.00252263 20298 0.758986
1.07882 0.00219642 19800 0.660839
1.09171 0.00233555 21434 0.702697
1.10469 0.0021163 21630 0.636731
1.1179 0.00213292 22976 0.641734
1.13133 0.00211846 23370 0.637381
1.14472 0.00202899 24240 0.610463
1.15877 0.00208702 26642 0.627923
1.17281 0.002061 25518 0.620094
1.18671 0.00204528 27498 0.615365
1.20092 0.00213661 27944 0.642843
1.21541 0.00208438 29778 0.627128
1.23005 0.00214194 30158 0.644447
1.24487 0.00208203 32076 0.626421
1.25995 0.00234474 32430 0.705463
1.27496 0.00280544 33602 0.844075
1.29008 0.00223451 34584 0.672298
1.30561 0.29373 36842 88.3747
1.32148 0.0028036 38070 0.843521
1.33731 0.00238471 38402 0.717489
1.35304 0.00228623 39600 0.68786
1.36931 0.00228871 42786 0.688607
1.38597 0.00223288 43754 0.671808
1.40251 0.00227699 44190 0.685079
1.41927 0.0023519 47042 0.707616
1.43629 0.00216187 48000 0.650442
1.45349 0.00225394 50210 0.678144
1.47092 0.00359801 51678 1.08254
1.48857 0.00235683 54050 0.709101
1.50651 0.00242414 56010 0.729351
1.5246 0.00241708 57782 0.727228
1.54296 0.00249507 60306 0.750694
1.5614 0.00256026 61244 0.770305
1.57996 0.00276196 64086 0.830991
1.59904 0.0104238 67706 3.13622
1.61841 0.00280664 69486 0.844436
1.63786 0.00290876 71426 0.875161
1.65727 0.00287931 72882 0.866301
1.67716 0.00517179 78230 1.55604
1.69752 0.00304635 80378 0.916558
1.71789 0.00319507 82242 0.961303
1.73855 0.00363292 86546 1.09304
1.75938 0.00342937 87750 1.0318
1.78034 0.00353411 91922 1.06331
1.80163 0.00377212 94890 1.13492
1.82321 0.0040822 99062 1.22821
1.84528 0.0524595 103898 15.7835
1.86742 0.00449041 105090 1.35103
1.88971 0.00431758 109874 1.29903
1.91235 0.00483153 114110 1.45367
1.93516 0.00440385 116850 1.32499
1.95828 0.00475527 122672 1.43072
1.98195 0.00488202 128874 1.46886
2.00592 0.00520417 131714 1.56578
2.02983 0.00538696 134822 1.62078
2.05418 0.0285195 142866 8.58067
2.07887 0.00616332 145514 1.85436
2.10372 0.00750257 151880 2.2573
2.12915 0.00919745 159746 2.76724
2.15486 0.00969158 162858 2.91591
2.18054 0.0123077 167474 3.70302
2.20649 0.0176892 174110 5.32217
2.23302 7.55075 183336 2271.8
2.25999 0.0186884 189146 5.6228
2.28711 0.0115272 194354 3.46821
2.31452 0.0123379 202496 3.71212
2.3423 0.00945125 209754 2.8436
2.37031 0.0092405 215618 2.78019
2.39862 0.0787094 224600 23.6813
2.42748 0.00956121 235370 2.87669
2.45668 0.00903163 240794 2.71735
2.48608 0.00922858 250560 2.77661
2.5159 0.00900957 259874 2.71071
2.54615 0.0099163 270224 2.98352
2.57673 0.061275 278570 18.4358
2.60767 0.0193276 290216 5.81511
2.63893 0.0102223 298370 3.07558
2.67053 0.010548 310928 3.17357
2.70255 0.0108777 321522 3.27277
2.73501 0.0132055 334640 3.97316
2.76784 0.0287218 345302 8.64154
2.80103 0.0126741 358736 3.81326
2.83468 0.0130351 372320 3.92188
2.86869 0.0199112 384386 5.99071
2.90306 0.0169335 398576 5.0948
2.93788 0.0168222 414032 5.06131
2.97314 0.0184362 428570 5.54692
3.00878 0.0248252 443420 7.46917
3.04485 0.0377665 460880 11.3628
3.08141 0.0446577 477608 13.4362
3.11839 0.0886014 494666 26.6575
3.15587 30.1481 514172 9070.67
3.19377 0.0654623 531200 19.6957
3.23206 0.0391089 549944 11.7667
3.27078 0.0846561 569924 25.4705
3.31006 0.0256078 593642 7.70464
3.34977 0.0240339 610856 7.2311
3.38996 0.0520668 637756 15.6654
3.43072 0.0278665 659240 8.38422
3.47187 0.0218403 681752 6.57111
3.51352 0.130793 708404 39.3516
3.55566 0.0268411 731720 8.07569
3.59831 0.0223965 761324 6.73844
3.64146 0.0435666 785624 13.1079
3.68509 0.0272961 815932 8.21258
3.72935 0.0257928 848150 7.76029
3.77412 0.027868 875876 8.38467
3.81939 0.0325172 909872 9.78347
3.86521 0.199236 940708 59.9443
3.91154 0.0317147 975368 9.542
3.95847 0.0740085 1012826 22.267
4.00597 0.0314254 1047892 9.45497
4.05405 0.203348 1088600 61.1815
4.10276 0.0340752 1127762 10.2522
4.15198 0.0688078 1166140 20.7022
4.20175 0.0574168 1209440 17.275
4.25218 0.0491014 1255802 14.7732
4.30322 0.054178 1298860 16.3006
4.35482 0.0749342 1347110 22.5455
4.40705 0.167758 1395124 50.4736
4.45993 17.6212 1448666 5301.71
4.51349 0.157511 1501036 47.3905
4.56763 0.067304 1552442 20.2498
4.6224 0.161823 1611310 48.6878
4.67785 0.0533595 1669244 16.0543
4.73396 0.192949 1729786 58.0525
4.79079 0.0741274 1796522 22.3028
4.84827 0.0578732 1856476 17.4123
4.90642 0.0581133 1928050 17.4846
4.96533 1.02449 1998290 308.239
5.02487 0.0898433 2065786 27.0312
5.0851 0.0953107 2145058 28.6762
5.14613 0.518566 2224298 156.021
5.20788 0.182553 2303434 54.9248
5.27036 0.276853 2388202 83.2969
5.33364 53.6871 2478599 16152.9
5.39744 0.175007 2508700 52.6543
5.46211 9.58076 2510380 2882.57
5.52769 0.17826 2512288 53.6333
5.59404 0.208738 2497276 62.8031
5.66113 0.183043 2490536 55.0723
5.72904 0.216718 2476432 65.204
5.79779 8.47069 2464036 2548.58
5.86736 1.07012 2441572 321.967
5.93771 0.130549 2420164 39.2783
6.00892 0.490737 2394628 147.648
6.08102 0.11966 2368624 36.0021
6.15399 0.159031 2332204 47.8477
6.2278 6.45052 2296528 1940.77
6.30252 4.87711 2255452 1467.38
6.37813 0.336924 2208364 101.371
6.45461 0.147388 2156872 44.3448
6.53204 0.2268 2104512 68.2373
6.6104 2.44795 2039548 736.517
6.68969 0.63172 1976956 190.066
6.76993 0.483826 1900768 145.569
6.85111 0.182125 1825120 54.796
6.93325 5.54349 1737192 1667.87
7.01639 1.47559 1649440 443.962
7.10058 0.821468 1549012 247.155
7.18569 0.321798 1441740 96.8194
7.27174 2.81879 1326940 848.092
7.35886 1.05951 1207764 318.777
7.44702 2.48087 1075156 746.419
7.53611 7.16414 935664 2155.48
7.62659 333.842 801523 100443
7.71818 1.0528 692322 316.757
7.81076 1.78583 599362 537.305
7.90447 87.0922 516300 26203.5
7.99927 1.80866 441076 544.174
8.09511 1.13204 372798 340.597
8.19203 12.4825 311442 3755.62
8.2901 2.60486 255850 783.724
8.3894 2.92615 206196 880.391
8.49004 0.82533 161820 248.317
8.59152 6.14917 121362 1850.1
8.69409 3.15006 88608 947.761
8.79786 78.5594 59292 23636.2
8.90093 6.26855 35826 1886.02
9.00404 28.8248 19252 8672.54
9.10719 261.477 7314 78670.8
9.20136 6429.32 1158 1.93439e+06
9.28665 1.83095e+08 1 5.5088e+10
