1.029040177618553268e-05 3.218355578460113886e+00
1.077537347075755397e-05 3.365378677374703642e+00
1.128320117714053564e-05 3.519118117253433375e+00
1.181496206598536814e-05 3.679880705469588342e+00
1.237178407343173439e-05 3.847987263208237252e+00
1.295484829361181252e-05 4.023773266720627184e+00
1.356539148390940875e-05 4.207589512204648052e+00
1.420470868828809358e-05 4.399802819368989759e+00
1.487415598425310724e-05 4.600796759506218692e+00
1.557515335927354874e-05 4.810972430916420350e+00
1.630918772276620122e-05 5.030749237364904758e+00
1.707781606002975501e-05 5.260565746726443059e+00
1.788266873481928943e-05 5.500880551554275577e+00
1.872545294756653312e-05 5.752173188360906408e+00
1.960795635658077471e-05 6.014945089777675058e+00
2.053205086991183168e-05 6.289720589364646841e+00
2.149969661591798070e-05 6.577047962690603988e+00
2.251294610096106729e-05 6.877500510085365448e+00
2.357394856304752259e-05 7.191677724537327343e+00
2.468495453065053485e-05 7.520206456675738060e+00
2.584832059638256506e-05 7.863742173015044301e+00
2.706651441564422811e-05 8.222970273702584265e+00
2.834211994085227777e-05 8.598607438930095270e+00
2.967784290234908837e-05 8.991403056056599397e+00
3.107651654761948908e-05 9.402140719384066259e+00
3.254110765098859294e-05 9.831639787738161829e+00
3.407472280654770080e-05 1.028075699052614134e+01
3.568061501765716029e-05 1.075038816450576284e+01
3.736219059700245386e-05 1.124147000802064156e+01
3.912301639184014691e-05 1.175498194317823319e+01
4.096682734975910382e-05 1.229194806444523635e+01
4.289753444100520373e-05 1.285343916497221883e+01
4.491923295417322591e-05 1.344057485724554901e+01
4.703621118286352264e-05 1.405452578899362948e+01
4.925295952172734727e-05 1.469651596009336991e+01
5.157417999119608549e-05 1.536782513945262885e+01
5.400479621109689120e-05 1.606979139276540280e+01
5.654996384431069630e-05 1.680381371798924661e+01
5.921508153262391544e-05 1.757135480901660785e+01
6.200580234797210615e-05 1.837394391869310084e+01
6.492804578336307524e-05 1.921317988218850914e+01
6.798801030891528851e-05 2.009073422992743829e+01
7.119218651964405497e-05 2.100835448494507318e+01
7.454737090288367240e-05 2.196786755421461379e+01
7.806068025454858102e-05 2.297118332709843358e+01
8.173956677481096034e-05 2.402029833793746860e+01
8.559183387521734476e-05 2.511729968571820848e+01
8.962565273077010631e-05 2.626436908240838264e+01
9.384957961208543456e-05 2.746378702315554321e+01
9.827257403439031743e-05 2.871793720886982015e+01
1.029040177618556148e-04 3.002931108880603261e+01
1.077537347075760378e-04 3.140051265408926895e+01
1.128320117714058917e-04 3.283426336376981425e+01
1.181496206598542370e-04 3.433340729570872440e+01
1.237178407343176895e-04 3.590091652131651045e+01
1.295484829361185047e-04 3.753989664861151709e+01
1.356539148390944907e-04 3.925359261049352000e+01
1.420470868828813322e-04 4.104539465409344245e+01
1.487415598425317399e-04 4.291884456602258524e+01
1.557515335927362192e-04 4.487764210560674627e+01
1.630918772276627711e-04 4.692565166178396652e+01
1.707781606002980448e-04 4.906690915614291271e+01
1.788266873481933754e-04 5.130562915026056459e+01
1.872545294756658733e-04 5.364621218616457554e+01
1.960795635658083502e-04 5.609325233436348412e+01
2.053205086991192520e-04 5.865154497862006622e+01
2.149969661591808032e-04 6.132609475887258554e+01
2.251294610096113370e-04 6.412212377423890075e+01
2.357394856304758832e-04 6.704507988423964093e+01
2.468495453065060533e-04 7.010064527710683535e+01
2.584832059638263418e-04 7.329474505288823138e+01
2.706651441564435754e-04 7.663355598830835902e+01
2.834211994085240991e-04 8.012351539260467348e+01
2.967784290234922254e-04 8.377133002620834645e+01
3.107651654761963409e-04 8.758398489063488057e+01
3.254110765098869188e-04 9.156875217422872026e+01
3.407472280654780380e-04 9.573319991214312097e+01
3.568061501765732563e-04 1.000852005404160110e+02
3.736219059700263004e-04 1.046329392633150377e+02
3.912301639184032715e-04 1.093849219865847715e+02
4.096682734975929763e-04 1.143499829381929374e+02
4.289753444100532706e-04 1.195372916318576415e+02
4.491923295417335330e-04 1.249563593321762056e+02
4.703621118286365138e-04 1.306170447014149829e+02
4.925295952172758715e-04 1.365295585324674050e+02
5.157417999119627387e-04 1.427044674637900812e+02
5.400479621109713921e-04 1.491526965907738429e+02
5.654996384431086164e-04 1.558855305795981394e+02
5.921508153262408213e-04 1.629146135477748487e+02
6.200580234797234197e-04 1.702519469958670015e+02
6.492804578336332190e-04 1.779098862428275254e+02
6.798801030891554872e-04 1.859011347691007074e+02
7.119218651964438023e-04 1.942387363572099730e+02
7.454737090288402748e-04 2.029360653511237160e+02
7.806068025454881683e-04 2.120068143966441312e+02
8.173956677481120699e-04 2.214649798999862185e+02
8.559183387521759412e-04 2.313248448808873547e+02
8.962565273077044512e-04 2.416009600322400672e+02
9.384957961208579506e-04 2.523081208413564696e+02
9.827257403439066709e-04 2.634613443041775440e+02
1.029040177618561081e-03 2.750758412299023234e+02
1.077537347075763468e-03 2.871669868636341221e+02
1.128320117714062170e-03 2.997502891685088002e+02
1.181496206598546843e-03 3.128413524163909187e+02
1.237178407343181774e-03 3.264558388696293036e+02
1.295484829361189926e-03 3.406094264096497000e+02
1.356539148390949840e-03 3.553167309532004765e+02
1.420470868828819936e-03 3.705933436989862457e+02
1.487415598425321627e-03 3.864554827563179060e+02
1.557515335927368155e-03 4.029182932979663292e+02
1.630918772276633783e-03 4.199966036417542909e+02
1.707781606002986736e-03 4.377048220857986962e+02
1.788266873481940801e-03 4.560568161582733069e+02
1.872545294756667623e-03 4.750657778064259560e+02
1.960795635658092555e-03 4.947440644954374989e+02
2.053205086991198754e-03 5.151030298807713734e+02
2.149969661591816326e-03 5.361528349695911402e+02
2.251294610096122098e-03 5.579022557423411399e+02
2.357394856304767614e-03 5.803584859351691421e+02
2.468495453065071808e-03 6.035269451033024097e+02
2.584832059638275670e-03 6.274110937472838714e+02
2.706651441564443018e-03 6.520122571542948435e+02
2.834211994085249122e-03 6.773294511055169096e+02
2.967784290234930927e-03 7.033591971905669880e+02
3.107651654761964168e-03 7.300953151205733320e+02
3.254110765098838613e-03 7.575286712029239879e+02
3.407472280654614497e-03 7.856468798584692195e+02
3.568061501765026639e-03 8.144339518921386798e+02
3.736219059697566160e-03 8.438699297787816249e+02
3.912301639174221336e-03 8.739305170338781181e+02
4.096682734941757553e-03 9.045867442586448988e+02
4.289753443986300298e-03 9.358046802249989469e+02
4.491923295050394803e-03 9.675451722592828219e+02
4.703621117152471595e-03 9.997635678566219894e+02
4.925295948798731963e-03 1.032409421063507807e+03
5.157417989442737889e-03 1.065426158709817400e+03
5.400479594333781538e-03 1.098750422570762339e+03
5.654996312886919306e-03 1.132312632597236643e+03
5.921507968497448371e-03 1.166035793171043224e+03
6.200579773192443564e-03 1.199835218514144799e+03
6.492803461703234788e-03 1.233617999321173556e+03
6.798798413196692134e-03 1.267282644460565962e+03
7.119212699878748468e-03 1.300718897465503687e+03
7.454723952313587268e-03 1.333807774858000130e+03
7.806039850843615908e-03 1.366421333207734278e+03
8.173897926951098625e-03 1.398422193087943015e+03
8.559064171164382923e-03 1.429662729422271013e+03
8.962329678115426440e-03 1.459984788500636341e+03
9.384504201732724385e-03 1.489219142493964682e+03
9.826405044216434195e-03 1.517188534252436511e+03
1.028883918849269122e-02 1.543701708222965635e+03
1.077257608191381499e-02 1.568559350945543883e+03
1.127830814634357172e-02 1.591552592063592783e+03
1.180659620006340067e-02 1.612465287384018666e+03
1.235779794316738643e-02 1.631079464616180985e+03
1.293198000157381837e-02 1.647180088534111519e+03
1.352881821715280590e-02 1.660563501755544848e+03
1.414749696861993325e-02 1.671046015784504334e+03
1.478662537584923657e-02 1.678479850054591452e+03
1.544419382886071460e-02 1.682773799561600981e+03
1.611759458336814443e-02 1.683892533340455429e+03
1.680372160290583700e-02 1.681871397022613792e+03
1.749914700236533324e-02 1.676824583783740081e+03
1.820034949826071155e-02 1.668932073130321896e+03
1.890395369238730833e-02 1.658429275541732977e+03
1.960693617498533367e-02 1.645588769312363411e+03
2.030676664643928792e-02 1.630701058875454919e+03
2.100147285609867132e-02 1.614057539263189256e+03
2.168963745600106796e-02 1.595936890319369013e+03
2.237034628180123094e-02 1.576596299392715537e+03
2.304311005570365556e-02 1.556267109968222485e+03
2.370777788134564856e-02 1.535153200623060684e+03
2.436445488394975087e-02 1.513431461867671715e+03
2.501343061418024455e-02 1.491254079076376684e+03
2.565512058580618482e-02 1.468752167961470832e+03
2.629002070710066696e-02 1.446036512934746042e+03
2.691867305345391898e-02 1.423203135424343600e+03
2.754164096769653666e-02 1.400332911206473682e+03
2.815949149207300217e-02 1.377496452426814585e+03
2.877278337712231918e-02 1.354753235655145090e+03
2.938205922691190797e-02 1.332155884616845924e+03
2.998784064862364956e-02 1.309749963523556289e+03
3.059062554323719110e-02 1.287574077750281049e+03
3.119088689314087129e-02 1.265663642845832783e+03
3.178907257390314184e-02 1.244048266407264009e+03
3.238560584790855373e-02 1.222755233471481461e+03
3.298088629499451585e-02 1.201808405912515354e+03
3.357529100697326935e-02 1.181228607366076631e+03
3.416917592520074543e-02 1.161033621849437850e+03
3.476287723811363750e-02 1.141240455333493628e+03
3.535671278272498746e-02 1.121863504504877483e+03
3.595098341333116676e-02 1.102915348599674417e+03
3.654597431428435739e-02 1.084406637174307889e+03
3.714195624320248967e-02 1.066347315768137605e+03
3.773918669757257705e-02 1.048744821982386611e+03
3.833791100219352543e-02 1.031606428651360147e+03
3.893836331790070937e-02 1.014936179901118408e+03
3.954076757395805913e-02 9.987393188912176356e+02
4.014533832770345728e-02 9.830178543399333648e+02
4.075228155571859745e-02 9.677740035613317104e+02
4.136179538112188386e-02 9.530075724179700956e+02
4.197407074167237157e-02 9.387180138032709920e+02
4.258929200329989589e-02 9.249033973495720602e+02
4.320763752350354620e-02 9.115605971074345462e+02
4.382928016882605554e-02 8.986854118777612257e+02
4.445438779034227572e-02 8.862727070647176788e+02
4.508312366081786843e-02 8.743158988864462344e+02
4.571564687690968937e-02 8.628074566022251020e+02
4.635211272950216788e-02 8.517386657965842005e+02
4.699267304500966830e-02 8.410997977482458055e+02
4.763747650022534530e-02 8.308798886628005675e+02
4.828666891306477443e-02 8.210669304176976766e+02
4.894039351133849108e-02 8.116477681110840194e+02
4.959879118149084637e-02 8.026080704781498980e+02
5.026200069906206630e-02 7.939326048197813179e+02
5.093015894246651770e-02 7.856047777952472870e+02
5.160340109153219862e-02 7.776071175999005618e+02
5.228186081210967062e-02 7.699210564650722972e+02
5.296567042793830227e-02 7.625269075707317370e+02
5.365496108084567145e-02 7.554040511914045055e+02
5.434986288025688006e-02 7.485308012539428546e+02
5.505050504290025237e-02 7.418847291356327105e+02
5.575701602351387093e-02 7.354423706640814089e+02
5.646952363728499624e-02 7.291795049901787706e+02
5.718815517468638782e-02 7.230712796542949263e+02
5.791303750931513922e-02 7.170920876896951768e+02
5.864429719928467705e-02 7.112159648183582021e+02
5.938206058267133519e-02 7.054163375101800284e+02
6.012645386747345055e-02 6.996665429613772176e+02
6.087760321650007717e-02 6.939397447644221302e+02
6.163563482757069417e-02 6.882090482882064180e+02
6.240067500937422629e-02 6.824479121928650329e+02
6.317285025330578174e-02 6.766302194794939169e+02
6.395228730157269392e-02 6.707303245260631002e+02
6.473911321183734024e-02 6.647235272717422276e+02
6.553345541864097346e-02 6.585861598872803597e+02
6.633544179183357981e-02 6.522958148650980092e+02
6.714520069221617538e-02 6.458316205390085543e+02
6.796286102458454215e-02 6.391744768170932502e+02
6.878855228834956925e-02 6.323073363771630966e+02
6.962240462589383561e-02 6.252152458939217468e+02
7.046454886881314827e-02 6.178858442445431365e+02
7.131511658217890015e-02 6.103094048084038832e+02
7.217424010694739600e-02 6.024789965987208689e+02
7.304205260063255378e-02 5.943908128352690028e+02
7.391868807634943694e-02 5.860441449663861704e+02
7.480428144032857940e-02 5.774415847157442840e+02
7.569896852799315456e-02 5.685890812333701660e+02
7.660288613868526664e-02 5.594960303126784993e+02
7.751617206912074509e-02 5.501752294740718980e+02
7.843896514564649425e-02 5.406426823343864498e+02
7.937140525537049462e-02 5.309178538839427119e+02
8.031363337622783594e-02 5.210231863737515141e+02
8.126579160604435748e-02 5.109840891394860591e+02
8.222802319065355969e-02 5.008286472044640050e+02
8.320047255112109075e-02 4.905873433003841910e+02
8.418328531012565785e-02 4.802927443871352580e+02
8.517660831754457484e-02 4.699791579472254170e+02
8.618058967528809122e-02 4.596820910589424898e+02
8.719537876142507971e-02 4.494380782437130506e+02
8.822112625364023075e-02 4.392839666080676011e+02
8.925798415206162573e-02 4.292565281600899993e+02
9.030610580149447952e-02 4.193921292643087213e+02
9.136564591309763450e-02 4.097260686101823239e+02
9.243676058553587649e-02 4.002922529813012034e+02
9.351960732564142120e-02 3.911224361839575749e+02
9.461434506861630955e-02 3.822463408603003359e+02
9.572113419780721444e-02 3.736906262297291050e+02
9.684013656408220483e-02 3.654789656460717424e+02
9.797151550484056726e-02 3.576315832196389124e+02
9.911543586268375949e-02 3.501649568140406927e+02
1.002720640037777361e-01 3.430913742019231449e+02
1.014415678359347484e-01 3.364190843251938077e+02
1.026241168264434706e-01 3.301519341614719565e+02
1.038198820196766514e-01 3.242891592061210986e+02
1.050290360545038382e-01 3.188255809076915739e+02
1.062517531815398431e-01 3.137512022914216345e+02
1.074882092802563055e-01 3.090515515001067683e+02
1.087385818759866452e-01 3.047076743335412630e+02
1.100030501568542984e-01 3.006959824517641664e+02
1.112817949906536458e-01 2.969887904303192840e+02
1.125749989417156177e-01 2.935543150660570859e+02
1.138828462877875536e-01 2.903570865470776994e+02
1.152055230369606886e-01 2.873581666098422147e+02
1.165432169446773691e-01 2.845160342606224617e+02
1.178961175308505388e-01 2.817866589573187639e+02
1.192644160971306211e-01 2.791246634206298722e+02
1.206483057443541451e-01 2.764838601442019694e+02
1.220479813902099753e-01 2.738182469709485645e+02
1.234636397871595875e-01 2.710829258107509645e+02
1.248954795406493762e-01 2.682354710240883264e+02
1.263437011276531963e-01 2.652365253995731678e+02
1.278085069155853737e-01 2.620514168978803582e+02
1.292901011816239010e-01 2.586510290832512737e+02
1.307886901324868123e-01 2.550125716588616456e+02
1.323044819247035098e-01 2.511208147307608272e+02
1.338376866854261438e-01 2.469683046667683186e+02
1.353885165338254148e-01 2.425561789956013286e+02
1.369571856031176482e-01 2.378940307189890007e+02
1.385439100632715748e-01 2.329999377855224338e+02
1.401489081444423079e-01 2.278998839041963720e+02
1.417724001611844198e-01 2.226273194104767583e+02
1.434146085374942703e-01 2.172217688703104272e+02
1.450757578327361574e-01 2.117280795028527507e+02
1.467560747685052458e-01 2.061947663181327357e+02
1.484557882564836173e-01 2.006725699983301183e+02
1.501751294273471482e-01 1.952128181606121586e+02
1.519143316607806660e-01 1.898659524069551594e+02
1.536736306166627819e-01 1.846796084460152940e+02
1.554532642674811838e-01 1.796974695698823155e+02
1.572534729320420877e-01 1.749578738718007287e+02
1.590744993105386862e-01 1.704924352660101761e+02
1.609165885210439850e-01 1.663252966479146835e+02
1.627799881374979718e-01 1.624722919180413214e+02
1.646649482292567024e-01 1.589404612244318002e+02
1.665717214022766901e-01 1.557279754130535707e+02
1.685005628420064572e-01 1.528239976019180233e+02
1.704517303580609933e-01 1.502090744837171883e+02
1.724254844307557544e-01 1.478556831237160054e+02
1.744220882595796107e-01 1.457292011974527952e+02
1.764418078136870960e-01 1.437886895125415379e+02
1.784849118844925864e-01 1.419885549580575912e+02
1.805516721404526737e-01 1.402798987031413844e+02
1.826423631841229689e-01 1.386313467124874137e+02
1.847572626115793204e-01 1.369839573091712737e+02
1.868966510742950393e-01 1.352801489796196677e+02
1.890608123435695287e-01 1.334759720228781248e+02
1.912500333776046835e-01 1.315344679577132183e+02
1.934646043913283708e-01 1.294280591506969529e+02
1.957048189290695184e-01 1.271405647754965997e+02
1.979709739401877000e-01 1.246683282504077255e+02
2.002633698577686305e-01 1.220206898597993046e+02
2.025823106804963691e-01 1.192189843440310568e+02
2.049281040578171120e-01 1.162948445331780221e+02
2.073010613785153111e-01 1.132876094190933429e+02
2.097014978628238269e-01 1.102410301899979999e+02
2.121297326581959852e-01 1.072006813300538681e+02
2.145860889388701287e-01 1.042108425150802304e+02
2.170708940093636075e-01 1.013124707041975228e+02
2.195844794120354326e-01 9.854146386935539681e+01
2.221271810388649182e-01 9.592760066618808423e+01
2.246993392475959694e-01 9.349322198154501962e+01
2.273012989824049201e-01 9.125273556523735863e+01
2.299334098992540376e-01 8.921138796537599092e+01
2.325960264961001167e-01 8.736475787946601201e+01
2.352895082481343825e-01 8.569848558826279827e+01
2.380142197482364164e-01 8.418846687091735248e+01
2.407705308528337584e-01 8.280272281097933273e+01
2.435588168333649162e-01 8.150332485549449757e+01
2.463794585335547793e-01 8.024999394588409984e+01
2.492328425327181851e-01 7.900319978389147479e+01
2.521193613153183688e-01 7.772774121006959547e+01
2.550394134470173602e-01 7.639508255446624219e+01
2.579934037574660999e-01 7.498519522231525514e+01
2.609817435300933464e-01 7.348730765202414261e+01
2.640048506991660715e-01 7.190011149901313559e+01
2.670631500544060621e-01 7.023187360025687553e+01
2.701570734534616269e-01 6.849971892238738747e+01
2.732870600425497121e-01 6.672862835728405173e+01
2.764535564855973848e-01 6.494943303669207069e+01
2.796570172022300182e-01 6.319567432632444337e+01
2.828979046149722176e-01 6.149953731462058215e+01
2.861766894060437938e-01 5.988798791866128113e+01
2.894938507841575137e-01 5.837960427314988721e+01
2.928498767617436216e-01 5.698306012125612341e+01
2.962452644430511595e-01 5.569720067159867938e+01
2.996805203236005966e-01 5.451282548866129929e+01
3.031561606014871457e-01 5.341455537449102309e+01
3.066727115010653981e-01 5.238271894909777870e+01
3.102307096095709982e-01 5.139481746770026405e+01
3.138307022272717739e-01 5.042706784375366169e+01
3.174732477317707136e-01 4.945661373015868634e+01
3.211589159571227592e-01 4.846435735226321384e+01
3.248882885884629146e-01 4.743799397862880340e+01
3.286619595728871301e-01 4.637406348175733228e+01
3.324805355473692270e-01 4.527779740597314628e+01
3.363446362845464166e-01 4.416127407062425902e+01
3.402548951572541003e-01 4.304019848093049916e+01
3.442119596227460332e-01 4.193135538447173616e+01
3.482164917275928917e-01 4.085076465756824149e+01
3.522691686343140671e-01 3.981265281895205277e+01
3.563706831708625122e-01 3.882801562636775117e+01
3.605217444041549091e-01 3.790278492110773101e+01
3.647230782389130344e-01 3.703579901352284764e+01
3.689754280431650768e-01 3.621882356952168891e+01
3.732795553018418144e-01 3.543860774378035927e+01
3.776362402999949852e-01 3.468053407667832744e+01
3.820462828372688802e-01 3.393181367669728132e+01
3.865105029753582722e-01 3.318302324422672456e+01
3.910297418203095288e-01 3.242807120139662658e+01
3.956048623416362764e-01 3.166426279707700786e+01
4.002367502303660896e-01 3.089309661304861621e+01
4.049263147982700151e-01 3.012098581891743265e+01
4.096744899206873347e-01 2.935792072033685685e+01
4.144822350255257248e-01 2.861411660190825401e+01
4.193505361311947177e-01 2.789685183324058571e+01
4.242804069364301545e-01 2.720928814942985952e+01
4.292728899651767627e-01 2.655155594916170259e+01
4.343290577699231991e-01 2.592187019952840288e+01
4.394500141971342533e-01 2.531611606801312675e+01
4.446368957186906390e-01 2.472745837217576081e+01
4.498908728335365703e-01 2.414796064333903658e+01
4.552131515440532294e-01 2.357190662061714903e+01
4.606049749120129100e-01 2.299777232287956963e+01
4.660676246993462057e-01 2.242712800016515473e+01
4.716024230993498545e-01 2.186241420984172734e+01
4.772107345644105436e-01 2.130650910753566407e+01
4.828939677367909966e-01 2.076346985774204157e+01
4.886535774895496842e-01 2.023756605203823966e+01
4.944910670852308288e-01 1.973048256003501777e+01
5.004079904605844842e-01 1.924036274807531299e+01
5.064059546462518213e-01 1.876399457627215384e+01
5.124866223310927671e-01 1.829905346042077952e+01
5.186517145816456065e-01 1.784343218606739256e+01
5.249030137280977781e-01 1.739429384337866225e+01
5.312423664291162639e-01 1.695012243148620712e+01
5.376716869289701606e-01 1.651244254040491555e+01
5.441929605215389820e-01 1.608382845895629387e+01
5.508082472371068627e-01 1.566533502973226177e+01
5.575196857692650276e-01 1.525734517756369435e+01
5.643294976608141944e-01 1.486091325204043301e+01
5.712399917692982942e-01 1.447593438509602315e+01
5.782535690347158086e-01 1.409994811326110131e+01
5.853727275740745473e-01 1.373120575413633482e+01
5.926000681298077000e-01 1.336973940104657466e+01
5.999382999016674711e-01 1.301513950036822997e+01
6.073902467946098449e-01 1.266673017340471041e+01
6.149588541183889090e-01 1.232578231157659410e+01
6.226471957781590794e-01 1.199354056730550333e+01
6.304584819993639400e-01 1.166923235585471907e+01
6.383960676346354113e-01 1.135255570557895233e+01
6.464634611053873270e-01 1.104379396873395613e+01
6.546643340363426100e-01 1.074156134048661748e+01
6.630025316474527086e-01 1.044507585788540638e+01
6.714820839746378223e-01 1.015520592071548300e+01
6.801072179986218380e-01 9.871504175850953189e+00
6.888823707699404109e-01 9.593815854131230836e+00
6.978122036281354523e-01 9.323092461017015609e+00
7.069016176243497762e-01 9.058493451487297676e+00
7.161557702691939697e-01 8.799636835880697561e+00
7.255800937420814334e-01 8.546889333840374192e+00
7.351803147144638784e-01 8.299200035955562882e+00
7.449624759578298283e-01 8.057001595589792231e+00
7.549329599282891268e-01 7.820403052203492855e+00
7.650985145434316959e-01 7.588749546068361163e+00
7.754662813943836719e-01 7.362730439575874364e+00
7.860438266670932705e-01 7.141455582982614736e+00
7.968391750825017938e-01 6.925143900033051914e+00
8.078608472060814227e-01 6.713609723638196414e+00
8.191179005241245870e-01 6.506564874826029410e+00
8.306199747381171061e-01 6.304386348317065902e+00
8.423773417906990080e-01 6.106404010991661302e+00
8.544009612084781935e-01 5.913111231196745976e+00
8.667025414299286412e-01 5.723767525560971237e+00
8.792946078826791023e-01 5.538858316635764112e+00
8.921905786859266607e-01 5.357756474490831700e+00
9.054048489831312274e-01 5.180884892099260064e+00
9.189528850606745181e-01 5.007699226245444279e+00
9.328513295834732766e-01 4.838502877253901602e+00
9.471181194828981464e-01 4.672850534310618364e+00
9.617726182708334903e-01 4.510921945488266083e+00
9.768357648321611686e-01 4.352503185297374344e+00
9.923302410731880130e-01 4.197447885497985531e+00
1.008280661183382998e+00 4.045894836255070182e+00
1.024713785711147906e+00 3.897501152597177221e+00
1.041658764171173202e+00 3.752319406312084826e+00
1.059147410502112363e+00 3.610321035063673190e+00
1.077214516390308185e+00 3.471303282539861534e+00
1.095898208279519004e+00 3.335229512188853551e+00
1.115240354808125334e+00 3.202112066807362378e+00
1.135287032460973622e+00 3.071833558081476845e+00
1.156089058393027669e+00 2.944305361219512029e+00
1.177702600664697341e+00 2.819454238843538629e+00
1.200189877492346069e+00 2.697258909521589310e+00
1.223619958497567550e+00 2.577642520997934117e+00
1.248069682219163257e+00 2.460547852187132012e+00
1.273624705135964597e+00 2.345924898555943106e+00
1.300380697818873665e+00 2.233713888966686323e+00
1.328444703088440537e+00 2.123877960489858108e+00
1.357936668439728711e+00 2.016375540180215697e+00
1.388991159379611817e+00 1.911176929559785131e+00
1.421759250072735847e+00 1.808249251515857914e+00
1.456410570539667715e+00 1.707628024139266065e+00
1.493135462577029449e+00 1.609263088871047298e+00
1.532147155842956465e+00 1.513191949448565055e+00
1.573683817090831161e+00 1.419412865130031287e+00
1.618010245952629544e+00 1.328020079692075139e+00
1.665418889522406243e+00 1.239065822368021319e+00
1.716229731839497896e+00 1.152646043063618730e+00
1.770788503100223510e+00 1.068877826215988147e+00
1.829462587962437103e+00 9.879206382899771155e-01
1.892634060178072675e+00 9.099727567990100185e-01
1.960689521091351972e+00 8.352067780683958276e-01
2.034006954285962010e+00 7.638586697207159215e-01
2.112940640278162974e+00 6.961480614353466878e-01
2.197806161785149648e+00 6.322712972642388074e-01
2.288868324985995795e+00 5.724122508301886514e-01
2.386334950024412649e+00 5.166906336297294455e-01
2.490358594358577093e+00 4.651729602476156189e-01
2.601046457866011519e+00 4.178368805258126373e-01
2.718476620456069082e+00 3.745945036337263723e-01
2.842717269799518665e+00 3.352991434238030144e-01
2.973845279280553644e+00 2.997420358012558572e-01
3.111961344067847524e+00 2.676837801266714334e-01
3.257200312369513018e+00 2.388594003394526322e-01
3.409736706257668004e+00 2.130041695155076020e-01
3.569786314764870294e+00 1.898471583649212202e-01
3.737605094090247437e+00 1.691379054261512582e-01
3.913486565835365916e+00 1.506292914294275753e-01
4.097758656224693929e+00 1.341056376286615115e-01
4.290780618066341923e+00 1.193619893893765466e-01
4.492940408151365084e+00 1.062105514536271639e-01
4.704652688811980177e+00 9.448342341560787838e-02
4.926357485762534516e+00 8.403313940500131696e-02
5.158519453952778555e+00 7.472015095055842271e-02
5.401627664255538974e+00 6.642358268420034406e-02
5.656195812707396797e+00 5.903619408113748579e-02
5.922762759660307630e+00 5.246027163696467127e-02
6.201893320383940811e+00 4.660573760978206637e-02
6.494179245770354214e+00 4.139574817485183050e-02
6.800240348361498377e+00 3.676186153942504614e-02
7.120725743119951545e+00 3.263883942789603393e-02
7.456315183529974355e+00 2.897340746829277572e-02
7.807720481815982438e+00 2.571361881592799936e-02
8.175687007747658441e+00 2.281753613780566556e-02
8.560995264246523462e+00 2.024344057024201476e-02
8.964462540378475452e+00 1.795597027478350316e-02
9.386944643773812658e+00 1.592454550141919611e-02
9.829337715405554121e+00 1.412072127998662517e-02
1.029258013021413731e+01 1.251851248000629586e-02
1.077765448744236565e+01 1.109595406215727574e-02
1.128558969482792840e+01 9.833833359155325429e-03
1.181746315104283518e+01 8.713636926251291243e-03
1.237440303099635130e+01 7.719720079577396116e-03
1.295759067884382532e+01 6.838250582687967032e-03
1.356826311377559513e+01 6.056470792711370066e-03
1.420771565390041324e+01 5.363268823508964174e-03
1.487730466378877914e+01 4.748086690783934714e-03
1.557845043150401665e+01 4.203334975353699259e-03
1.631264018122371340e+01 3.720516500014086226e-03
1.708143122784154855e+01 3.292384064693556264e-03
1.788645428024101847e+01 2.913223628041022341e-03
1.872941690024758188e+01 2.577450250098966937e-03
1.961014591388376616e+01 2.280553621698777796e-03
