# in Mpc/h Units 
# D1 = 1 
# k P N P(z=0)
0.020944 7.22605e-14 12 7.22605e-14
0.0296192 1.82129e-13 24 1.82129e-13
0.036276 1.29464e-14 16 1.29464e-14
0.0418879 1.25286e-12 12 1.25286e-12
0.0468321 2.55742e-12 48 2.55742e-12
0.051302 1.38162e-12 48 1.38162e-12
0.0592384 1.79808e-12 24 1.79808e-12
0.0628319 5.75131e-12 60 5.75131e-12
0.0662306 2.34513e-11 48 2.34513e-11
0.0694632 1.31398e-11 48 1.31398e-11
0.072552 3.85636e-13 16 3.85636e-13
0.0755145 1.09639e-11 48 1.09639e-11
0.0783651 8.8897e-12 96 8.8897e-12
0.0837758 5.88006e-11 12 5.88006e-11
0.0863541 1.1292e-11 96 1.1292e-11
0.0888577 2.70574e-11 72 2.70574e-11
0.0912926 1.77437e-11 48 1.77437e-11
0.0936642 2.64348e-11 48 2.64348e-11
0.0959772 4.34289e-11 96 4.34289e-11
0.0982358 5.81954e-12 48 5.81954e-12
0.102604 3.24211e-11 48 3.24211e-11
0.10472 2.19816e-11 60 2.19816e-11
0.106794 7.43552e-11 144 7.43552e-11
0.108828 9.29472e-11 64 9.29472e-11
0.112787 5.90349e-11 144 5.90349e-11
0.114715 8.1659e-11 96 8.1659e-11
0.118477 3.58158e-11 24 3.58158e-11
0.120314 5.74107e-11 96 5.74107e-11
0.122123 3.57809e-11 96 3.57809e-11
0.123906 9.52631e-11 96 9.52631e-11
0.125664 4.81822e-11 60 4.81822e-11
0.127397 1.72022e-10 48 1.72022e-10
0.129107 1.58076e-10 144 1.58076e-10
0.132461 1.93668e-10 48 1.93668e-10
0.134107 1.23672e-10 192 1.23672e-10
0.135732 1.03916e-10 96 1.03916e-10
0.137339 8.79955e-11 48 8.79955e-11
0.138926 1.58244e-10 48 1.58244e-10
0.140496 8.84117e-11 144 8.84117e-11
0.142049 1.80153e-10 96 1.80153e-10
0.145104 1.3513e-11 16 1.3513e-11
0.146608 2.42934e-10 108 2.42934e-10
0.148096 1.84397e-10 168 1.84397e-10
0.14957 2.17991e-10 96 2.17991e-10
0.151029 1.25916e-10 48 1.25916e-10
0.152474 3.68217e-10 144 3.68217e-10
0.153906 1.97314e-10 192 1.97314e-10
0.15673 1.28424e-10 96 1.28424e-10
0.158123 1.18467e-10 96 1.18467e-10
0.159504 2.80919e-10 48 2.80919e-10
0.160874 2.51704e-10 144 2.51704e-10
0.163577 1.17725e-10 144 1.17725e-10
0.164913 1.96671e-10 192 1.96671e-10
0.167552 2.18445e-09 12 2.18445e-09
0.168856 4.27685e-10 192 4.27685e-10
0.170149 3.2196e-10 192 3.2196e-10
0.171434 2.57698e-10 48 2.57698e-10
0.172708 3.82688e-10 96 3.82688e-10
0.173974 5.51404e-10 192 5.51404e-10
0.17523 7.86985e-11 96 7.86985e-11
0.177715 6.74537e-10 72 6.74537e-10
0.178945 4.39142e-10 96 4.39142e-10
0.180167 4.01322e-10 240 4.01322e-10
0.18138 2.68455e-10 112 2.68455e-10
0.182585 2.53178e-10 48 2.53178e-10
0.183782 3.38063e-10 192 3.38063e-10
0.184972 3.65775e-10 96 3.65775e-10
0.187328 4.61811e-10 48 4.61811e-10
0.188496 3.74538e-10 204 3.74538e-10
0.190347 7.8034e-10 240 7.8034e-10
0.191954 5.35453e-10 96 5.35453e-10
0.193094 6.88527e-10 96 6.88527e-10
0.194226 5.52041e-10 240 5.52041e-10
0.196472 8.38345e-11 48 8.38345e-11
0.197585 4.58905e-10 288 4.58905e-10
0.199006 6.91957e-10 336 6.91957e-10
0.201976 5.35845e-10 96 5.35845e-10
0.203059 6.40318e-10 192 6.40318e-10
0.205208 5.07255e-10 48 5.07255e-10
0.206274 6.85781e-10 96 6.85781e-10
0.207335 8.80088e-10 216 8.80088e-10
0.20839 4.84293e-10 144 4.84293e-10
0.210326 6.30351e-10 396 6.30351e-10
0.211524 1.15346e-09 96 1.15346e-09
0.213587 8.13535e-10 144 8.13535e-10
0.214612 9.75348e-10 192 9.75348e-10
0.215631 9.18011e-10 144 9.18011e-10
0.216957 1.07946e-09 208 1.07946e-09
0.218661 7.91788e-10 144 7.91788e-10
0.219662 1.07859e-09 288 1.07859e-09
0.223129 9.13344e-10 384 9.13344e-10
0.224599 7.77878e-10 96 7.77878e-10
0.22618 9.40132e-10 384 9.40132e-10
0.22751 1.22777e-09 144 1.22777e-09
0.229429 1.55742e-09 96 1.55742e-09
0.230383 6.30022e-10 156 6.30022e-10
0.231604 9.86914e-10 336 9.86914e-10
0.23416 1.46639e-09 288 1.46639e-09
0.235095 1.64811e-09 288 1.64811e-09
0.236954 4.95877e-10 24 4.95877e-10
0.238108 1.20374e-09 384 1.20374e-09
0.239975 1.33674e-09 336 1.33674e-09
0.241537 6.62962e-10 96 6.62962e-10
0.242444 1.44127e-09 336 1.44127e-09
0.244844 1.10289e-09 288 1.10289e-09
0.246417 1.22961e-09 336 1.22961e-09
0.248401 1.78544e-09 288 1.78544e-09
0.249576 6.48056e-10 96 6.48056e-10
0.251327 6.8679e-10 60 6.8679e-10
0.252777 1.77903e-09 576 1.77903e-09
0.254191 1.88648e-09 160 1.88648e-09
0.25601 1.27639e-09 576 1.27639e-09
0.258214 2.20291e-09 144 2.20291e-09
0.2594 1.65991e-09 480 1.65991e-09
0.26075 9.85778e-10 192 9.85778e-10
0.262904 2.1744e-09 336 2.1744e-09
0.265657 1.73226e-09 432 1.73226e-09
0.266722 1.76692e-09 264 1.76692e-09
0.268622 1.33751e-09 384 1.33751e-09
0.269844 8.88548e-10 240 8.88548e-10
0.271964 2.35325e-09 252 2.35325e-09
0.273543 1.87382e-09 576 1.87382e-09
0.275842 2.66709e-09 624 2.66709e-09
0.277853 2.66374e-09 48 2.66374e-09
0.279641 3.16033e-09 528 3.16033e-09
0.28148 1.58854e-09 384 1.58854e-09
0.282936 2.90436e-09 384 2.90436e-09
0.285198 2.1606e-09 672 2.1606e-09
0.286404 3.34796e-09 96 3.34796e-09
0.288084 2.18646e-09 480 2.18646e-09
0.291553 2.12229e-09 592 2.12229e-09
0.292736 2.8818e-09 300 2.8818e-09
0.294335 3.4541e-09 480 3.4541e-09
0.296659 3.64162e-09 456 3.64162e-09
0.298323 2.83684e-09 432 2.83684e-09
0.300394 3.6361e-09 672 3.6361e-09
0.302928 3.77235e-09 720 3.77235e-09
0.304588 2.52414e-09 288 2.52414e-09
0.305974 4.38635e-09 336 4.38635e-09
0.308578 2.36682e-09 624 2.36682e-09
0.310884 4.20575e-09 576 4.20575e-09
0.312408 3.85693e-09 384 3.85693e-09
0.314799 3.68289e-09 732 3.68289e-09
0.317265 4.2469e-09 816 4.2469e-09
0.319597 5.29599e-09 336 5.29599e-09
0.320771 5.5262e-09 672 5.5262e-09
0.3227 3.6465e-09 480 3.6465e-09
0.32574 4.64106e-09 760 4.64106e-09
0.32795 3.56722e-09 768 3.56722e-09
0.330224 3.78239e-09 480 3.78239e-09
0.331726 4.69295e-09 720 4.69295e-09
0.333831 5.59122e-09 396 5.59122e-09
0.336246 4.90703e-09 768 4.90703e-09
0.338319 5.73272e-09 768 5.73272e-09
0.341157 5.29126e-09 864 5.29126e-09
0.343593 4.08225e-09 1056 4.08225e-09
0.346262 5.26401e-09 576 5.26401e-09
0.347842 7.23825e-09 576 7.23825e-09
0.350326 4.95944e-09 912 4.95944e-09
0.352828 4.78929e-09 720 4.78929e-09
0.354442 4.87313e-09 360 4.87313e-09
0.356776 6.54455e-09 972 6.54455e-09
0.359142 7.24989e-09 1008 7.24989e-09
0.361681 6.81657e-09 1024 6.81657e-09
0.363857 6.22116e-09 528 6.22116e-09
0.366441 7.25716e-09 1200 7.25716e-09
0.368657 6.9826e-09 576 6.9826e-09
0.371486 6.99842e-09 1344 6.99842e-09
0.374587 9.26232e-09 816 9.26232e-09
0.376839 7.82803e-09 924 7.82803e-09
0.379079 7.82173e-09 1200 7.82173e-09
0.38178 8.99987e-09 1008 8.99987e-09
0.384712 1.05238e-08 648 1.05238e-08
0.386663 9.66102e-09 1488 9.66102e-09
0.389313 6.97499e-09 912 6.97499e-09
0.39167 8.44236e-09 864 8.44236e-09
0.394428 8.65185e-09 1440 8.65185e-09
0.397811 9.55062e-09 1068 9.55062e-09
0.400019 1.08344e-08 1072 1.08344e-08
0.402781 1.08972e-08 1248 1.08972e-08
0.405015 9.15174e-09 1200 9.15174e-09
0.40766 1.04699e-08 1392 1.04699e-08
0.410865 1.03511e-08 912 1.03511e-08
0.413244 1.10011e-08 1464 1.10011e-08
0.416084 1.08664e-08 1200 1.08664e-08
0.418986 1.22789e-08 1404 1.22789e-08
0.421544 1.2889e-08 1344 1.2889e-08
0.424534 1.25701e-08 1536 1.25701e-08
0.42751 1.20851e-08 1536 1.20851e-08
0.430034 1.33425e-08 816 1.33425e-08
0.432751 1.31123e-08 2160 1.31123e-08
0.436344 1.41595e-08 1264 1.41595e-08
0.438896 1.16686e-08 1500 1.16686e-08
0.44171 1.69498e-08 1392 1.69498e-08
0.444585 1.64149e-08 1752 1.64149e-08
0.447784 1.23414e-08 1728 1.23414e-08
0.45034 1.61557e-08 1536 1.61557e-08
0.453413 1.63791e-08 1776 1.63791e-08
0.456575 1.60036e-08 1632 1.60036e-08
0.459787 1.94968e-08 1308 1.94968e-08
0.462622 1.63782e-08 2592 1.63782e-08
0.465862 2.02801e-08 1632 2.02801e-08
0.468802 2.00647e-08 1632 2.00647e-08
0.471915 1.78221e-08 2176 1.78221e-08
0.475472 1.57576e-08 2040 1.57576e-08
0.478779 1.80765e-08 2064 1.80765e-08
0.481919 1.93294e-08 1884 1.93294e-08
0.484939 2.35901e-08 2064 2.35901e-08
0.488502 2.15693e-08 2256 2.15693e-08
0.491034 2.35477e-08 1776 2.35477e-08
0.494348 2.42433e-08 2352 2.42433e-08
0.497688 2.22513e-08 1920 2.22513e-08
0.500527 2.20699e-08 2220 2.20699e-08
0.504331 2.67097e-08 2232 2.67097e-08
0.507364 2.64558e-08 2704 2.64558e-08
0.510774 2.39691e-08 2400 2.39691e-08
0.514275 2.59241e-08 2448 2.59241e-08
0.517978 2.91876e-08 2640 2.91876e-08
0.521294 2.51096e-08 2256 2.51096e-08
0.524822 3.19094e-08 3036 3.19094e-08
0.527973 3.27785e-08 2160 3.27785e-08
0.531698 2.99118e-08 3048 2.99118e-08
0.535226 3.13718e-08 2832 3.13718e-08
0.539103 3.11327e-08 3408 3.11327e-08
0.543 3.20753e-08 2176 3.20753e-08
0.546011 3.41693e-08 2892 3.41693e-08
0.549827 3.8104e-08 3600 3.8104e-08
0.55369 3.80614e-08 3024 3.80614e-08
0.557166 3.83639e-08 2784 3.83639e-08
0.560475 3.33668e-08 2784 3.33668e-08
0.564609 4.03367e-08 3924 4.03367e-08
0.56859 3.62937e-08 3552 3.62937e-08
0.572441 4.26875e-08 3360 4.26875e-08
0.5763 3.88573e-08 3552 3.88573e-08
0.580121 4.14268e-08 3088 4.14268e-08
0.583625 4.08112e-08 3792 4.08112e-08
0.587525 4.31595e-08 3324 4.31595e-08
0.591428 5.20656e-08 3816 5.20656e-08
0.595301 4.64216e-08 4368 4.64216e-08
0.599624 4.64129e-08 3696 4.64129e-08
0.603294 4.94396e-08 3696 4.94396e-08
0.60771 5.24285e-08 4476 5.24285e-08
0.611568 5.70251e-08 4176 5.70251e-08
0.615779 5.94455e-08 4384 5.94455e-08
0.619303 5.60777e-08 3072 5.60777e-08
0.623194 5.50493e-08 4824 5.50493e-08
0.627636 5.7983e-08 4524 5.7983e-08
0.631826 6.4991e-08 4896 6.4991e-08
0.635971 6.45029e-08 4080 6.45029e-08
0.64039 6.02595e-08 5952 6.02595e-08
0.644956 5.88219e-08 4368 5.88219e-08
0.649302 7.10839e-08 5100 7.10839e-08
0.653461 7.12291e-08 4792 7.12291e-08
0.657644 7.15779e-08 5520 7.15779e-08
0.662026 7.13156e-08 4848 7.13156e-08
0.666685 7.16624e-08 5664 7.16624e-08
0.670916 7.59219e-08 5148 7.59219e-08
0.675462 8.65599e-08 6048 8.65599e-08
0.679703 7.61076e-08 4968 7.61076e-08
0.684292 8.40227e-08 6336 8.40227e-08
0.688927 8.71179e-08 5788 8.71179e-08
0.693468 8.99897e-08 5712 8.99897e-08
0.698026 8.82666e-08 6768 8.82666e-08
0.702952 9.36688e-08 6480 9.36688e-08
0.707372 8.59654e-08 5712 8.59654e-08
0.712317 9.86099e-08 6948 9.86099e-08
0.716936 1.01507e-07 6864 1.01507e-07
0.721869 1.05467e-07 7104 1.05467e-07
0.726964 9.72841e-08 7120 9.72841e-08
0.73163 1.10486e-07 6540 1.10486e-07
0.736224 1.12751e-07 7104 1.12751e-07
0.74119 1.11108e-07 7560 1.11108e-07
0.746118 1.10386e-07 7920 1.10386e-07
0.751313 1.17413e-07 7392 1.17413e-07
0.756133 1.32601e-07 7452 1.32601e-07
0.761156 1.27909e-07 8752 1.27909e-07
0.766095 1.31687e-07 7296 1.31687e-07
0.771205 1.29765e-07 8664 1.29765e-07
0.776456 1.36108e-07 8508 1.36108e-07
0.781432 1.44496e-07 8592 1.44496e-07
0.786733 1.38403e-07 8640 1.38403e-07
0.791574 1.35773e-07 8736 1.35773e-07
0.797255 1.54494e-07 9652 1.54494e-07
0.802676 1.4777e-07 10032 1.4777e-07
0.808005 1.63074e-07 9216 1.63074e-07
0.813482 1.5362e-07 9648 1.5362e-07
0.818759 1.71352e-07 9900 1.71352e-07
0.824173 1.67671e-07 10464 1.67671e-07
0.829708 1.72075e-07 9960 1.72075e-07
0.834919 1.70857e-07 9676 1.70857e-07
0.840568 1.88771e-07 12048 1.88771e-07
0.846479 1.89178e-07 11040 1.89178e-07
0.851948 1.92189e-07 10800 1.92189e-07
0.857592 1.94285e-07 11076 1.94285e-07
0.863369 2.06811e-07 12912 2.06811e-07
0.869182 2.09712e-07 11008 2.09712e-07
0.874831 2.00992e-07 12336 2.00992e-07
0.880682 2.15677e-07 11820 2.15677e-07
0.886294 2.29519e-07 12744 2.29519e-07
0.892352 2.26138e-07 13536 2.26138e-07
0.898399 2.24865e-07 12588 2.24865e-07
0.904229 2.52878e-07 13312 2.52878e-07
0.910231 2.4918e-07 14448 2.4918e-07
0.916513 2.51607e-07 13416 2.51607e-07
0.922651 2.6386e-07 15132 2.6386e-07
0.92895 2.71876e-07 14832 2.71876e-07
0.935092 2.59969e-07 13968 2.59969e-07
0.940995 2.85532e-07 14620 2.85532e-07
0.947406 2.94191e-07 16296 2.94191e-07
0.953652 2.88618e-07 15264 2.88618e-07
0.960017 2.89989e-07 16176 2.89989e-07
0.966595 3.14181e-07 16956 3.14181e-07
0.972908 3.0698e-07 16224 3.0698e-07
0.979222 3.10703e-07 16216 3.10703e-07
0.985855 3.40948e-07 19020 3.40948e-07
0.992666 3.31075e-07 16944 3.31075e-07
0.998881 3.42284e-07 17664 3.42284e-07
1.00551 3.52812e-07 17796 3.52812e-07
1.01216 3.60552e-07 20016 3.60552e-07
1.01908 3.67326e-07 18784 3.67326e-07
1.02599 3.84502e-07 20412 3.84502e-07
1.03271 4.01126e-07 19056 4.01126e-07
1.03948 3.95794e-07 20472 3.95794e-07
1.04641 4.09464e-07 20796 4.09464e-07
1.05346 4.14185e-07 21568 4.14185e-07
1.06036 4.26037e-07 21168 4.26037e-07
1.0676 4.22195e-07 22692 4.22195e-07
1.07471 4.6567e-07 22800 4.6567e-07
1.08175 4.6389e-07 22032 4.6389e-07
1.08895 4.78115e-07 23740 4.78115e-07
1.09637 4.75226e-07 25032 4.75226e-07
1.10369 4.81376e-07 23760 4.81376e-07
1.11092 5.16742e-07 23772 5.16742e-07
1.1181 5.1306e-07 26208 5.1306e-07
1.12573 5.21239e-07 25528 5.21239e-07
1.1332 5.45799e-07 26892 5.45799e-07
1.14081 5.39174e-07 26928 5.39174e-07
1.14829 5.58384e-07 26796 5.58384e-07
1.15605 5.89562e-07 29256 5.89562e-07
1.16374 5.74942e-07 28048 5.74942e-07
1.1717 5.97132e-07 30108 5.97132e-07
1.17935 6.23956e-07 28992 6.23956e-07
1.18713 6.20121e-07 30024 6.20121e-07
1.195 6.68108e-07 30844 6.68108e-07
1.20281 6.84546e-07 31248 6.84546e-07
1.21088 6.77211e-07 32292 6.77211e-07
1.21904 7.13352e-07 34128 7.13352e-07
1.22715 7.11185e-07 32304 7.11185e-07
1.23533 7.23481e-07 35020 7.23481e-07
1.24354 7.70386e-07 34344 7.70386e-07
1.25174 7.51159e-07 35760 7.51159e-07
1.26013 7.86997e-07 36060 7.86997e-07
1.26845 7.92304e-07 37360 7.92304e-07
1.27706 8.20367e-07 38340 8.20367e-07
1.28545 8.40231e-07 37440 8.40231e-07
1.29387 8.52919e-07 39072 8.52919e-07
1.3027 9.01497e-07 41908 9.01497e-07
1.31143 8.80974e-07 40656 8.80974e-07
1.3202 9.28594e-07 41436 9.28594e-07
1.32891 9.56327e-07 42696 9.56327e-07
1.33775 9.52323e-07 43068 9.52323e-07
1.34663 9.86547e-07 44512 9.86547e-07
1.35548 9.78035e-07 44208 9.78035e-07
1.3645 1.0278e-06 46356 1.0278e-06
1.37362 1.06776e-06 47760 1.06776e-06
1.38289 1.05774e-06 48460 1.05774e-06
1.39214 1.11839e-06 48936 1.11839e-06
1.40146 1.12317e-06 50460 1.12317e-06
1.41076 1.15727e-06 50656 1.15727e-06
1.42016 1.13954e-06 51636 1.13954e-06
1.42955 1.20943e-06 53232 1.20943e-06
1.43897 1.18792e-06 52752 1.18792e-06
1.44856 1.25224e-06 56068 1.25224e-06
1.45815 1.24988e-06 55632 1.24988e-06
1.46783 1.34179e-06 56796 1.34179e-06
1.47755 1.33003e-06 59304 1.33003e-06
1.48753 1.34407e-06 60268 1.34407e-06
1.4975 1.39202e-06 61584 1.39202e-06
1.50759 1.41602e-06 62436 1.41602e-06
1.51744 1.45441e-06 61824 1.45441e-06
1.52762 1.45811e-06 66316 1.45811e-06
1.53782 1.49614e-06 65544 1.49614e-06
1.54798 1.52293e-06 66300 1.52293e-06
1.55817 1.58159e-06 68512 1.58159e-06
1.56867 1.59274e-06 71124 1.59274e-06
1.579 1.6517e-06 69984 1.6517e-06
1.58955 1.64651e-06 74316 1.64651e-06
1.60018 1.66528e-06 73912 1.66528e-06
1.61084 1.7136e-06 75900 1.7136e-06
1.62148 1.77612e-06 76992 1.77612e-06
1.63242 1.77777e-06 80548 1.77777e-06
1.64322 1.84445e-06 78528 1.84445e-06
1.65411 1.87655e-06 82932 1.87655e-06
1.66512 1.91076e-06 83920 1.91076e-06
1.67627 1.98355e-06 85404 1.98355e-06
1.68736 1.97376e-06 86712 1.97376e-06
1.69863 2.02869e-06 89772 2.02869e-06
1.70994 2.07405e-06 90496 2.07405e-06
1.72135 2.11755e-06 92724 2.11755e-06
1.73279 2.11888e-06 93948 2.11888e-06
1.74428 2.20963e-06 96472 2.20963e-06
1.75588 2.2358e-06 97548 2.2358e-06
1.76756 2.2949e-06 101232 2.2949e-06
1.77941 2.31776e-06 102100 2.31776e-06
1.79124 2.3445e-06 104544 2.3445e-06
1.80325 2.40931e-06 107316 2.40931e-06
1.81507 2.4351e-06 105280 2.4351e-06
1.82722 2.49979e-06 114732 2.49979e-06
1.83948 2.54116e-06 110340 2.54116e-06
1.85166 2.5846e-06 117088 2.5846e-06
1.86408 2.6281e-06 117012 2.6281e-06
1.87633 2.64232e-06 117936 2.64232e-06
1.88886 2.7498e-06 124732 2.7498e-06
1.90144 2.79778e-06 122532 2.79778e-06
1.914 2.79491e-06 127920 2.79491e-06
1.92679 2.9117e-06 129460 2.9117e-06
1.93957 2.90365e-06 132720 2.90365e-06
1.95256 3.00533e-06 135556 3.00533e-06
1.96563 3.08309e-06 139116 3.08309e-06
1.97869 3.07168e-06 139320 3.07168e-06
1.99179 3.16836e-06 142780 3.16836e-06
2.00509 3.21434e-06 147948 3.21434e-06
2.01846 3.30571e-06 148392 3.30571e-06
2.03193 3.34876e-06 153244 3.34876e-06
2.04528 3.32659e-06 151032 3.32659e-06
2.05892 3.45516e-06 163020 3.45516e-06
2.07279 3.45621e-06 160276 3.45621e-06
2.0865 3.57628e-06 164736 3.57628e-06
2.10039 3.64397e-06 168196 3.64397e-06
2.11443 3.68983e-06 172572 3.68983e-06
2.12845 3.70769e-06 173400 3.70769e-06
2.14263 3.82886e-06 180028 3.82886e-06
2.15695 3.89518e-06 181860 3.89518e-06
2.17119 3.92211e-06 183388 3.92211e-06
2.18567 3.99513e-06 192456 3.99513e-06
2.20036 4.10271e-06 194028 4.10271e-06
2.21494 4.14212e-06 194740 4.14212e-06
2.22958 4.20269e-06 201312 4.20269e-06
2.24445 4.27958e-06 205060 4.27958e-06
2.25936 4.37497e-06 208908 4.37497e-06
2.27439 4.39765e-06 214392 4.39765e-06
2.28969 4.49682e-06 220828 4.49682e-06
2.30493 4.56211e-06 219156 4.56211e-06
2.32027 4.62575e-06 229948 4.62575e-06
2.33573 4.74728e-06 228792 4.74728e-06
2.35122 4.79366e-06 236380 4.79366e-06
2.3669 4.88824e-06 240996 4.88824e-06
2.38266 4.93178e-06 245436 4.93178e-06
2.39847 5.05235e-06 249208 5.05235e-06
2.41442 5.14798e-06 255900 5.14798e-06
2.43055 5.17085e-06 261652 5.17085e-06
2.44673 5.32291e-06 265020 5.32291e-06
2.4629 5.33594e-06 268360 5.33594e-06
2.47932 5.44307e-06 280428 5.44307e-06
2.4959 5.5623e-06 280036 5.5623e-06
2.51254 5.63112e-06 291300 5.63112e-06
2.52927 5.69233e-06 290700 5.69233e-06
2.54604 5.75912e-06 300376 5.75912e-06
2.56299 5.89928e-06 304428 5.89928e-06
2.58009 5.98521e-06 314452 5.98521e-06
2.5973 6.05088e-06 316236 6.05088e-06
2.61455 6.13738e-06 324676 6.13738e-06
2.63195 6.20299e-06 330756 6.20299e-06
2.64948 6.3491e-06 338512 6.3491e-06
2.66707 6.46476e-06 341364 6.46476e-06
2.68485 6.48511e-06 355132 6.48511e-06
2.70286 6.60799e-06 359220 6.60799e-06
2.72085 6.72745e-06 365380 6.72745e-06
2.73892 6.84322e-06 371388 6.84322e-06
2.75712 6.92798e-06 380692 6.92798e-06
2.77543 6.99092e-06 385704 6.99092e-06
2.79389 7.14468e-06 397612 7.14468e-06
2.81251 7.24447e-06 402756 7.24447e-06
2.83127 7.38592e-06 414892 7.38592e-06
2.85007 7.51615e-06 414516 7.51615e-06
2.86897 7.60048e-06 431524 7.60048e-06
2.88818 7.74216e-06 439404 7.74216e-06
2.90739 7.82767e-06 443044 7.82767e-06
2.92669 7.95807e-06 455508 7.95807e-06
2.94616 8.07709e-06 463420 8.07709e-06
2.96573 8.17327e-06 471988 8.17327e-06
2.98548 8.2746e-06 484692 8.2746e-06
3.00539 8.42931e-06 493408 8.42931e-06
3.02539 8.56748e-06 500820 8.56748e-06
3.04557 8.65791e-06 516820 8.65791e-06
3.06592 8.84391e-06 522828 8.84391e-06
3.0863 8.94037e-06 531748 8.94037e-06
3.10684 9.07806e-06 546900 9.07806e-06
3.12756 9.19769e-06 553948 9.19769e-06
3.1484 9.37374e-06 568804 9.37374e-06
3.16935 9.5075e-06 575508 9.5075e-06
3.19042 9.61602e-06 590020 9.61602e-06
3.21172 9.78476e-06 604284 9.78476e-06
3.2331 9.95891e-06 609892 9.95891e-06
3.25451 1.00482e-05 623284 1.00482e-05
3.27615 1.02128e-05 638652 1.02128e-05
3.2979 1.04317e-05 647236 1.04317e-05
3.31984 1.06037e-05 667488 1.06037e-05
3.34198 1.07709e-05 675940 1.07709e-05
3.3643 1.09261e-05 697516 1.09261e-05
3.38673 1.10964e-05 700692 1.10964e-05
3.40918 1.12264e-05 717556 1.12264e-05
3.43196 1.14613e-05 741156 1.14613e-05
3.45493 1.15738e-05 748516 1.15738e-05
3.47788 1.18487e-05 761116 1.18487e-05
3.50098 1.196e-05 776868 1.196e-05
3.52428 1.21679e-05 797044 1.21679e-05
3.54776 1.24298e-05 808084 1.24298e-05
3.5713 1.26386e-05 824328 1.26386e-05
3.59506 1.28164e-05 844516 1.28164e-05
3.61902 1.30392e-05 861508 1.30392e-05
3.64313 1.3177e-05 877812 1.3177e-05
3.66736 1.34807e-05 893476 1.34807e-05
3.69182 1.36564e-05 918196 1.36564e-05
3.71639 1.38334e-05 926760 1.38334e-05
3.7411 1.42115e-05 952276 1.42115e-05
3.76602 1.44083e-05 968644 1.44083e-05
3.7911 1.4626e-05 991476 1.4626e-05
3.81637 1.4926e-05 1008532 1.4926e-05
3.8418 1.51878e-05 1031392 1.51878e-05
3.8673 1.54594e-05 1041948 1.54594e-05
3.89298 1.57331e-05 1073764 1.57331e-05
3.91895 1.60326e-05 1093636 1.60326e-05
3.94503 1.62941e-05 1112356 1.62941e-05
3.97125 1.65881e-05 1135344 1.65881e-05
3.99772 1.68754e-05 1164628 1.68754e-05
4.02443 1.72307e-05 1186276 1.72307e-05
4.05121 1.75146e-05 1201840 1.75146e-05
4.07809 1.79041e-05 1228548 1.79041e-05
4.10526 1.82189e-05 1260100 1.82189e-05
4.13259 1.85847e-05 1277356 1.85847e-05
4.16008 1.88955e-05 1307968 1.88955e-05
4.18785 1.93127e-05 1339236 1.93127e-05
4.21573 1.96243e-05 1353844 1.96243e-05
4.24371 2.00582e-05 1385104 2.00582e-05
4.27197 2.04854e-05 1418356 2.04854e-05
4.30044 2.08546e-05 1442832 2.08546e-05
4.32905 2.13356e-05 1471396 2.13356e-05
4.35788 2.16715e-05 1505092 2.16715e-05
4.38688 2.21228e-05 1527520 2.21228e-05
4.41605 2.26181e-05 1564996 2.26181e-05
4.44546 2.30803e-05 1594356 2.30803e-05
4.47509 2.35906e-05 1629952 2.35906e-05
4.50493 2.40873e-05 1662532 2.40873e-05
4.53494 2.46487e-05 1691392 2.46487e-05
4.56506 2.51101e-05 1720468 2.51101e-05
4.59545 2.56798e-05 1767856 2.56798e-05
4.62609 2.62348e-05 1796676 2.62348e-05
4.65691 2.68291e-05 1835152 2.68291e-05
4.68789 2.74097e-05 1866388 2.74097e-05
4.71906 2.79916e-05 1905472 2.79916e-05
4.75048 2.88058e-05 1949044 2.88058e-05
4.78209 2.93083e-05 1980064 2.93083e-05
4.8139 3.00089e-05 2026876 3.00089e-05
4.84595 3.07166e-05 2062336 3.07166e-05
4.87821 3.14498e-05 2111220 3.14498e-05
4.91071 3.21618e-05 2148880 3.21618e-05
4.94338 3.28329e-05 2190292 3.28329e-05
4.97629 3.36765e-05 2239168 3.36765e-05
5.00945 3.44793e-05 2283844 3.44793e-05
5.04276 3.54564e-05 2320432 3.54564e-05
5.07626 3.61464e-05 2371984 3.61464e-05
5.1101 3.70072e-05 2430844 3.70072e-05
5.14418 3.80264e-05 2470144 3.80264e-05
5.1784 3.89502e-05 2518048 3.89502e-05
5.21287 3.98534e-05 2572420 3.98534e-05
5.24757 4.09345e-05 2621920 4.09345e-05
5.2825 4.19701e-05 2676112 4.19701e-05
5.31768 4.29968e-05 2729932 4.29968e-05
5.35308 4.40602e-05 2783536 4.40602e-05
5.38871 4.52686e-05 2840896 4.52686e-05
5.42459 4.63884e-05 2897716 4.63884e-05
5.46071 4.7644e-05 2955904 4.7644e-05
5.49705 4.89e-05 3012616 4.89e-05
5.53363 5.01627e-05 3076288 5.01627e-05
5.57046 5.15231e-05 3135124 5.15231e-05
5.60749 5.30179e-05 3193408 5.30179e-05
5.64482 5.4308e-05 3271144 5.4308e-05
5.68244 5.5901e-05 3333040 5.5901e-05
5.72029 5.73988e-05 3398608 5.73988e-05
5.7584 5.87751e-05 3468556 5.87751e-05
5.79671 6.07205e-05 3528784 6.07205e-05
5.83528 6.2391e-05 3609808 6.2391e-05
5.87416 6.4126e-05 3682048 6.4126e-05
5.91325 6.58892e-05 3747640 6.58892e-05
5.95258 6.79578e-05 3827200 6.79578e-05
5.99221 6.99171e-05 3905728 6.99171e-05
6.03213 7.1843e-05 3989932 7.1843e-05
6.07232 7.40988e-05 4064320 7.40988e-05
6.11272 7.64008e-05 4140248 7.64008e-05
6.15341 7.86749e-05 4234912 7.86749e-05
6.1944 8.10886e-05 4313200 8.10886e-05
6.23563 8.3596e-05 4400632 8.3596e-05
6.27716 8.62459e-05 4494544 8.62459e-05
6.31895 8.89766e-05 4574920 8.89766e-05
6.36099 9.19702e-05 4670848 9.19702e-05
6.40334 9.45669e-05 4766432 9.45669e-05
6.44597 9.78396e-05 4861096 9.78396e-05
6.48883 0.000100986 4948576 0.000100986
6.53202 0.000104187 5067448 0.000104187
6.57553 0.000107881 5157088 0.000107881
6.61931 0.000111414 5268308 0.000111414
6.66339 0.000115274 5370400 0.000115274
6.70776 0.000119169 5480536 0.000119169
6.7524 0.000123091 5583136 0.000123091
6.79737 0.000127601 5709880 0.000127601
6.84263 0.000132207 5808416 0.000132207
6.88816 0.000136745 5931928 0.000136745
6.93399 0.000141772 6045100 0.000141772
6.98015 0.000147066 6178136 0.000147066
7.02663 0.000152937 6297208 0.000152937
7.0734 0.000158241 6421360 0.000158241
7.12047 0.000164544 6550420 0.000164544
7.16789 0.00017096 6692624 0.00017096
7.21564 0.000177694 6817864 0.000177694
7.26365 0.000184519 6950392 0.000184519
7.312 0.000192204 7100684 0.000192204
7.36069 0.000199594 7237576 0.000199594
7.40968 0.000208203 7381744 0.000208203
7.459 0.000217058 7531076 0.000217058
7.50862 0.000225909 7677928 0.000225909
7.5586 0.000235818 7840724 0.000235818
7.60894 0.000246454 8001664 0.000246454
7.65961 0.000257457 8154856 0.000257457
7.7106 0.000269156 8321252 0.000269156
7.76192 0.000281877 8486416 0.000281877
7.81363 0.000294738 8671076 0.000294738
7.86566 0.000309275 8827000 0.000309275
7.91801 0.000323908 9010900 0.000323908
7.97072 0.000340024 9192080 0.000340024
8.02376 0.000357801 9368836 0.000357801
8.07717 0.000375451 9569672 0.000375451
8.13095 0.000395839 9754708 0.000395839
8.18507 0.000417162 9951572 0.000417162
8.23956 0.000440629 10157512 0.000440629
8.29442 0.000464907 10355324 0.000464907
8.34962 0.000490788 10561864 0.000490788
8.40521 0.000520376 10782548 0.000520376
8.46119 0.000550947 11001812 0.000550947
8.51752 0.00058441 11209060 0.00058441
8.57417 0.000622472 11431400 0.000622472
8.63126 0.000661584 11684116 0.000661584
8.68876 0.000703845 11910452 0.000703845
8.74657 0.000750292 12127540 0.000750292
8.80479 0.000801879 12404312 0.000801879
8.86345 0.000858697 12641060 0.000858697
8.92244 0.000918938 12885748 0.000918938
8.98183 0.000984807 13157972 0.000984807
9.04164 0.00105837 13415636 0.00105837
9.10181 0.00113649 13676164 0.00113649
9.1624 0.00122366 13974632 0.00122366
9.22341 0.00131827 14234036 0.00131827
9.28477 0.00142164 14518612 0.00142164
9.34659 0.00153289 14831300 0.00153289
9.40883 0.00165478 15117620 0.00165478
9.47148 0.00178711 15432676 0.00178711
9.53453 0.00193235 15720116 0.00193235
9.59797 0.00208572 16044572 0.00208572
9.66188 0.00224913 16382996 0.00224913
9.72619 0.00243104 16682804 0.00243104
9.79093 0.00262129 17049568 0.00262129
9.85612 0.00283064 17372036 0.00283064
9.92173 0.00304462 17730284 0.00304462
9.98778 0.00326932 18081428 0.00326932
10.0543 0.00350996 18451508 0.00350996
10.1212 0.00375825 18818116 0.00375825
10.1886 0.00401843 19198424 0.00401843
10.2564 0.00429136 19585748 0.00429136
10.3247 0.00456395 19978724 0.00456395
10.3934 0.00484644 20371004 0.00484644
10.4626 0.00513381 20788784 0.00513381
10.5323 0.00542913 21215108 0.00542913
10.6024 0.00571121 21627980 0.00571121
10.6729 0.00601748 22058480 0.00601748
10.7439 8.01378 22382222 8.01378
10.8154 0.00605997 22371896 0.00605997
10.8874 0.0059698 22382768 0.0059698
10.9599 0.00590603 22332560 0.00590603
11.0329 0.00586911 22325624 0.00586911
11.1063 0.00584179 22296128 0.00584179
11.1802 0.00583543 22244960 0.00583543
11.2546 0.00584405 22209968 0.00584405
11.3296 0.00585972 22170752 0.00585972
11.405 0.00589088 22099424 0.00589088
11.4809 0.00592816 22026656 0.00592816
11.5573 0.00597729 21940280 0.00597729
11.6343 0.00602702 21887744 0.00602702
11.7117 0.00609384 21770912 0.00609384
11.7897 0.00615583 21667440 0.00615583
11.8682 0.00622811 21555632 0.00622811
11.9472 0.00631012 21448640 0.00631012
12.0267 0.00638642 21315152 0.00638642
12.1068 0.00647577 21159848 0.00647577
12.1874 0.00656673 21017568 0.00656673
12.2685 0.00666376 20845400 0.00666376
12.3502 0.00676425 20691440 0.00676425
12.4324 0.00686335 20496296 0.00686335
12.5151 0.0069785 20289552 0.0069785
12.5985 0.00708922 20101808 0.00708922
12.6823 0.00720147 19849544 0.00720147
12.7667 0.00732993 19633272 0.00732993
12.8517 0.00745244 19385528 0.00745244
12.9373 0.00758767 19135376 0.00758767
13.0234 0.00772935 18848208 0.00772935
13.1101 0.00787244 18557432 0.00787244
13.1973 0.0080121 18255576 0.0080121
13.2852 0.00817295 17937584 0.00817295
13.3736 0.00831797 17602136 0.00831797
13.4626 0.00848925 17253528 0.00848925
13.5522 0.00865546 16889480 0.00865546
13.6424 0.00882272 16497624 0.00882272
13.7332 0.00899713 16101800 0.00899713
13.8247 0.00916358 15680088 0.00916358
13.9167 0.00933661 15243632 0.00933661
14.0093 0.00949278 14782368 0.00949278
14.1025 0.00964906 14317992 0.00964906
14.1964 0.00979583 13809848 0.00979583
14.2909 0.00991419 13298496 0.00991419
14.386 0.0100098 12769352 0.0100098
14.4818 0.0101017 12197688 0.0101017
14.5781 0.0101534 11622024 0.0101534
14.6751 0.0101908 11016224 0.0101908
14.7727 0.0102231 10391832 0.0102231
14.8711 0.0102706 9744456 0.0102706
14.97 0.0103269 9062784 0.0103269
15.0695 0.0104372 8362136 0.0104372
15.1698 55.7408 7654230 55.7408
15.2709 0.0108332 7023504 0.0108332
15.3726 0.0111711 6481392 0.0111711
15.4749 0.0115304 5981364 0.0115304
15.5779 0.012003 5526380 0.012003
15.6816 0.0125226 5088888 0.0125226
15.786 0.0130794 4681872 0.0130794
15.8911 0.0137228 4299060 0.0137228
15.9968 0.0144191 3935448 0.0144191
16.1033 0.0151671 3589836 0.0151671
16.2104 0.0160186 3264936 0.0160186
16.3183 0.016944 2955456 0.016944
16.4269 0.0178088 2666016 0.0178088
16.5362 0.0187827 2388612 0.0187827
16.6462 0.0196752 2129508 0.0196752
16.757 0.0205553 1883928 0.0205553
16.8685 0.0214675 1652040 0.0214675
16.9806 0.0221741 1436568 0.0221741
17.0936 0.022821 1239888 0.022821
17.2072 0.0231542 1049640 0.0231542
17.3216 0.0234143 882364 0.0234143
17.4366 0.0232089 721404 0.0232089
17.5525 0.0229709 585564 0.0229709
17.6693 0.0221568 456012 0.0221568
17.7861 0.0212729 342316 0.0212729
17.9035 0.0203747 248988 0.0203747
18.0221 0.0193313 168336 0.0193313
18.1408 0.0185546 102012 0.0185546
18.2586 0.0176082 52720 0.0176082
18.374 0.0178752 19920 0.0178752
18.4789 120644 3122 120644
