# in Mpc/h Units 
# D1 = 0.0778613 
# k P N P(z=0)
0.020944 1.50846 6 248.823
0.0296192 1.22923 12 202.763
0.036276 1.01775 8 167.879
0.0418879 0.859641 6 141.799
0.0468321 0.785393 24 129.552
0.051302 0.726098 24 119.771
0.0592384 0.654087 12 107.893
0.0628319 0.62997 30 103.915
0.0662306 0.604935 24 99.7849
0.0694632 0.579421 24 95.5764
0.072552 0.553329 8 91.2724
0.0755145 0.52779 24 87.0598
0.0783651 0.501028 48 82.6453
0.0837758 0.447292 6 73.7815
0.0863541 0.425353 48 70.1627
0.0888577 0.40209 36 66.3254
0.0912926 0.380424 24 62.7516
0.0936642 0.362506 24 59.7958
0.0959772 0.345859 48 57.05
0.0982358 0.330637 24 54.5391
0.102604 0.306138 24 50.4979
0.10472 0.296654 30 48.9336
0.106794 0.288899 72 47.6543
0.108828 0.282841 32 46.655
0.112787 0.27146 72 44.7777
0.114715 0.267535 48 44.1304
0.118477 0.259903 12 42.8714
0.120314 0.256658 48 42.3362
0.122123 0.252551 48 41.6587
0.123906 0.250144 48 41.2616
0.125664 0.246229 30 40.6158
0.127397 0.243878 24 40.2281
0.129107 0.239717 72 39.5417
0.132461 0.232042 24 38.2757
0.134107 0.227414 96 37.5123
0.135732 0.223307 48 36.8348
0.137339 0.218916 24 36.1105
0.138926 0.214561 24 35.3922
0.140496 0.209513 72 34.5594
0.142049 0.204835 48 33.7878
0.145104 0.197309 8 32.5465
0.146608 0.192451 54 31.7451
0.148632 0.185358 132 30.5751
0.151029 0.178284 24 29.4081
0.152474 0.174111 72 28.7198
0.153906 0.170584 96 28.1381
0.15673 0.163587 48 26.984
0.158123 0.159784 48 26.3566
0.160531 0.155356 96 25.6262
0.163577 0.149198 72 24.6104
0.164913 0.146962 96 24.2416
0.167552 0.148797 6 24.5442
0.169502 0.140434 192 23.1647
0.172283 0.137109 72 22.6164
0.173974 0.135876 96 22.4129
0.17523 0.13424 48 22.1431
0.178418 0.131598 84 21.7073
0.180167 0.129927 120 21.4317
0.181741 0.129086 80 21.2929
0.184179 0.126984 144 20.9462
0.187328 0.124974 24 20.6146
0.188867 0.123331 150 20.3436
0.191267 0.12141 120 20.0267
0.193903 0.119182 168 19.6592
0.196472 0.116844 24 19.2736
0.198088 0.115002 264 18.9697
0.199793 0.113121 48 18.6596
0.202698 0.109934 144 18.1338
0.205919 0.106577 72 17.5801
0.207757 0.104207 180 17.189
0.21056 0.100826 246 16.6314
0.213587 0.0975142 72 16.0851
0.215528 0.0954914 240 15.7515
0.218352 0.0923775 104 15.2378
0.219662 0.0912786 144 15.0565
0.223423 0.0873762 240 14.4128
0.22618 0.0852067 192 14.055
0.228278 0.083802 120 13.8233
0.231217 0.0815276 246 13.4481
0.234628 0.0797323 288 13.152
0.237806 0.0780683 156 12.8775
0.239714 0.0770759 216 12.7138
0.242607 0.0757484 264 12.4948
0.245954 0.0743532 264 12.2647
0.248695 0.0731281 192 12.0626
0.252641 0.0714709 318 11.7892
0.255182 0.0705491 248 11.6372
0.257969 0.0692051 336 11.4155
0.260901 0.0677811 264 11.1806
0.263594 0.066838 120 11.025
0.266618 0.0649524 420 10.714
0.269843 0.0633307 264 10.4465
0.273272 0.0615427 366 10.1516
0.275985 0.0601939 336 9.92907
0.280415 0.0579434 456 9.55785
0.283902 0.0563301 384 9.29174
0.287082 0.0548454 432 9.04684
0.291553 0.0530567 296 8.75179
0.29372 0.0522878 390 8.62495
0.297469 0.0510453 444 8.42
0.301416 0.0498162 600 8.21726
0.304904 0.0487283 408 8.03781
0.308899 0.0476026 408 7.85213
0.311881 0.0469686 384 7.74754
0.316099 0.0458756 774 7.56725
0.320152 0.0449064 432 7.40738
0.323319 0.0440788 456 7.27087
0.327249 0.0430679 620 7.10411
0.331125 0.0419457 600 6.919
0.335425 0.0409124 582 6.74857
0.339086 0.0399999 576 6.59804
0.342966 0.0388557 768 6.40931
0.347538 0.0378466 744 6.24285
0.352007 0.0367497 648 6.06191
0.356145 0.0357214 666 5.89229
0.360285 0.0349801 960 5.77002
0.365066 0.03399 752 5.60671
0.368573 0.0333861 552 5.50708
0.372864 0.032677 984 5.39012
0.378105 0.0317729 1062 5.241
0.382338 0.0311821 648 5.14353
0.386795 0.0304344 1140 5.0202
0.391574 0.029705 864 4.89989
0.396297 0.028934 1062 4.7727
0.401127 0.0282321 968 4.65692
0.405513 0.0275684 1248 4.54745
0.410547 0.0267825 864 4.41782
0.41537 0.0260656 1404 4.29955
0.420644 0.0254058 1086 4.19072
0.425289 0.0248485 1272 4.0988
0.430681 0.0241298 1392 3.98025
0.436011 0.0235698 1376 3.88788
0.440941 0.0230604 1110 3.80385
0.446174 0.022476 1740 3.70745
0.45185 0.0219124 1584 3.61448
0.457529 0.0213538 1368 3.52235
0.462665 0.0208349 1662 3.43676
0.467842 0.0203498 1536 3.35673
0.473473 0.0198158 1820 3.26865
0.479577 0.0192395 1902 3.17358
0.485197 0.0187786 1704 3.09757
0.490809 0.0183222 2040 3.02227
0.497084 0.0178002 2088 2.93617
0.503027 0.0173755 1842 2.86611
0.508843 0.0169212 2456 2.79118
0.51514 0.0164997 1968 2.72165
0.521205 0.016068 2382 2.65044
0.527271 0.0156978 2352 2.58937
0.533802 0.0152663 2604 2.5182
0.539882 0.0148763 2280 2.45387
0.546709 0.0144955 2990 2.39105
0.553468 0.014084 2880 2.32318
0.559954 0.0137043 2508 2.26055
0.566543 0.0133744 3126 2.20613
0.573496 0.0130352 3216 2.15017
0.580523 0.0126666 3032 2.08937
0.587241 0.0123746 3294 2.0412
0.594316 0.0120287 3540 1.98416
0.601466 0.0116994 3408 1.92984
0.609018 0.0113976 4014 1.88006
0.61634 0.0110966 3728 1.83039
0.623417 0.0108068 3588 1.7826
0.630695 0.0105437 4230 1.7392
0.638291 0.0102432 4176 1.68964
0.645683 0.00997617 4158 1.64558
0.653416 0.00974363 4652 1.60723
0.660988 0.00947189 4584 1.5624
0.669506 0.00918401 5454 1.51492
0.677708 0.00894234 4884 1.47505
0.685505 0.00870212 5000 1.43543
0.694 0.00848412 5934 1.39947
0.702333 0.00824708 5376 1.36037
0.710789 0.00802876 5898 1.32436
0.719251 0.00780771 6216 1.28789
0.727942 0.00758481 6104 1.25113
0.736661 0.00738392 6618 1.21799
0.745211 0.00718054 6480 1.18444
0.754127 0.00699337 6918 1.15357
0.762976 0.00680413 7304 1.12235
0.772239 0.00660669 7338 1.08978
0.781657 0.00644045 8376 1.06236
0.791082 0.00624401 7590 1.02996
0.800591 0.00607901 8780 1.00274
0.810283 0.00591178 8496 0.975158
0.820075 0.00575289 9294 0.948948
0.829801 0.00557899 8828 0.920263
0.839624 0.00543611 9846 0.896695
0.849851 0.00527551 10248 0.870203
0.860395 0.00512925 10626 0.846078
0.870624 0.00498002 10520 0.821461
0.880856 0.00483614 10902 0.797728
0.8914 0.00470585 11796 0.776238
0.902254 0.0045748 11894 0.754621
0.912774 0.00444649 12060 0.733454
0.923682 0.00432381 12942 0.71322
0.934704 0.004196 13224 0.692136
0.946056 0.00407906 14042 0.672847
0.957461 0.00395903 14400 0.653048
0.969088 0.00383935 15054 0.633306
0.980756 0.00372956 15194 0.615197
0.992313 0.00362919 15768 0.598641
1.00427 0.00351723 16626 0.580172
1.0163 0.0034179 17168 0.563788
1.02842 0.00332358 17334 0.54823
1.04065 0.0032195 18564 0.531061
1.05325 0.00313155 19214 0.516553
1.06615 0.00303144 20298 0.500041
1.07882 0.00294696 19800 0.486106
1.09171 0.00285664 21434 0.471207
1.10469 0.00277391 21630 0.45756
1.1179 0.00269756 22976 0.444967
1.13133 0.00260817 23370 0.430222
1.14472 0.00253301 24240 0.417823
1.15877 0.00245591 26642 0.405107
1.17281 0.00238205 25518 0.392922
1.18671 0.00231178 27498 0.381332
1.20092 0.00224068 27944 0.369604
1.21541 0.00217121 29778 0.358144
1.23005 0.00210153 30158 0.34665
1.24487 0.00204109 32076 0.33668
1.25995 0.00197997 32430 0.3266
1.27496 0.00191869 33602 0.316491
1.29008 0.00185586 34584 0.306128
1.30561 0.0018026 36842 0.297342
1.32148 0.00174628 38070 0.288051
1.33731 0.00169209 38402 0.279113
1.35304 0.00163851 39600 0.270275
1.36931 0.00158565 42786 0.261556
1.38597 0.00153699 43754 0.253529
1.40251 0.00148862 44190 0.245549
1.41927 0.00144 47042 0.23753
1.43629 0.00139314 48000 0.229801
1.45349 0.00135154 50210 0.222939
1.47092 0.00130834 51678 0.215813
1.48857 0.00126369 54050 0.208447
1.50651 0.00122246 56010 0.201647
1.5246 0.00118314 57782 0.19516
1.54296 0.00114368 60306 0.188652
1.5614 0.00110689 61244 0.182583
1.57996 0.00107141 64086 0.17673
1.59904 0.0010371 67706 0.171072
1.61841 0.00100275 69486 0.165405
1.63786 0.00096933 71426 0.159892
1.65727 0.000936709 72882 0.154512
1.67716 0.000904909 78230 0.149266
1.69752 0.000874044 80378 0.144175
1.71789 0.000843957 82242 0.139212
1.73855 0.000816073 86546 0.134612
1.75938 0.000788989 87750 0.130145
1.78034 0.000762488 91922 0.125774
1.80163 0.000735732 94890 0.12136
1.82321 0.000710458 99062 0.117191
1.84528 0.000686847 103898 0.113296
1.86742 0.000662434 105090 0.109269
1.88971 0.000638659 109874 0.105348
1.91235 0.000617455 114110 0.10185
1.93516 0.000595965 116850 0.0983053
1.95828 0.0005761 122672 0.0950285
1.98195 0.000555497 128874 0.09163
2.00592 0.000535749 131714 0.0883727
2.02983 0.000516163 134822 0.0851419
2.05418 0.000498371 142866 0.0822071
2.07887 0.000480882 145514 0.0793222
2.10372 0.000464204 151880 0.0765711
2.12915 0.000447023 159746 0.0737372
2.15486 0.000432353 162858 0.0713173
2.18054 0.000415914 167474 0.0686057
2.20649 0.000401673 174110 0.0662566
2.23302 0.000388487 183336 0.0640815
2.25999 0.000373869 189146 0.0616702
2.28711 0.000362159 194354 0.0597387
2.31452 0.000348719 202496 0.0575218
2.3423 0.000336801 209754 0.0555558
2.37031 0.000325132 215618 0.0536311
2.39862 0.000314253 224600 0.0518365
2.42748 0.000303401 235370 0.0500464
2.45668 0.00029313 240794 0.0483523
2.48608 0.000284924 250560 0.0469986
2.5159 0.000275151 259874 0.0453866
2.54615 0.000266858 270224 0.0440187
2.57673 0.000257884 278570 0.0425384
2.60767 0.000250284 290216 0.0412848
2.63893 0.000243178 298370 0.0401125
2.67053 0.000236667 310928 0.0390385
2.70255 0.000230093 321522 0.0379542
2.73501 0.000224406 334640 0.0370162
2.76784 0.000219256 345302 0.0361666
2.80103 0.000214265 358736 0.0353433
2.83468 0.000209216 372320 0.0345104
2.86869 0.000205822 384386 0.0339506
2.90306 0.000202676 398576 0.0334318
2.93788 0.000199751 414032 0.0329492
2.97314 0.000198141 428570 0.0326836
3.00878 0.000196146 443420 0.0323546
3.04485 0.000195442 460880 0.0322384
3.08141 0.000194746 477608 0.0321237
3.11839 0.000195869 494666 0.0323089
3.15587 0.000196609 514172 0.0324309
3.19377 0.000199477 531200 0.032904
3.23206 0.000202031 549944 0.0333254
3.27078 0.000205172 569924 0.0338434
3.31006 0.000210114 593642 0.0346587
3.34977 0.00021845 610856 0.0360337
3.38996 0.000226178 637756 0.0373085
3.43072 0.000235162 659240 0.0387904
3.47187 0.000246352 681752 0.0406361
3.51352 0.000257939 708404 0.0425474
3.55566 0.000273574 731720 0.0451265
3.59831 0.000290822 761324 0.0479715
3.64146 0.000309763 785624 0.0510959
3.68509 0.000332758 815932 0.0548889
3.72935 0.000362169 848150 0.0597404
3.77412 0.000394338 875876 0.0650466
3.81939 0.000428974 909872 0.07076
3.86521 0.00046946 940708 0.0774381
3.91154 0.000516403 975368 0.0851815
3.95847 0.000576364 1012826 0.0950721
4.00597 0.000648958 1047892 0.107047
4.05405 0.000721441 1088600 0.119003
4.10276 0.000807519 1127762 0.133202
4.15198 0.000938811 1166140 0.154858
4.20175 0.0010493 1209440 0.173084
4.25218 0.00122137 1255802 0.201466
4.30322 0.00141319 1298860 0.233109
4.35482 0.00163416 1347110 0.269557
4.40705 0.00195571 1395124 0.322597
4.45993 0.00230146 1448666 0.379629
4.51349 0.00274045 1501036 0.452042
4.56763 0.00338339 1552442 0.558096
4.6224 0.00392753 1611310 0.647852
4.67785 0.00521207 1669244 0.859738
4.73396 0.00651512 1729786 1.07468
4.79079 0.00795742 1796522 1.31259
4.84827 0.0105926 1856476 1.74727
4.90642 0.0149527 1928050 2.46647
4.96533 0.0209951 1998290 3.46318
5.02487 0.0306704 2065786 5.05913
5.0851 0.0481571 2145058 7.94359
5.14613 0.0827559 2224298 13.6507
5.20788 0.167973 2303434 27.7074
5.27036 0.447952 2388202 73.8904
5.33364 40.2981 2478599 6647.23
5.39744 0.0012056 2508700 0.198865
5.46211 0.000808739 2510380 0.133403
5.52769 0.000782336 2512288 0.129047
5.59404 0.000825702 2497276 0.136201
5.66113 0.000925315 2490536 0.152632
5.72904 0.00105998 2476432 0.174846
5.79779 0.00125768 2464036 0.207456
5.86736 0.00151703 2441572 0.250236
5.93771 0.00185483 2420164 0.305958
6.00892 0.00230173 2394628 0.379674
6.08102 0.00288949 2368624 0.476625
6.15399 0.00367919 2332204 0.606888
6.2278 0.00473837 2296528 0.781601
6.30252 0.00619641 2255452 1.02211
6.37813 0.00820397 2208364 1.35326
6.45461 0.0109845 2156872 1.81191
6.53204 0.0148788 2104512 2.45429
6.6104 0.0205229 2039548 3.38529
6.68969 0.0294285 1976956 4.85428
6.76993 0.0417584 1900768 6.88811
6.85111 0.0635423 1825120 10.4814
6.93325 0.0946094 1737192 15.606
7.01639 0.157479 1649440 25.9764
7.10058 0.265843 1549012 43.8512
7.18569 0.477181 1441740 78.7118
7.27174 0.9021 1326940 148.803
7.35886 2.21996 1207764 366.186
7.44702 6.84983 1075156 1129.89
7.53611 39.056 935664 6442.34
7.62659 740.057 801523 122074
7.71818 0.00787172 692322 1.29845
7.81076 0.011532 599362 1.90223
7.90447 0.0177323 516300 2.92497
7.99927 0.0279012 441076 4.60234
8.09511 0.04571 372798 7.53994
8.19203 0.0765365 311442 12.6248
8.2901 0.132826 255850 21.9099
8.3894 0.242231 206196 39.9564
8.49004 0.46965 161820 77.4695
8.59152 0.960919 121362 158.505
8.69409 2.25736 88608 372.355
8.79786 5.88795 59292 971.225
8.90093 17.8476 35826 2944
9.00404 77.4722 19252 12779.2
9.10719 605.975 7314 99956.4
9.20136 21323.1 1158 3.51728e+06
9.28665 2.38514e+08 1 3.93433e+10
