# in Mpc/h Units 
# D1 = 0.0637234 
# k P N P(z=0)
0.020944 1.00982 6 248.684
0.0296192 0.823491 12 202.797
0.036276 0.681785 8 167.9
0.0418879 0.576718 6 142.025
0.0468321 0.526146 24 129.571
0.051302 0.486332 24 119.767
0.0592384 0.438295 12 107.937
0.0628319 0.422006 30 103.925
0.0662306 0.4051 24 99.762
0.0694632 0.388167 24 95.5918
0.072552 0.370716 8 91.2942
0.0755145 0.353592 24 87.0774
0.0783651 0.335659 48 82.6612
0.0837758 0.29967 6 73.7982
0.0863541 0.28492 48 70.1659
0.0888577 0.269331 36 66.3269
0.0912926 0.254913 24 62.7762
0.0936642 0.242757 24 59.7825
0.0959772 0.231675 48 57.0535
0.0982358 0.221514 24 54.5511
0.102604 0.205195 24 50.5323
0.10472 0.198965 30 48.9981
0.106794 0.193697 72 47.7009
0.108828 0.189469 32 46.6596
0.112787 0.181904 72 44.7966
0.114715 0.179277 48 44.1496
0.118477 0.174107 12 42.8764
0.120314 0.171887 48 42.3298
0.122123 0.169284 48 41.6887
0.123906 0.167545 48 41.2605
0.125664 0.165126 30 40.6647
0.127397 0.163114 24 40.1693
0.129107 0.160602 72 39.5507
0.132461 0.155428 24 38.2765
0.134107 0.152413 96 37.5341
0.135732 0.149586 48 36.8379
0.137339 0.146697 24 36.1264
0.138926 0.143779 24 35.4078
0.140496 0.140421 72 34.5807
0.142049 0.137358 48 33.8265
0.145104 0.131923 8 32.4879
0.146608 0.128827 54 31.7257
0.148632 0.124167 132 30.5781
0.151029 0.119487 24 29.4255
0.152474 0.116714 72 28.7426
0.153906 0.114258 96 28.1377
0.15673 0.109611 48 26.9934
0.158123 0.107159 48 26.3895
0.160531 0.104059 96 25.6261
0.163577 0.0999421 72 24.6122
0.164913 0.0984877 96 24.2541
0.167552 0.0991873 6 24.4264
0.169502 0.0940457 192 23.1601
0.172283 0.0917926 72 22.6053
0.173974 0.0909085 96 22.3876
0.17523 0.0898932 48 22.1375
0.178418 0.0881988 84 21.7203
0.180167 0.0870818 120 21.4452
0.181741 0.0864521 80 21.2901
0.184179 0.0851047 144 20.9583
0.187328 0.0835545 24 20.5765
0.188867 0.0826997 150 20.366
0.191267 0.0814067 120 20.0476
0.193903 0.0798769 168 19.6709
0.196472 0.0782355 24 19.2667
0.198088 0.0770891 264 18.9843
0.199793 0.0758359 48 18.6757
0.202698 0.0736815 144 18.1452
0.205919 0.0713144 72 17.5622
0.207757 0.0698277 180 17.1961
0.21056 0.0675731 246 16.6409
0.213587 0.0653412 72 16.0913
0.215528 0.0639676 240 15.753
0.218352 0.0618891 104 15.2411
0.219662 0.0611245 144 15.0528
0.223423 0.0586022 240 14.4317
0.22618 0.0571069 192 14.0634
0.228278 0.0561151 120 13.8192
0.231217 0.0546391 246 13.4557
0.234628 0.0534024 288 13.1511
0.237806 0.0522701 156 12.8723
0.239714 0.0516584 216 12.7217
0.242607 0.0507618 264 12.5008
0.245954 0.0498081 264 12.266
0.248695 0.0490457 192 12.0782
0.252641 0.0479377 318 11.8054
0.255182 0.0472374 248 11.6329
0.257969 0.0463752 336 11.4206
0.260901 0.0454622 264 11.1957
0.263594 0.0446824 120 11.0037
0.266618 0.0435452 420 10.7237
0.269843 0.0424286 264 10.4487
0.273272 0.0412586 366 10.1605
0.275985 0.0403427 336 9.935
0.280415 0.0388376 456 9.56433
0.283902 0.0377423 384 9.29461
0.287082 0.0367821 432 9.05815
0.291553 0.0355323 296 8.75035
0.29372 0.0350149 390 8.62295
0.297469 0.0341802 444 8.4174
0.301416 0.033381 600 8.22058
0.304904 0.0326802 408 8.04798
0.308899 0.0319402 408 7.86576
0.311881 0.0314868 384 7.7541
0.316099 0.0307488 774 7.57236
0.320152 0.0301157 432 7.41644
0.323319 0.0295425 456 7.27528
0.327249 0.0288642 620 7.10823
0.331125 0.0281414 600 6.93024
0.335425 0.0274351 582 6.75629
0.339086 0.0267976 576 6.5993
0.342966 0.0260556 768 6.41658
0.347538 0.0253453 744 6.24166
0.352007 0.0246146 648 6.06171
0.356145 0.0239561 666 5.89954
0.360285 0.0234351 960 5.77125
0.365066 0.0227869 752 5.6116
0.368573 0.0223685 552 5.50858
0.372864 0.0218973 984 5.39253
0.378105 0.0213049 1062 5.24666
0.382338 0.0209011 648 5.14721
0.386795 0.0204013 1140 5.02413
0.391574 0.0199068 864 4.90234
0.396297 0.0193982 1062 4.77711
0.401127 0.0189194 968 4.65918
0.405513 0.018481 1248 4.55121
0.410547 0.0179681 864 4.42492
0.41537 0.0174965 1404 4.30877
0.420644 0.0170371 1086 4.19565
0.425289 0.0166585 1272 4.10241
0.430681 0.0161943 1392 3.9881
0.436011 0.0157937 1376 3.88943
0.440941 0.0154543 1110 3.80586
0.446174 0.0150755 1740 3.71256
0.45185 0.0146982 1584 3.61965
0.457529 0.0143155 1368 3.52541
0.462665 0.0139724 1662 3.44091
0.467842 0.013648 1536 3.36103
0.473473 0.0132834 1820 3.27124
0.479577 0.0129087 1902 3.17895
0.485197 0.0125928 1704 3.10116
0.490809 0.0122832 2040 3.02492
0.497084 0.0119393 2088 2.94024
0.503027 0.011653 1842 2.86973
0.508843 0.0113585 2456 2.7972
0.51514 0.0110703 1968 2.72623
0.521205 0.0107806 2382 2.65488
0.527271 0.0105282 2352 2.59272
0.533802 0.0102384 2604 2.52135
0.539882 0.00997858 2280 2.45737
0.546709 0.00971863 2990 2.39336
0.553468 0.00945867 2880 2.32934
0.559954 0.00920019 2508 2.26568
0.566543 0.00898143 3126 2.21181
0.573496 0.008745 3216 2.15359
0.580523 0.00850654 3032 2.09486
0.587241 0.00829742 3294 2.04336
0.594316 0.00807694 3540 1.98907
0.601466 0.00785693 3408 1.93489
0.609018 0.00765149 4014 1.88429
0.61634 0.00744906 3728 1.83444
0.623417 0.00725196 3588 1.7859
0.630695 0.00707357 4230 1.74197
0.638291 0.00688181 4176 1.69475
0.645683 0.00670045 4158 1.65009
0.653416 0.00653724 4652 1.60989
0.660988 0.00636021 4584 1.5663
0.669506 0.00617044 5454 1.51956
0.677708 0.00600675 4884 1.47925
0.685505 0.00584559 5000 1.43956
0.694 0.005696 5934 1.40273
0.702333 0.005537 5376 1.36357
0.710789 0.00538806 5898 1.32689
0.719251 0.00524462 6216 1.29157
0.727942 0.00509629 6104 1.25504
0.736661 0.00496189 6618 1.22194
0.745211 0.00482586 6480 1.18844
0.754127 0.00470066 6918 1.15761
0.762976 0.00457208 7304 1.12594
0.772239 0.00444019 7338 1.09346
0.781657 0.00432803 8376 1.06584
0.791082 0.00420006 7590 1.03433
0.800591 0.00408703 8780 1.00649
0.810283 0.0039724 8496 0.978263
0.820075 0.00386513 9294 0.951845
0.829801 0.00375368 8828 0.9244
0.839624 0.00365507 9846 0.900115
0.849851 0.00354802 10248 0.873753
0.860395 0.00344977 10626 0.849558
0.870624 0.00335025 10520 0.82505
0.880856 0.00325587 10902 0.801806
0.8914 0.00316747 11796 0.780037
0.902254 0.00307771 11894 0.757933
0.912774 0.0029939 12060 0.737291
0.923682 0.00291041 12942 0.716733
0.934704 0.00282479 13224 0.695647
0.946056 0.00274725 14042 0.676552
0.957461 0.00266432 14400 0.656128
0.969088 0.00258778 15054 0.637279
0.980756 0.00251283 15194 0.618822
0.992313 0.0024451 15768 0.602143
1.00427 0.00237145 16626 0.584004
1.0163 0.00230222 17168 0.566957
1.02842 0.0022395 17334 0.551511
1.04065 0.00217086 18564 0.534606
1.05325 0.00211133 19214 0.519947
1.06615 0.0020448 20298 0.503563
1.07882 0.00198826 19800 0.489638
1.09171 0.00192906 21434 0.47506
1.10469 0.00187153 21630 0.460893
1.1179 0.0018182 22976 0.44776
1.13133 0.00176158 23370 0.433816
1.14472 0.00171089 24240 0.421333
1.15877 0.00165961 26642 0.408703
1.17281 0.00160973 25518 0.39642
1.18671 0.00156094 27498 0.384405
1.20092 0.00151506 27944 0.373105
1.21541 0.00146854 29778 0.361651
1.23005 0.00142229 30158 0.350259
1.24487 0.00138091 32076 0.340071
1.25995 0.00133905 32430 0.329762
1.27496 0.00129772 33602 0.319582
1.29008 0.00125705 34584 0.309568
1.30561 0.00122041 36842 0.300544
1.32148 0.00118269 38070 0.291254
1.33731 0.00114581 38402 0.282172
1.35304 0.00110974 39600 0.273289
1.36931 0.00107519 42786 0.264781
1.38597 0.00104234 43754 0.256691
1.40251 0.00100995 44190 0.248715
1.41927 0.000977429 47042 0.240706
1.43629 0.000946155 48000 0.233005
1.45349 0.000917525 50210 0.225954
1.47092 0.000888782 51678 0.218876
1.48857 0.000858528 54050 0.211425
1.50651 0.000831364 56010 0.204736
1.5246 0.000804979 57782 0.198238
1.54296 0.000778412 60306 0.191696
1.5614 0.000753517 61244 0.185565
1.57996 0.000729461 64086 0.179641
1.59904 0.000706369 67706 0.173954
1.61841 0.000683113 69486 0.168227
1.63786 0.000660349 71426 0.162621
1.65727 0.000639123 72882 0.157394
1.67716 0.000617508 78230 0.152071
1.69752 0.000596629 80378 0.146929
1.71789 0.000576409 82242 0.141949
1.73855 0.000557765 86546 0.137358
1.75938 0.000539333 87750 0.132819
1.78034 0.000521858 91922 0.128515
1.80163 0.000503546 94890 0.124006
1.82321 0.000486368 99062 0.119775
1.84528 0.000470886 103898 0.115963
1.86742 0.000454326 105090 0.111884
1.88971 0.00043828 109874 0.107933
1.91235 0.000423993 114110 0.104415
1.93516 0.000409364 116850 0.100812
1.95828 0.000395646 122672 0.0974337
1.98195 0.000382104 128874 0.0940989
2.00592 0.000368757 131714 0.0908119
2.02983 0.000355524 134822 0.087553
2.05418 0.000343273 142866 0.0845361
2.07887 0.000331587 145514 0.0816582
2.10372 0.000320428 151880 0.0789101
2.12915 0.000308646 159746 0.0760087
2.15486 0.000298621 162858 0.0735399
2.18054 0.000287483 167474 0.070797
2.20649 0.000277784 174110 0.0684085
2.23302 0.000268964 183336 0.0662365
2.25999 0.000259046 189146 0.0637939
2.28711 0.000251042 194354 0.0618229
2.31452 0.000241881 202496 0.0595669
2.3423 0.000233718 209754 0.0575565
2.37031 0.000225984 215618 0.055652
2.39862 0.000218596 224600 0.0538326
2.42748 0.00021111 235370 0.0519889
2.45668 0.000204035 240794 0.0502466
2.48608 0.000198457 250560 0.048873
2.5159 0.000191648 259874 0.0471961
2.54615 0.000185972 270224 0.0457984
2.57673 0.000179969 278570 0.04432
2.60767 0.000174739 290216 0.0430321
2.63893 0.000169858 298370 0.0418301
2.67053 0.000165292 310928 0.0407057
2.70255 0.000160903 321522 0.0396248
2.73501 0.000156898 334640 0.0386385
2.76784 0.000153312 345302 0.0377553
2.80103 0.000149844 358736 0.0369014
2.83468 0.000146547 372320 0.0360894
2.86869 0.000144098 384386 0.0354862
2.90306 0.000141685 398576 0.034892
2.93788 0.000139835 414032 0.0344364
2.97314 0.000138492 428570 0.0341057
3.00878 0.000137256 443420 0.0338014
3.04485 0.000136586 460880 0.0336362
3.08141 0.000135998 477608 0.0334916
3.11839 0.000136719 494666 0.0336691
3.15587 0.000137284 514172 0.0338083
3.19377 0.000138809 531200 0.0341837
3.23206 0.000140557 549944 0.0346143
3.27078 0.000142808 569924 0.0351686
3.31006 0.000146122 593642 0.0359847
3.34977 0.000151709 610856 0.0373606
3.38996 0.000156784 637756 0.0386103
3.43072 0.000162837 659240 0.0401011
3.47187 0.000170316 681752 0.0419429
3.51352 0.000178048 708404 0.043847
3.55566 0.000188725 731720 0.0464765
3.59831 0.000200254 761324 0.0493155
3.64146 0.000213061 785624 0.0524695
3.68509 0.000228726 815932 0.0563273
3.72935 0.000248421 848150 0.0611773
3.77412 0.00027036 875876 0.0665803
3.81939 0.000293771 909872 0.0723455
3.86521 0.000321782 940708 0.0792437
3.91154 0.000353454 975368 0.0870433
3.95847 0.00039398 1012826 0.0970235
4.00597 0.000443864 1047892 0.109308
4.05405 0.000491776 1088600 0.121107
4.10276 0.00055107 1127762 0.135709
4.15198 0.000640339 1166140 0.157693
4.20175 0.000717451 1209440 0.176683
4.25218 0.000832978 1255802 0.205133
4.30322 0.000965048 1298860 0.237658
4.35482 0.0011159 1347110 0.274807
4.40705 0.0013312 1395124 0.327829
4.45993 0.00156507 1448666 0.385421
4.51349 0.00186797 1501036 0.460016
4.56763 0.00230426 1552442 0.567458
4.6224 0.00267796 1611310 0.659487
4.67785 0.00355555 1669244 0.875609
4.73396 0.00443526 1729786 1.09225
4.79079 0.00544535 1796522 1.341
4.84827 0.0072435 1856476 1.78382
4.90642 0.0102338 1928050 2.52023
4.96533 0.0143829 1998290 3.542
5.02487 0.0211088 2065786 5.19835
5.0851 0.0331286 2145058 8.1584
5.14613 0.0570064 2224298 14.0387
5.20788 0.116549 2303434 28.702
5.27036 0.311318 2388202 76.6668
5.33364 40.0749 2478599 9869.04
5.39744 0.000767209 2508700 0.188937
5.46211 0.000551251 2510380 0.135754
5.52769 0.000537987 2512288 0.132487
5.59404 0.000569382 2497276 0.140219
5.66113 0.000637775 2490536 0.157062
5.72904 0.0007302 2476432 0.179823
5.79779 0.000863712 2464036 0.212702
5.86736 0.00104036 2441572 0.256205
5.93771 0.00126808 2420164 0.312284
6.00892 0.00156871 2394628 0.386317
6.08102 0.00196416 2368624 0.483705
6.15399 0.00249607 2332204 0.614695
6.2278 0.00320857 2296528 0.790159
6.30252 0.00418446 2255452 1.03049
6.37813 0.00552548 2208364 1.36073
6.45461 0.00737959 2156872 1.81733
6.53204 0.00998371 2104512 2.45864
6.6104 0.0137449 2039548 3.3849
6.68969 0.019707 1976956 4.85314
6.76993 0.0279288 1900768 6.87787
6.85111 0.0424317 1825120 10.4494
6.93325 0.0631744 1737192 15.5576
7.01639 0.10522 1649440 25.912
7.10058 0.177854 1549012 43.7991
7.18569 0.319639 1441740 78.7158
7.27174 0.606154 1326940 149.275
7.35886 1.49524 1207764 368.224
7.44702 4.64828 1075156 1144.71
7.53611 26.6122 935664 6553.65
7.62659 742.412 801523 182830
7.71818 0.00535045 692322 1.31763
7.81076 0.00781977 599362 1.92573
7.90447 0.0119654 516300 2.94666
7.99927 0.0187642 441076 4.62096
8.09511 0.0306174 372798 7.54
8.19203 0.051071 311442 12.577
8.2901 0.088455 255850 21.7834
8.3894 0.161296 206196 39.7215
8.49004 0.312498 161820 76.9572
8.59152 0.638205 121362 157.167
8.69409 1.49913 88608 369.184
8.79786 3.91209 59292 963.412
8.90093 11.9258 35826 2936.9
9.00404 52.0069 19252 12807.5
9.10719 410.916 7314 101194
9.20136 14565.6 1158 3.58701e+06
9.28665 2.39686e+08 1 5.90263e+10
