# in Mpc/h Units 
# D1 = 0.166528 
# k P N P(z=0)
0.020944 6.9063 6 249.041
0.0296192 5.61741 12 202.564
0.036276 4.65012 8 167.683
0.0418879 3.91414 6 141.144
0.0468321 3.58294 24 129.201
0.051302 3.32276 24 119.819
0.0592384 2.98188 12 107.527
0.0628319 2.88038 30 103.866
0.0662306 2.77251 24 99.9767
0.0694632 2.64905 24 95.5249
0.072552 2.52784 8 91.154
0.0755145 2.4137 24 87.0383
0.0783651 2.28816 48 82.511
0.0837758 2.06102 6 74.3206
0.0863541 1.94368 48 70.089
0.0888577 1.83761 36 66.2643
0.0912926 1.73595 24 62.5984
0.0936642 1.66284 24 59.962
0.0959772 1.58109 48 57.014
0.0982358 1.51111 24 54.4906
0.102604 1.39315 24 50.2372
0.10472 1.33992 30 48.3177
0.106794 1.31404 72 47.3844
0.108828 1.29231 32 46.6007
0.112787 1.23749 72 44.6238
0.114715 1.21911 48 43.961
0.118477 1.18798 12 42.8386
0.120314 1.1758 48 42.3994
0.122123 1.15364 48 41.6003
0.123906 1.14447 48 41.2698
0.125664 1.11843 30 40.3306
0.127397 1.12805 24 40.6774
0.129107 1.09449 72 39.4673
0.132461 1.05923 24 38.1958
0.134107 1.03638 96 37.3718
0.135732 1.01811 48 36.7131
0.137339 1.00182 24 36.1256
0.138926 0.983223 24 35.4551
0.140496 0.952095 72 34.3326
0.142049 0.926178 48 33.398
0.145104 0.913878 8 32.9545
0.146608 0.884395 54 31.8913
0.148632 0.846569 132 30.5273
0.151029 0.811557 24 29.2648
0.152474 0.791167 72 28.5295
0.153906 0.782135 96 28.2038
0.15673 0.742952 48 26.7909
0.158123 0.724583 48 26.1285
0.160531 0.708628 96 25.5532
0.163577 0.682711 72 24.6186
0.164913 0.672209 96 24.2399
0.167552 0.696174 6 25.104
0.169502 0.643903 192 23.2192
0.172283 0.62947 72 22.6987
0.173974 0.624166 96 22.5075
0.17523 0.614579 48 22.1618
0.178418 0.599785 84 21.6283
0.180167 0.591183 120 21.3181
0.181741 0.591305 80 21.3225
0.184179 0.578181 144 20.8492
0.187328 0.575244 24 20.7433
0.188867 0.561343 150 20.2421
0.191267 0.552927 120 19.9386
0.193903 0.541312 168 19.5197
0.196472 0.533173 24 19.2262
0.198088 0.525503 264 18.9497
0.199793 0.511164 48 18.4326
0.202698 0.501297 144 18.0768
0.205919 0.488442 72 17.6133
0.207757 0.478085 180 17.2398
0.21056 0.460299 246 16.5984
0.213587 0.445683 72 16.0713
0.215528 0.438168 240 15.8003
0.218352 0.421481 104 15.1986
0.219662 0.416494 144 15.0188
0.223423 0.396238 240 14.2883
0.22618 0.390017 192 14.064
0.228278 0.383186 120 13.8177
0.231217 0.371797 246 13.407
0.234628 0.364478 288 13.1431
0.237806 0.357205 156 12.8808
0.239714 0.351566 216 12.6775
0.242607 0.345595 264 12.4622
0.245954 0.340255 264 12.2696
0.248695 0.331994 192 11.9717
0.252641 0.324841 318 11.7138
0.255182 0.322061 248 11.6135
0.257969 0.315488 336 11.3765
0.260901 0.308518 264 11.1252
0.263594 0.307882 120 11.1022
0.266618 0.296299 420 10.6845
0.269843 0.289779 264 10.4495
0.273272 0.280395 366 10.1111
0.275985 0.274691 336 9.90535
0.280415 0.265518 456 9.57461
0.283902 0.256169 384 9.23745
0.287082 0.24988 432 9.01069
0.291553 0.24175 296 8.7175
0.29372 0.239256 390 8.62757
0.297469 0.232612 444 8.388
0.301416 0.22805 600 8.2235
0.304904 0.222289 408 8.01576
0.308899 0.216386 408 7.8029
0.311881 0.214282 384 7.72701
0.316099 0.209307 774 7.54763
0.320152 0.204384 432 7.37009
0.323319 0.200309 456 7.22314
0.327249 0.196702 620 7.09308
0.331125 0.191028 600 6.88846
0.335425 0.18531 582 6.6823
0.339086 0.182762 576 6.5904
0.342966 0.17667 768 6.37072
0.347538 0.173684 744 6.26305
0.352007 0.167753 648 6.04919
0.356145 0.161834 666 5.83573
0.360285 0.159052 960 5.73544
0.365066 0.154066 752 5.55564
0.368573 0.152965 552 5.51594
0.372864 0.149215 984 5.38072
0.378105 0.144921 1062 5.22587
0.382338 0.142578 648 5.14138
0.386795 0.138721 1140 5.00229
0.391574 0.134958 864 4.8666
0.396297 0.131726 1062 4.75005
0.401127 0.128498 968 4.63365
0.405513 0.124962 1248 4.50612
0.410547 0.121922 864 4.39653
0.41537 0.118483 1404 4.27249
0.420644 0.116131 1086 4.1877
0.425289 0.113225 1272 4.08289
0.430681 0.109576 1392 3.95131
0.436011 0.107504 1376 3.87661
0.440941 0.105317 1110 3.79773
0.446174 0.102538 1740 3.69751
0.45185 0.0998436 1584 3.60037
0.457529 0.0969941 1368 3.49761
0.462665 0.0949682 1662 3.42456
0.467842 0.0929081 1536 3.35027
0.473473 0.0901522 1820 3.25089
0.479577 0.0874948 1902 3.15507
0.485197 0.0856445 1704 3.08834
0.490809 0.0835643 2040 3.01333
0.497084 0.0809674 2088 2.91969
0.503027 0.0788138 1842 2.84203
0.508843 0.0766015 2456 2.76225
0.51514 0.0748377 1968 2.69865
0.521205 0.0731002 2382 2.636
0.527271 0.071267 2352 2.56989
0.533802 0.0693018 2604 2.49903
0.539882 0.0671736 2280 2.42228
0.546709 0.0659807 2990 2.37927
0.553468 0.0640082 2880 2.30814
0.559954 0.0621899 2508 2.24257
0.566543 0.060668 3126 2.18769
0.573496 0.0592214 3216 2.13553
0.580523 0.0574004 3032 2.06986
0.587241 0.056342 3294 2.0317
0.594316 0.0545513 3540 1.96712
0.601466 0.0528396 3408 1.9054
0.609018 0.0515742 4014 1.85977
0.61634 0.0505963 3728 1.8245
0.623417 0.0490567 3588 1.76899
0.630695 0.0479297 4230 1.72835
0.638291 0.0462539 4176 1.66792
0.645683 0.045066 4158 1.62508
0.653416 0.0442064 4652 1.59408
0.660988 0.0427932 4584 1.54313
0.669506 0.041568 5454 1.49894
0.677708 0.0403959 4884 1.45668
0.685505 0.0393697 5000 1.41967
0.694 0.0383191 5934 1.38179
0.702333 0.0372953 5376 1.34487
0.710789 0.0362634 5898 1.30766
0.719251 0.0351668 6216 1.26812
0.727942 0.034263 6104 1.23553
0.736661 0.0333223 6618 1.2016
0.745211 0.0324116 6480 1.16876
0.754127 0.0315785 6918 1.13872
0.762976 0.0307771 7304 1.10982
0.772239 0.0297646 7338 1.07331
0.781657 0.0290772 8376 1.04852
0.791082 0.028146 7590 1.01494
0.800591 0.0274315 8780 0.989182
0.810283 0.0265714 8496 0.958166
0.820075 0.025949 9294 0.935723
0.829801 0.0250832 8828 0.904502
0.839624 0.0244887 9846 0.883065
0.849851 0.023788 10248 0.857796
0.860395 0.0229675 10626 0.828211
0.870624 0.0223705 10520 0.80668
0.880856 0.0216793 10902 0.781757
0.8914 0.0210298 11796 0.758336
0.902254 0.0205302 11894 0.740319
0.912774 0.019947 12060 0.71929
0.923682 0.0193812 12942 0.698886
0.934704 0.018764 13224 0.676632
0.946056 0.0182331 14042 0.657488
0.957461 0.0177153 14400 0.638813
0.969088 0.0171499 15054 0.618425
0.980756 0.016708 15194 0.60249
0.992313 0.0162399 15768 0.585613
1.00427 0.0156686 16626 0.565011
1.0163 0.0152843 17168 0.551151
1.02842 0.0148186 17334 0.534358
1.04065 0.0143218 18564 0.516443
1.05325 0.0140245 19214 0.505724
1.06615 0.013462 20298 0.485439
1.07882 0.0130609 19800 0.470978
1.09171 0.0127571 21434 0.46002
1.10469 0.0123142 21630 0.444052
1.1179 0.0119948 22976 0.432534
1.13133 0.0115402 23370 0.41614
1.14472 0.0112167 24240 0.404475
1.15877 0.0108939 26642 0.392836
1.17281 0.0105165 25518 0.379227
1.18671 0.0102115 27498 0.368227
1.20092 0.00990351 27944 0.357121
1.21541 0.00959106 29778 0.345854
1.23005 0.00928106 30158 0.334675
1.24487 0.00901325 32076 0.325018
1.25995 0.00873648 32430 0.315038
1.27496 0.00845569 33602 0.304913
1.29008 0.00815316 34584 0.294003
1.30561 0.0078967 36842 0.284755
1.32148 0.00764318 38070 0.275613
1.33731 0.00739181 38402 0.266549
1.35304 0.0071711 39600 0.25859
1.36931 0.00693363 42786 0.250027
1.38597 0.00670249 43754 0.241692
1.40251 0.00647683 44190 0.233555
1.41927 0.00625719 47042 0.225635
1.43629 0.00604524 48000 0.217991
1.45349 0.00590481 50210 0.212928
1.47092 0.00566348 51678 0.204225
1.48857 0.00547396 54050 0.197391
1.50651 0.00529827 56010 0.191056
1.5246 0.00511187 57782 0.184334
1.54296 0.00493823 60306 0.178073
1.5614 0.00478597 61244 0.172582
1.57996 0.00460739 64086 0.166143
1.59904 0.00444547 67706 0.160304
1.61841 0.00430593 69486 0.155272
1.63786 0.0041351 71426 0.149112
1.65727 0.00400506 72882 0.144423
1.67716 0.00386345 78230 0.139316
1.69752 0.00371756 80378 0.134055
1.71789 0.00358541 82242 0.12929
1.73855 0.00347433 86546 0.125284
1.75938 0.00335073 87750 0.120827
1.78034 0.00322813 91922 0.116407
1.80163 0.00310665 94890 0.112026
1.82321 0.00298616 99062 0.107681
1.84528 0.00289295 103898 0.10432
1.86742 0.00278353 105090 0.100374
1.88971 0.00267948 109874 0.0966221
1.91235 0.00258402 114110 0.0931797
1.93516 0.00249938 116850 0.0901276
1.95828 0.00240516 122672 0.0867302
1.98195 0.0023074 128874 0.0832051
2.00592 0.0022289 131714 0.0803741
2.02983 0.00213308 134822 0.076919
2.05418 0.00206481 142866 0.0744571
2.07887 0.00198552 145514 0.071598
2.10372 0.00191833 151880 0.0691751
2.12915 0.00183629 159746 0.0662165
2.15486 0.00177635 162858 0.0640554
2.18054 0.00170466 167474 0.0614699
2.20649 0.001644 174110 0.0592826
2.23302 0.00158199 183336 0.0570467
2.25999 0.00151961 189146 0.054797
2.28711 0.0014754 194354 0.0532029
2.31452 0.00141451 202496 0.0510072
2.3423 0.00136377 209754 0.0491776
2.37031 0.00130861 215618 0.0471886
2.39862 0.00126753 224600 0.0457072
2.42748 0.00122262 235370 0.0440877
2.45668 0.00117513 240794 0.0423751
2.48608 0.00114516 250560 0.0412945
2.5159 0.00110326 259874 0.0397836
2.54615 0.00106605 270224 0.0384419
2.57673 0.00102915 278570 0.0371112
2.60767 0.000998158 290216 0.0359936
2.63893 0.00096742 298370 0.0348852
2.67053 0.000941621 310928 0.0339549
2.70255 0.000914704 321522 0.0329843
2.73501 0.000893101 334640 0.0322053
2.76784 0.000870243 345302 0.031381
2.80103 0.000853137 358736 0.0307642
2.83468 0.000833569 372320 0.0300585
2.86869 0.000820569 384386 0.0295898
2.90306 0.000806422 398576 0.0290796
2.93788 0.00079739 414032 0.0287539
2.97314 0.000794655 428570 0.0286553
3.00878 0.000787066 443420 0.0283816
3.04485 0.000786503 460880 0.0283613
3.08141 0.000784787 477608 0.0282995
3.11839 0.000792195 494666 0.0285666
3.15587 0.000799201 514172 0.0288192
3.19377 0.000807466 531200 0.0291173
3.23206 0.00082703 549944 0.0298227
3.27078 0.000838734 569924 0.0302448
3.31006 0.000865246 593642 0.0312008
3.34977 0.000899573 610856 0.0324386
3.38996 0.000945284 637756 0.034087
3.43072 0.00098078 659240 0.035367
3.47187 0.00102946 681752 0.0371225
3.51352 0.00107964 708404 0.0389318
3.55566 0.00114993 731720 0.0414664
3.59831 0.00122721 761324 0.0442532
3.64146 0.00132064 785624 0.0476224
3.68509 0.00141101 815932 0.050881
3.72935 0.00154896 848150 0.0558556
3.77412 0.0016878 875876 0.0608621
3.81939 0.0018299 909872 0.0659863
3.86521 0.00201068 940708 0.0725053
3.91154 0.00221365 975368 0.0798242
3.95847 0.00249046 1012826 0.0898061
4.00597 0.0028036 1047892 0.101098
4.05405 0.00310318 1088600 0.111901
4.10276 0.00345649 1127762 0.124641
4.15198 0.00405186 1166140 0.14611
4.20175 0.0045385 1209440 0.163658
4.25218 0.00525396 1255802 0.189458
4.30322 0.00604543 1298860 0.217998
4.35482 0.00699195 1347110 0.25213
4.40705 0.00842443 1395124 0.303785
4.45993 0.00973312 1448666 0.350977
4.51349 0.0115577 1501036 0.416772
4.56763 0.0142826 1552442 0.515032
4.6224 0.0164497 1611310 0.593175
4.67785 0.022061 1669244 0.795522
4.73396 0.027127 1729786 0.978202
4.79079 0.0331241 1796522 1.19446
4.84827 0.043361 1856476 1.5636
4.90642 0.0613532 1928050 2.2124
4.96533 0.0839627 1998290 3.0277
5.02487 0.121435 2065786 4.37894
5.0851 0.18561 2145058 6.69312
5.14613 0.303551 2224298 10.9461
5.20788 0.578312 2303434 20.8539
5.27036 1.33371 2388202 48.0935
5.33364 37.1434 2478599 1339.39
5.39744 0.00938497 2508700 0.338423
5.46211 0.00351056 2510380 0.126591
5.52769 0.00324881 2512288 0.117152
5.59404 0.00338699 2497276 0.122135
5.66113 0.00378859 2490536 0.136617
5.72904 0.00434232 2476432 0.156584
5.79779 0.00518526 2464036 0.186981
5.86736 0.0063001 2441572 0.227182
5.93771 0.00776213 2420164 0.279903
6.00892 0.00967033 2394628 0.348713
6.08102 0.0122367 2368624 0.441256
6.15399 0.0156313 2332204 0.563666
6.2278 0.0201877 2296528 0.727971
6.30252 0.0265508 2255452 0.957422
6.37813 0.0352878 2208364 1.27248
6.45461 0.0472696 2156872 1.70454
6.53204 0.0643983 2104512 2.32221
6.6104 0.0885575 2039548 3.19339
6.68969 0.127066 1976956 4.582
6.76993 0.1798 1900768 6.4836
6.85111 0.27236 1825120 9.82133
6.93325 0.402376 1737192 14.5097
7.01639 0.66359 1649440 23.9291
7.10058 1.1027 1549012 39.7635
7.18569 1.95436 1441740 70.4744
7.27174 3.52967 1326940 127.28
7.35886 8.15746 1207764 294.158
7.44702 22.6693 1075156 817.454
7.53611 105.945 935664 3820.39
7.62659 577.168 801523 20812.7
7.71818 0.0321702 692322 1.16006
7.81076 0.0469942 599362 1.69461
7.90447 0.0724636 516300 2.61304
7.99927 0.114904 441076 4.14343
8.09511 0.18942 372798 6.83048
8.19203 0.319178 311442 11.5096
8.2901 0.550061 255850 19.8352
8.3894 1.01295 206196 36.527
8.49004 1.95531 161820 70.5084
8.59152 3.97498 121362 143.338
8.69409 9.0307 88608 325.647
8.79786 23.2838 59292 839.616
8.90093 68.3749 35826 2465.6
9.00404 273.737 19252 9870.95
9.10719 1874.89 7314 67608.4
9.20136 52311.2 1158 1.88634e+06
9.28665 1.61217e+08 1 5.8135e+09
