# in Mpc/h Units 
# D1 = 0.0548369 
# k P N P(z=0)
0.020944 0.74743 6 248.556
0.0296192 0.609892 12 202.818
0.036276 0.504897 8 167.902
0.0418879 0.427603 6 142.199
0.0468321 0.389629 24 129.57
0.051302 0.360147 24 119.766
0.0592384 0.324645 12 107.96
0.0628319 0.312519 30 103.928
0.0662306 0.29999 24 99.7609
0.0694632 0.287498 24 95.6068
0.072552 0.274591 8 91.3146
0.0755145 0.261889 24 87.0906
0.0783651 0.2486 48 82.6716
0.0837758 0.222078 6 73.8516
0.0863541 0.210993 48 70.1652
0.0888577 0.199467 36 66.3325
0.0912926 0.188821 24 62.7921
0.0936642 0.179757 24 59.7779
0.0959772 0.17156 48 57.052
0.0982358 0.164062 24 54.5585
0.102604 0.15202 24 50.554
0.10472 0.147424 30 49.0256
0.106794 0.143501 72 47.7209
0.108828 0.14031 32 46.66
0.112787 0.134749 72 44.8106
0.114715 0.132787 48 44.1581
0.118477 0.128958 12 42.8847
0.120314 0.127293 48 42.331
0.122123 0.125425 48 41.71
0.123906 0.124086 48 41.2645
0.125664 0.122336 30 40.6826
0.127397 0.120741 24 40.1523
0.129107 0.118952 72 39.5574
0.132461 0.115108 24 38.2789
0.134107 0.112898 96 37.5439
0.135732 0.110786 48 36.8418
0.137339 0.108664 24 36.1359
0.138926 0.106491 24 35.4133
0.140496 0.104022 72 34.5923
0.142049 0.101753 48 33.8378
0.145104 0.0976163 8 32.4621
0.146608 0.0953752 54 31.7169
0.148632 0.0919637 132 30.5823
0.151029 0.0885046 24 29.432
0.152474 0.0864648 72 28.7537
0.153906 0.0846251 96 28.1419
0.15673 0.0811729 48 26.9939
0.158123 0.0793982 48 26.4037
0.160531 0.0770566 96 25.625
0.163577 0.0740224 72 24.616
0.164913 0.0729549 96 24.261
0.167552 0.0732465 6 24.358
0.169502 0.069655 192 23.1636
0.172283 0.0679882 72 22.6093
0.173974 0.0673089 96 22.3834
0.17523 0.0665821 48 22.1418
0.178418 0.0653195 84 21.7219
0.180167 0.0645137 120 21.4539
0.181741 0.0640216 80 21.2903
0.184179 0.0630471 144 20.9662
0.187328 0.0618502 24 20.5682
0.188867 0.0612733 150 20.3763
0.191267 0.0603109 120 20.0563
0.193903 0.059164 168 19.6749
0.196472 0.0579353 24 19.2663
0.198088 0.0571095 264 18.9917
0.199793 0.0561855 48 18.6844
0.202698 0.0545876 144 18.153
0.205919 0.0527981 72 17.5579
0.207757 0.0517219 180 17.2
0.21056 0.0500557 246 16.6459
0.213587 0.0483952 72 16.0937
0.215528 0.0473722 240 15.7535
0.218352 0.0458382 104 15.2434
0.219662 0.0452581 144 15.0505
0.223423 0.04343 240 14.4425
0.22618 0.0423127 192 14.071
0.228278 0.0415683 120 13.8234
0.231217 0.0404798 246 13.4615
0.234628 0.0395525 288 13.1531
0.237806 0.0387083 156 12.8724
0.239714 0.0382631 216 12.7243
0.242607 0.037598 264 12.5031
0.245954 0.0368899 264 12.2677
0.248695 0.0363301 192 12.0815
0.252641 0.0355215 318 11.8126
0.255182 0.0349887 248 11.6354
0.257969 0.0343541 336 11.4244
0.260901 0.0336884 264 11.203
0.263594 0.0330773 120 10.9998
0.266618 0.0322602 420 10.7281
0.269843 0.0314292 264 10.4517
0.273272 0.0305723 366 10.1668
0.275985 0.029884 336 9.93788
0.280415 0.0287764 456 9.56954
0.283902 0.0279561 384 9.29675
0.287082 0.0272513 432 9.06237
0.291553 0.0263231 296 8.7537
0.29372 0.0259417 390 8.62686
0.297469 0.0253096 444 8.41665
0.301416 0.0247243 600 8.222
0.304904 0.0242121 408 8.05167
0.308899 0.023673 408 7.87243
0.311881 0.0233269 384 7.7573
0.316099 0.022782 774 7.5761
0.320152 0.0223132 432 7.4202
0.323319 0.0218879 456 7.27879
0.327249 0.0213813 620 7.11031
0.331125 0.0208586 600 6.93648
0.335425 0.0203234 582 6.75852
0.339086 0.0198517 576 6.60164
0.342966 0.0193092 768 6.42124
0.347538 0.0187731 744 6.24296
0.352007 0.0182334 648 6.06349
0.356145 0.0177551 666 5.90441
0.360285 0.017358 960 5.77236
0.365066 0.0168824 752 5.61421
0.368573 0.0165729 552 5.5113
0.372864 0.0162225 984 5.39477
0.378105 0.0157886 1062 5.25048
0.382338 0.0154852 648 5.14956
0.386795 0.0151164 1140 5.02693
0.391574 0.0147533 864 4.90618
0.396297 0.014377 1062 4.78104
0.401127 0.0140184 968 4.66178
0.405513 0.0136913 1248 4.55301
0.410547 0.0133198 864 4.42949
0.41537 0.0129717 1404 4.3137
0.420644 0.0126284 1086 4.19953
0.425289 0.0123465 1272 4.10581
0.430681 0.0120067 1392 3.9928
0.436011 0.0117046 1376 3.89235
0.440941 0.0114517 1110 3.80824
0.446174 0.0111747 1740 3.71614
0.45185 0.0108927 1584 3.62234
0.457529 0.0106078 1368 3.52759
0.462665 0.0103561 1662 3.44391
0.467842 0.0101158 1536 3.36399
0.473473 0.00984346 1820 3.27342
0.479577 0.00957126 1902 3.1829
0.485197 0.00933477 1704 3.10426
0.490809 0.00910295 2040 3.02717
0.497084 0.00884859 2088 2.94258
0.503027 0.00863654 1842 2.87206
0.508843 0.00842263 2456 2.80093
0.51514 0.00820559 1968 2.72875
0.521205 0.00799302 2382 2.65806
0.527271 0.00780401 2352 2.59521
0.533802 0.00759013 2604 2.52408
0.539882 0.00739881 2280 2.46046
0.546709 0.00720364 2990 2.39556
0.553468 0.00701331 2880 2.33226
0.559954 0.0068247 2508 2.26954
0.566543 0.00665958 3126 2.21463
0.573496 0.00648465 3216 2.15646
0.580523 0.00630883 3032 2.09799
0.587241 0.00615215 3294 2.04589
0.594316 0.005992 3540 1.99263
0.601466 0.00582863 3408 1.9383
0.609018 0.00567311 4014 1.88658
0.61634 0.00552498 3728 1.83732
0.623417 0.00537863 3588 1.78865
0.630695 0.00524587 4230 1.74451
0.638291 0.00510432 4176 1.69743
0.645683 0.00497014 4158 1.65281
0.653416 0.00484733 4652 1.61197
0.660988 0.00471771 4584 1.56886
0.669506 0.00457948 5454 1.5229
0.677708 0.00445769 4884 1.4824
0.685505 0.00433777 5000 1.44252
0.694 0.00422529 5934 1.40511
0.702333 0.00410787 5376 1.36606
0.710789 0.00399792 5898 1.3295
0.719251 0.00389134 6216 1.29406
0.727942 0.00378223 6104 1.25777
0.736661 0.00368246 6618 1.22459
0.745211 0.00358232 6480 1.19129
0.754127 0.00348848 6918 1.16009
0.762976 0.00339444 7304 1.12881
0.772239 0.00329706 7338 1.09643
0.781657 0.00321226 8376 1.06823
0.791082 0.00311887 7590 1.03717
0.800591 0.00303501 8780 1.00929
0.810283 0.00294929 8496 0.980781
0.820075 0.00286977 9294 0.954336
0.829801 0.00278789 8828 0.927107
0.839624 0.0027145 9846 0.9027
0.849851 0.00263596 10248 0.876583
0.860395 0.002562 10626 0.851987
0.870624 0.00248836 10520 0.827499
0.880856 0.00241959 10902 0.804631
0.8914 0.0023529 11796 0.782454
0.902254 0.00228678 11894 0.760465
0.912774 0.00222478 12060 0.739845
0.923682 0.00216308 12942 0.719329
0.934704 0.00209868 13224 0.697912
0.946056 0.00204174 14042 0.678975
0.957461 0.00198064 14400 0.658659
0.969088 0.00192454 15054 0.640002
0.980756 0.00186869 15194 0.62143
0.992313 0.00181854 15768 0.604751
1.00427 0.00176377 16626 0.586538
1.0163 0.00171279 17168 0.569586
1.02842 0.00166568 17334 0.553918
1.04065 0.0016153 18564 0.537164
1.05325 0.00157111 19214 0.52247
1.06615 0.00152227 20298 0.506229
1.07882 0.00147969 19800 0.492067
1.09171 0.0014366 21434 0.477738
1.10469 0.00139357 21630 0.463429
1.1179 0.00135396 22976 0.450258
1.13133 0.00131235 23370 0.43642
1.14472 0.0012744 24240 0.423801
1.15877 0.00123658 26642 0.411222
1.17281 0.00119964 25518 0.398939
1.18671 0.00116355 27498 0.386938
1.20092 0.00112951 27944 0.375616
1.21541 0.00109505 29778 0.364155
1.23005 0.00106081 30158 0.35277
1.24487 0.0010299 32076 0.34249
1.25995 0.000998853 32430 0.332166
1.27496 0.000968595 33602 0.322104
1.29008 0.000938462 34584 0.312084
1.30561 0.000910944 36842 0.302933
1.32148 0.000883173 38070 0.293697
1.33731 0.000855596 38402 0.284527
1.35304 0.000829171 39600 0.275739
1.36931 0.00080338 42786 0.267162
1.38597 0.000778784 43754 0.258983
1.40251 0.000754963 44190 0.251061
1.41927 0.000730757 47042 0.243012
1.43629 0.000707731 48000 0.235354
1.45349 0.000686418 50210 0.228267
1.47092 0.000665137 51678 0.22119
1.48857 0.00064275 54050 0.213745
1.50651 0.000622694 56010 0.207076
1.5246 0.000602991 57782 0.200523
1.54296 0.000583464 60306 0.19403
1.5614 0.000564845 61244 0.187838
1.57996 0.000546867 64086 0.18186
1.59904 0.000529657 67706 0.176136
1.61841 0.000512484 69486 0.170426
1.63786 0.000495469 71426 0.164767
1.65727 0.000479903 72882 0.159591
1.67716 0.000463828 78230 0.154245
1.69752 0.000448196 80378 0.149047
1.71789 0.00043318 82242 0.144053
1.73855 0.000419398 86546 0.13947
1.75938 0.000405644 87750 0.134896
1.78034 0.000392675 91922 0.130583
1.80163 0.00037918 94890 0.126096
1.82321 0.000366352 99062 0.12183
1.84528 0.000354868 103898 0.118011
1.86742 0.000342398 105090 0.113864
1.88971 0.000330533 109874 0.109918
1.91235 0.000319943 114110 0.106396
1.93516 0.000309067 116850 0.10278
1.95828 0.00029881 122672 0.0993685
1.98195 0.000288626 128874 0.0959819
2.00592 0.000278722 131714 0.0926883
2.02983 0.00026894 134822 0.0894356
2.05418 0.000259741 142866 0.0863765
2.07887 0.000251043 145514 0.0834839
2.10372 0.00024271 151880 0.0807126
2.12915 0.000233864 159746 0.0777709
2.15486 0.000226401 162858 0.0752893
2.18054 0.000218171 167474 0.0725523
2.20649 0.000210858 174110 0.0701204
2.23302 0.000204251 183336 0.0679233
2.25999 0.00019686 189146 0.0654653
2.28711 0.000190876 194354 0.0634755
2.31452 0.000183993 202496 0.0611864
2.3423 0.000177963 209754 0.0591812
2.37031 0.000172039 215618 0.0572111
2.39862 0.000166611 224600 0.055406
2.42748 0.000160946 235370 0.0535223
2.45668 0.000155626 240794 0.0517533
2.48608 0.00015146 250560 0.0503677
2.5159 0.000146396 259874 0.0486836
2.54615 0.000142093 270224 0.0472526
2.57673 0.000137556 278570 0.045744
2.60767 0.000133594 290216 0.0444265
2.63893 0.000129936 298370 0.0432099
2.67053 0.000126539 310928 0.0420802
2.70255 0.000123191 321522 0.0409669
2.73501 0.00012018 334640 0.0399655
2.76784 0.00011747 345302 0.0390646
2.80103 0.000114855 358736 0.0381949
2.83468 0.000112316 372320 0.0373503
2.86869 0.000110478 384386 0.0367392
2.90306 0.000108607 398576 0.0361171
2.93788 0.000107187 414032 0.035645
2.97314 0.000106134 428570 0.0352948
3.00878 0.000105196 443420 0.0349828
3.04485 0.000104647 460880 0.0348001
3.08141 0.000104237 477608 0.0346637
3.11839 0.000104696 494666 0.0348164
3.15587 0.000105097 514172 0.0349498
3.19377 0.000106252 531200 0.0353339
3.23206 0.000107528 549944 0.0357581
3.27078 0.000109169 569924 0.036304
3.31006 0.000111629 593642 0.0371221
3.34977 0.000115702 610856 0.0384766
3.38996 0.000119488 637756 0.0397356
3.43072 0.000124016 659240 0.0412412
3.47187 0.000129604 681752 0.0430994
3.51352 0.000135355 708404 0.045012
3.55566 0.000143333 731720 0.0476652
3.59831 0.000151896 761324 0.0505129
3.64146 0.000161535 785624 0.0537182
3.68509 0.000173332 815932 0.0576411
3.72935 0.000188135 848150 0.0625638
3.77412 0.000204516 875876 0.0680113
3.81939 0.000221817 909872 0.0737647
3.86521 0.000243163 940708 0.0808633
3.91154 0.000266808 975368 0.0887266
3.95847 0.000297346 1012826 0.0988817
4.00597 0.0003345 1047892 0.111237
4.05405 0.000370572 1088600 0.123233
4.10276 0.000414968 1127762 0.137997
4.15198 0.000482082 1166140 0.160316
4.20175 0.000539987 1209440 0.179572
4.25218 0.000626672 1255802 0.208399
4.30322 0.000725584 1298860 0.241292
4.35482 0.000838641 1347110 0.278888
4.40705 0.000999885 1395124 0.33251
4.45993 0.00117504 1448666 0.390758
4.51349 0.00140311 1501036 0.466601
4.56763 0.0017293 1552442 0.575076
4.6224 0.00201041 1611310 0.668557
4.67785 0.00266784 1669244 0.887186
4.73396 0.00332515 1729786 1.10577
4.79079 0.00408497 1796522 1.35845
4.84827 0.00543109 1856476 1.8061
4.90642 0.00767819 1928050 2.55337
4.96533 0.0107747 1998290 3.58312
5.02487 0.0158273 2065786 5.26333
5.0851 0.0248201 2145058 8.25389
5.14613 0.0427241 2224298 14.2078
5.20788 0.0875293 2303434 29.1077
5.27036 0.233499 2388202 77.6498
5.33364 39.9007 2478599 13268.9
5.39744 0.000568629 2508700 0.189096
5.46211 0.000416908 2510380 0.138642
5.52769 0.000408361 2512288 0.1358
5.59404 0.000432625 2497276 0.143869
5.66113 0.000484178 2490536 0.161012
5.72904 0.000553904 2476432 0.1842
5.79779 0.000653816 2464036 0.217425
5.86736 0.000786164 2441572 0.261437
5.93771 0.000956003 2420164 0.317917
6.00892 0.00118027 2394628 0.392495
6.08102 0.00147453 2368624 0.490351
6.15399 0.00186963 2332204 0.621743
6.2278 0.00239846 2296528 0.797605
6.30252 0.00312122 2255452 1.03795
6.37813 0.00411403 2208364 1.36811
6.45461 0.00548547 2156872 1.82418
6.53204 0.0074121 2104512 2.46488
6.6104 0.010188 2039548 3.38799
6.68969 0.0145867 1976956 4.85078
6.76993 0.0206517 1900768 6.86767
6.85111 0.031352 1825120 10.4261
6.93325 0.0466085 1737192 15.4996
7.01639 0.0776643 1649440 25.8271
7.10058 0.131188 1549012 43.6262
7.18569 0.235774 1441740 78.4062
7.27174 0.447268 1326940 148.738
7.35886 1.10315 1207764 366.849
7.44702 3.44008 1075156 1143.99
7.53611 19.7242 935664 6559.23
7.62659 742.32 801523 246857
7.71818 0.00403065 692322 1.34038
7.81076 0.00587435 599362 1.95351
7.90447 0.00895467 516300 2.97786
7.99927 0.0140053 441076 4.65745
8.09511 0.0227548 372798 7.56707
8.19203 0.0378659 311442 12.5922
8.2901 0.0654588 255850 21.7682
8.3894 0.119174 206196 39.6312
8.49004 0.23043 161820 76.6291
8.59152 0.470348 121362 156.413
8.69409 1.10331 88608 366.903
8.79786 2.87931 59292 957.51
8.90093 8.79284 35826 2924.04
9.00404 38.3548 19252 12754.8
9.10719 304.034 7314 101106
9.20136 10818.2 1158 3.59757e+06
9.28665 2.39534e+08 1 7.96567e+10
