# in Mpc/h Units 
# D1 = 0.0448927 
# k P N P(z=0)
0.020944 0.500506 6 248.346
0.0296192 0.40878 12 202.833
0.036276 0.338353 8 167.887
0.0418879 0.287086 6 142.449
0.0468321 0.261103 24 129.557
0.051302 0.241363 24 119.762
0.0592384 0.217621 12 107.981
0.0628319 0.209438 30 103.921
0.0662306 0.201056 24 99.7618
0.0694632 0.192712 24 95.6219
0.072552 0.184086 8 91.3416
0.0755145 0.175544 24 87.1031
0.0783651 0.166637 48 82.6838
0.0837758 0.149 6 73.9324
0.0863541 0.141396 48 70.1594
0.0888577 0.133697 36 66.3393
0.0912926 0.126584 24 62.8096
0.0936642 0.120465 24 59.7733
0.0959772 0.114974 48 57.0488
0.0982358 0.109967 24 54.5645
0.102604 0.101931 24 50.5769
0.10472 0.0988588 30 49.0527
0.106794 0.0962051 72 47.736
0.108828 0.0940419 32 46.6626
0.112787 0.0903432 72 44.8274
0.114715 0.0890004 48 44.1611
0.118477 0.0864472 12 42.8942
0.120314 0.0853257 48 42.3378
0.122123 0.0841071 48 41.7331
0.123906 0.083173 48 41.2696
0.125664 0.0820155 30 40.6952
0.127397 0.0809096 24 40.1465
0.129107 0.0797325 72 39.5625
0.132461 0.0771514 24 38.2817
0.134107 0.075682 96 37.5526
0.135732 0.0742655 48 36.8498
0.137339 0.0728421 24 36.1435
0.138926 0.0713692 24 35.4126
0.140496 0.0697374 72 34.603
0.142049 0.0682098 48 33.845
0.145104 0.0653828 8 32.4423
0.146608 0.0638971 54 31.7051
0.148632 0.0616467 132 30.5885
0.151029 0.0593252 24 29.4365
0.152474 0.0579692 72 28.7637
0.153906 0.0567281 96 28.1479
0.15673 0.0544019 48 26.9937
0.158123 0.0532407 48 26.4175
0.160531 0.051641 96 25.6237
0.163577 0.0496224 72 24.6221
0.164913 0.0489043 96 24.2658
0.167552 0.0489246 6 24.2759
0.169502 0.0466964 192 23.1703
0.172283 0.0455843 72 22.6184
0.173974 0.0451113 96 22.3838
0.17523 0.0446389 48 22.1493
0.178418 0.0437779 84 21.7221
0.180167 0.0432566 120 21.4635
0.181741 0.0429132 80 21.2931
0.184179 0.0422689 144 20.9734
0.187328 0.0414599 24 20.572
0.188867 0.0410829 150 20.3849
0.191267 0.0404314 120 20.0617
0.193903 0.0396603 168 19.6791
0.196472 0.0388315 24 19.2678
0.198088 0.0382874 264 18.9978
0.199793 0.0376752 48 18.694
0.202698 0.0365989 144 18.16
0.205919 0.03539 72 17.5602
0.207757 0.0346701 180 17.2029
0.21056 0.0335593 246 16.6518
0.213587 0.0324402 72 16.0965
0.215528 0.0317535 240 15.7558
0.218352 0.0307307 104 15.2483
0.219662 0.0303322 144 15.0505
0.223423 0.0291252 240 14.4516
0.22618 0.0283746 192 14.0792
0.228278 0.0278727 120 13.8301
0.231217 0.0271437 246 13.4684
0.234628 0.0265143 288 13.1561
0.237806 0.0259484 156 12.8753
0.239714 0.0256499 216 12.7272
0.242607 0.0252035 264 12.5057
0.245954 0.0247298 264 12.2707
0.248695 0.0243546 192 12.0845
0.252641 0.0238169 318 11.8177
0.255182 0.023459 248 11.6401
0.257969 0.0230327 336 11.4286
0.260901 0.022588 264 11.2079
0.263594 0.0221725 120 11.0017
0.266618 0.0216315 420 10.7334
0.269843 0.0210735 264 10.4564
0.273272 0.020502 366 10.1729
0.275985 0.0200372 336 9.94225
0.280415 0.0192968 456 9.57487
0.283902 0.018743 384 9.3001
0.287082 0.0182726 432 9.06666
0.291553 0.0176532 296 8.75932
0.29372 0.0173974 390 8.63243
0.297469 0.0169681 444 8.41942
0.301416 0.016576 600 8.22482
0.304904 0.0162356 408 8.05593
0.308899 0.0158755 408 7.87724
0.311881 0.0156395 384 7.76015
0.316099 0.015277 774 7.58029
0.320152 0.0149609 432 7.42346
0.323319 0.0146787 456 7.28341
0.327249 0.0143374 620 7.11409
0.331125 0.0139914 600 6.9424
0.335425 0.0136265 582 6.76132
0.339086 0.0133108 576 6.6047
0.342966 0.0129518 768 6.42656
0.347538 0.0125868 744 6.24542
0.352007 0.0122261 648 6.06647
0.356145 0.0119095 666 5.9094
0.360285 0.0116385 960 5.7749
0.365066 0.011322 752 5.61786
0.368573 0.0111151 552 5.5152
0.372864 0.0108791 984 5.3981
0.378105 0.0105897 1062 5.2545
0.382338 0.0103837 648 5.15226
0.386795 0.0101387 1140 5.0307
0.391574 0.00989601 864 4.9103
0.396297 0.00964595 1062 4.78622
0.401127 0.00940265 968 4.6655
0.405513 0.00918259 1248 4.55631
0.410547 0.00893527 864 4.43359
0.41537 0.00870222 1404 4.31795
0.420644 0.00847197 1086 4.20371
0.425289 0.00828119 1272 4.10904
0.430681 0.00805568 1392 3.99714
0.436011 0.00785346 1376 3.89681
0.440941 0.00768092 1110 3.81119
0.446174 0.00749692 1740 3.71989
0.45185 0.00730644 1584 3.62538
0.457529 0.00711564 1368 3.53071
0.462665 0.00694746 1662 3.44726
0.467842 0.0067867 1536 3.36749
0.473473 0.00660456 1820 3.27712
0.479577 0.00642284 1902 3.18695
0.485197 0.00626407 1704 3.10817
0.490809 0.00610762 2040 3.03054
0.497084 0.00593791 2088 2.94633
0.503027 0.00579434 1842 2.87509
0.508843 0.00565288 2456 2.8049
0.51514 0.00550548 1968 2.73176
0.521205 0.00536542 2382 2.66227
0.527271 0.00523747 2352 2.59878
0.533802 0.00509389 2604 2.52754
0.539882 0.00496675 2280 2.46445
0.546709 0.00483518 2990 2.39917
0.553468 0.00470719 2880 2.33566
0.559954 0.00458206 2508 2.27357
0.566543 0.00446979 3126 2.21786
0.573496 0.00435308 3216 2.15995
0.580523 0.00423536 3032 2.10154
0.587241 0.00413052 3294 2.04952
0.594316 0.00402278 3540 1.99606
0.601466 0.0039141 3408 1.94214
0.609018 0.00380896 4014 1.88997
0.61634 0.00371001 3728 1.84087
0.623417 0.00361205 3588 1.79226
0.630695 0.00352231 4230 1.74773
0.638291 0.00342748 4176 1.70068
0.645683 0.00333796 4158 1.65626
0.653416 0.00325418 4652 1.61469
0.660988 0.00316883 4584 1.57234
0.669506 0.00307647 5454 1.52651
0.677708 0.00299461 4884 1.48589
0.685505 0.00291475 5000 1.44627
0.694 0.00283803 5934 1.4082
0.702333 0.00276028 5376 1.36962
0.710789 0.00268629 5898 1.33291
0.719251 0.00261463 6216 1.29735
0.727942 0.00254198 6104 1.2613
0.736661 0.00247472 6618 1.22793
0.745211 0.002408 6480 1.19482
0.754127 0.00234445 6918 1.16329
0.762976 0.00228198 7304 1.13229
0.772239 0.00221709 7338 1.1001
0.781657 0.00215954 8376 1.07154
0.791082 0.00209707 7590 1.04055
0.800591 0.00204077 8780 1.01261
0.810283 0.00198338 8496 0.984131
0.820075 0.00193003 9294 0.957662
0.829801 0.0018752 8828 0.930455
0.839624 0.00182594 9846 0.906013
0.849851 0.00177352 10248 0.880003
0.860395 0.00172383 10626 0.855348
0.870624 0.00167465 10520 0.830944
0.880856 0.00162847 10902 0.808029
0.8914 0.00158377 11796 0.785851
0.902254 0.00153924 11894 0.763753
0.912774 0.00149753 12060 0.743057
0.923682 0.00145666 12942 0.722778
0.934704 0.00141339 13224 0.701307
0.946056 0.00137482 14042 0.68217
0.957461 0.00133418 14400 0.662008
0.969088 0.00129664 15054 0.643379
0.980756 0.00125916 15194 0.624781
0.992313 0.00122547 15768 0.608065
1.00427 0.00118894 16626 0.589939
1.0163 0.00115488 17168 0.57304
1.02842 0.00112302 17334 0.557232
1.04065 0.00108918 18564 0.540439
1.05325 0.00105937 19214 0.525648
1.06615 0.00102703 20298 0.509604
1.07882 0.000998236 19800 0.495315
1.09171 0.000969342 21434 0.480978
1.10469 0.000940731 21630 0.466781
1.1179 0.000914111 22976 0.453572
1.13133 0.000886311 23370 0.439779
1.14472 0.00086075 24240 0.427095
1.15877 0.000835411 26642 0.414522
1.17281 0.000810493 25518 0.402158
1.18671 0.000786557 27498 0.390282
1.20092 0.000763628 27944 0.378904
1.21541 0.000740435 29778 0.367396
1.23005 0.000717417 30158 0.355975
1.24487 0.000696722 32076 0.345706
1.25995 0.000675904 32430 0.335376
1.27496 0.00065566 33602 0.325332
1.29008 0.000635521 34584 0.315339
1.30561 0.000616832 36842 0.306066
1.32148 0.000598394 38070 0.296917
1.33731 0.000579832 38402 0.287707
1.35304 0.000562171 39600 0.278943
1.36931 0.00054485 42786 0.270349
1.38597 0.000528281 43754 0.262127
1.40251 0.000512293 44190 0.254195
1.41927 0.000496055 47042 0.246137
1.43629 0.000480648 48000 0.238493
1.45349 0.000466231 50210 0.231339
1.47092 0.000451992 51678 0.224274
1.48857 0.000437004 54050 0.216837
1.50651 0.000423492 56010 0.210132
1.5246 0.000410294 57782 0.203584
1.54296 0.000397217 60306 0.197095
1.5614 0.000384733 61244 0.1909
1.57996 0.000372577 64086 0.184869
1.59904 0.000360979 67706 0.179114
1.61841 0.000349487 69486 0.173412
1.63786 0.000338016 71426 0.16772
1.65727 0.000327491 72882 0.162498
1.67716 0.000316735 78230 0.157161
1.69752 0.000306265 80378 0.151965
1.71789 0.000296118 82242 0.146931
1.73855 0.000286847 86546 0.14233
1.75938 0.000277575 87750 0.13773
1.78034 0.0002688 91922 0.133376
1.80163 0.000259748 94890 0.128884
1.82321 0.000251127 99062 0.124607
1.84528 0.00024339 103898 0.120768
1.86742 0.000234947 105090 0.116578
1.88971 0.000226953 109874 0.112612
1.91235 0.000219814 114110 0.10907
1.93516 0.000212464 116850 0.105423
1.95828 0.000205554 122672 0.101994
1.98195 0.000198668 128874 0.098577
2.00592 0.000191999 131714 0.0952681
2.02983 0.000185429 134822 0.0920082
2.05418 0.000179163 142866 0.0888991
2.07887 0.000173285 145514 0.0859823
2.10372 0.000167655 151880 0.0831887
2.12915 0.000161702 159746 0.0802348
2.15486 0.000156618 162858 0.0777123
2.18054 0.000151064 167474 0.0749563
2.20649 0.000146092 174110 0.0724895
2.23302 0.000141589 183336 0.0702548
2.25999 0.000136586 189146 0.0677724
2.28711 0.000132528 194354 0.065759
2.31452 0.000127868 202496 0.063447
2.3423 0.000123748 209754 0.0614023
2.37031 0.000119724 215618 0.0594056
2.39862 0.000116041 224600 0.0575782
2.42748 0.000112192 235370 0.0556684
2.45668 0.000108564 240794 0.0538683
2.48608 0.000105708 250560 0.0524513
2.5159 0.000102264 259874 0.0507423
2.54615 9.93089e-05 270224 0.0492761
2.57673 9.62188e-05 278570 0.0477428
2.60767 9.35106e-05 290216 0.046399
2.63893 9.10166e-05 298370 0.0451615
2.67053 8.86834e-05 310928 0.0440038
2.70255 8.63882e-05 321522 0.042865
2.73501 8.43201e-05 334640 0.0418388
2.76784 8.24649e-05 345302 0.0409183
2.80103 8.06594e-05 358736 0.0400223
2.83468 7.8916e-05 372320 0.0391573
2.86869 7.76377e-05 384386 0.038523
2.90306 7.63425e-05 398576 0.0378804
2.93788 7.53458e-05 414032 0.0373858
2.97314 7.46045e-05 428570 0.037018
3.00878 7.39276e-05 443420 0.0366821
3.04485 7.35454e-05 460880 0.0364925
3.08141 7.32417e-05 477608 0.0363418
3.11839 7.3521e-05 494666 0.0364804
3.15587 7.37596e-05 514172 0.0365987
3.19377 7.45285e-05 531200 0.0369803
3.23206 7.53874e-05 549944 0.0374065
3.27078 7.64912e-05 569924 0.0379542
3.31006 7.8152e-05 593642 0.0387782
3.34977 8.09211e-05 610856 0.0401522
3.38996 8.34592e-05 637756 0.0414116
3.43072 8.65022e-05 659240 0.0429215
3.47187 9.03389e-05 681752 0.0448252
3.51352 9.42169e-05 708404 0.0467494
3.55566 9.96629e-05 731720 0.0494517
3.59831 0.000105495 761324 0.0523456
3.64146 0.000112052 785624 0.0555989
3.68509 0.000120152 815932 0.0596182
3.72935 0.000130209 848150 0.0646082
3.77412 0.000141417 875876 0.0701698
3.81939 0.000153254 909872 0.0760432
3.86521 0.00016775 940708 0.0832356
3.91154 0.000183933 975368 0.0912655
3.95847 0.000204828 1012826 0.101633
4.00597 0.000230199 1047892 0.114222
4.05405 0.000254821 1088600 0.126439
4.10276 0.00028529 1127762 0.141558
4.15198 0.000330869 1166140 0.164174
4.20175 0.000370588 1209440 0.183882
4.25218 0.000429731 1255802 0.213228
4.30322 0.000497034 1298860 0.246623
4.35482 0.000574286 1347110 0.284955
4.40705 0.000683882 1395124 0.339335
4.45993 0.000803481 1448666 0.398679
4.51349 0.00095838 1501036 0.475538
4.56763 0.00118059 1552442 0.585796
4.6224 0.00137203 1611310 0.680787
4.67785 0.0018184 1669244 0.902269
4.73396 0.00226602 1729786 1.12437
4.79079 0.00278166 1796522 1.38023
4.84827 0.00369582 1856476 1.83383
4.90642 0.00522236 1928050 2.59128
4.96533 0.00731953 1998290 3.63187
5.02487 0.0107506 2065786 5.33434
5.0851 0.0168568 2145058 8.36416
5.14613 0.0290053 2224298 14.3921
5.20788 0.0594366 2303434 29.4918
5.27036 0.158379 2388202 78.5859
5.33364 39.7167 2478599 19707
5.39744 0.000389858 2508700 0.193443
5.46211 0.000289487 2510380 0.14364
5.52769 0.000284405 2512288 0.141119
5.59404 0.00030141 2497276 0.149556
5.66113 0.000336861 2490536 0.167147
5.72904 0.00038462 2476432 0.190845
5.79779 0.000452833 2464036 0.224691
5.86736 0.000542863 2441572 0.269363
5.93771 0.00065806 2420164 0.326522
6.00892 0.000809995 2394628 0.401911
6.08102 0.00100887 2368624 0.500592
6.15399 0.00127537 2332204 0.632824
6.2278 0.0016315 2296528 0.809535
6.30252 0.00211725 2255452 1.05056
6.37813 0.00278402 2208364 1.3814
6.45461 0.00370318 2156872 1.83748
6.53204 0.00499161 2104512 2.47679
6.6104 0.00684875 2039548 3.39828
6.68969 0.00978506 1976956 4.85524
6.76993 0.0138313 1900768 6.86296
6.85111 0.020969 1825120 10.4046
6.93325 0.0311127 1737192 15.4378
7.01639 0.0518338 1649440 25.7194
7.10058 0.0874483 1549012 43.3909
7.18569 0.157047 1441740 77.925
7.27174 0.297973 1326940 147.851
7.35886 0.734779 1207764 364.59
7.44702 2.29689 1075156 1139.69
7.53611 13.1904 935664 6544.96
7.62659 741.791 801523 368069
7.71818 0.00278676 692322 1.38276
7.81076 0.00404376 599362 2.00647
7.90447 0.00613382 516300 3.04354
7.99927 0.00954807 441076 4.73765
8.09511 0.0154387 372798 7.66053
8.19203 0.0255971 311442 12.701
8.2901 0.0441062 255850 21.885
8.3894 0.0800543 206196 39.7221
8.49004 0.154503 161820 76.6627
8.59152 0.31478 121362 156.191
8.69409 0.736632 88608 365.509
8.79786 1.92074 59292 953.052
8.90093 5.8663 35826 2910.8
9.00404 25.6134 19252 12709.1
9.10719 203.777 7314 101112
9.20136 7270.82 1158 3.60771e+06
9.28665 2.39116e+08 1 1.18647e+11
