# in Mpc/h Units 
# D1 = 0.0471945 
# k P N P(z=0)
0.020944 0.553275 6 248.404
0.0296192 0.451771 12 202.831
0.036276 0.373953 8 167.893
0.0418879 0.317135 6 142.384
0.0468321 0.288576 24 129.562
0.051302 0.266752 24 119.763
0.0592384 0.2405 12 107.977
0.0628319 0.231472 30 103.924
0.0662306 0.222202 24 99.762
0.0694632 0.212974 24 95.6187
0.072552 0.203433 8 91.3352
0.0755145 0.194001 24 87.1007
0.0783651 0.184158 48 82.6811
0.0837758 0.164628 6 73.913
0.0863541 0.156272 48 70.1615
0.0888577 0.147756 36 66.3381
0.0912926 0.139888 24 62.8056
0.0936642 0.133137 24 59.7745
0.0959772 0.127068 48 57.0497
0.0982358 0.121531 24 54.5635
0.102604 0.11264 24 50.5719
0.10472 0.109243 30 49.0466
0.106794 0.106317 72 47.733
0.108828 0.103931 32 46.6618
0.112787 0.0998366 72 44.8236
0.114715 0.0983609 48 44.161
0.118477 0.0955344 12 42.892
0.120314 0.0942955 48 42.3358
0.122123 0.0929412 48 41.7278
0.123906 0.0919182 48 41.2684
0.125664 0.0906359 30 40.6927
0.127397 0.0894206 24 40.1471
0.129107 0.0881166 72 39.5617
0.132461 0.085265 24 38.2813
0.134107 0.0836373 96 37.5506
0.135732 0.0820721 48 36.8478
0.137339 0.0805001 24 36.142
0.138926 0.078877 24 35.4133
0.140496 0.0770668 72 34.6006
0.142049 0.0753805 48 33.8435
0.145104 0.0722687 8 32.4464
0.146608 0.0706247 54 31.7083
0.148632 0.0681272 132 30.587
0.151029 0.0655628 24 29.4357
0.152474 0.0640613 72 28.7616
0.153906 0.0626916 96 28.1466
0.15673 0.0601238 48 26.9937
0.158123 0.0588338 48 26.4146
0.160531 0.0570733 96 25.6241
0.163577 0.054838 72 24.6206
0.164913 0.0540459 96 24.2649
0.167552 0.054117 6 24.2969
0.169502 0.0516041 192 23.1687
0.172283 0.0503737 72 22.6162
0.173974 0.0498556 96 22.3836
0.17523 0.0493296 48 22.1475
0.178418 0.0483818 84 21.7219
0.180167 0.0478015 120 21.4614
0.181741 0.0474251 80 21.2924
0.184179 0.046711 144 20.9718
0.187328 0.0458167 24 20.5703
0.188867 0.0453998 150 20.3831
0.191267 0.0446815 120 20.0606
0.193903 0.0438291 168 19.6779
0.196472 0.0429147 24 19.2674
0.198088 0.0423116 264 18.9966
0.199793 0.0416334 48 18.6921
0.202698 0.040445 144 18.1586
0.205919 0.03911 72 17.5592
0.207757 0.0383151 180 17.2023
0.21056 0.0370857 246 16.6504
0.213587 0.0358506 72 16.0958
0.215528 0.0350918 240 15.7551
0.218352 0.0339597 104 15.2469
0.219662 0.0335217 144 15.0502
0.223423 0.0321843 240 14.4498
0.22618 0.0313552 192 14.0775
0.228278 0.0308016 120 13.829
0.231217 0.029995 246 13.4668
0.234628 0.0293015 288 13.1555
0.237806 0.0286757 156 12.8745
0.239714 0.0283461 216 12.7265
0.242607 0.0278529 264 12.5051
0.245954 0.027329 264 12.2699
0.248695 0.0269143 192 12.0837
0.252641 0.0263196 318 11.8167
0.255182 0.0259238 248 11.639
0.257969 0.0254531 336 11.4277
0.260901 0.0249617 264 11.207
0.263594 0.0245028 120 11.001
0.266618 0.0239038 420 10.7321
0.269843 0.0232871 264 10.4552
0.273272 0.0226556 366 10.1717
0.275985 0.0221423 336 9.9412
0.280415 0.0213239 456 9.57375
0.283902 0.0207124 384 9.29924
0.287082 0.0201921 432 9.06564
0.291553 0.0195068 296 8.75797
0.29372 0.0192246 390 8.63127
0.297469 0.0187507 444 8.41847
0.301416 0.0183177 600 8.22406
0.304904 0.0179409 408 8.05492
0.308899 0.0175428 408 7.87617
0.311881 0.0172829 384 7.7595
0.316099 0.0168815 774 7.57926
0.320152 0.0165329 432 7.42276
0.323319 0.01622 456 7.28227
0.327249 0.0158432 620 7.11309
0.331125 0.0154602 600 6.94117
0.335425 0.0150581 582 6.76061
0.339086 0.0147093 576 6.60402
0.342966 0.0143114 768 6.42538
0.347538 0.0139091 744 6.24477
0.352007 0.0135102 648 6.06568
0.356145 0.0131598 666 5.90835
0.360285 0.0128611 960 5.77422
0.365066 0.0125107 752 5.61692
0.368573 0.0122821 552 5.51427
0.372864 0.0120215 984 5.39726
0.378105 0.0117013 1062 5.25353
0.382338 0.0114744 648 5.15164
0.386795 0.011203 1140 5.0298
0.391574 0.0109348 864 4.90941
0.396297 0.010658 1062 4.78509
0.401127 0.0103896 968 4.6646
0.405513 0.0101465 1248 4.55545
0.410547 0.00987297 864 4.43266
0.41537 0.00961535 1404 4.31699
0.420644 0.00936097 1086 4.20279
0.425289 0.0091506 1272 4.10834
0.430681 0.00890084 1392 3.9962
0.436011 0.0086773 1376 3.89584
0.440941 0.00848716 1110 3.81047
0.446174 0.00828347 1740 3.71902
0.45185 0.00807316 1584 3.6246
0.457529 0.00786223 1368 3.5299
0.462665 0.00767633 1662 3.44643
0.467842 0.00749872 1536 3.36669
0.473473 0.00729708 1820 3.27617
0.479577 0.00709632 1902 3.18603
0.485197 0.00692098 1704 3.10731
0.490809 0.00674818 2040 3.02972
0.497084 0.00656034 2088 2.94539
0.503027 0.00640205 1842 2.87432
0.508843 0.00624541 2456 2.804
0.51514 0.00608276 1968 2.73097
0.521205 0.00592752 2382 2.66127
0.527271 0.00578639 2352 2.59791
0.533802 0.00562768 2604 2.52666
0.539882 0.00548702 2280 2.4635
0.546709 0.00534178 2990 2.39829
0.553468 0.00520044 2880 2.33484
0.559954 0.00506195 2508 2.27266
0.566543 0.00493815 3126 2.21708
0.573496 0.00480912 3216 2.15915
0.580523 0.00467897 3032 2.10071
0.587241 0.00456299 3294 2.04864
0.594316 0.0044441 3540 1.99526
0.601466 0.00432381 3408 1.94126
0.609018 0.00420768 4014 1.88912
0.61634 0.00409832 3728 1.84002
0.623417 0.00399001 3588 1.79139
0.630695 0.00389096 4230 1.74692
0.638291 0.00378609 4176 1.69984
0.645683 0.00368713 4158 1.65541
0.653416 0.00359482 4652 1.61396
0.660988 0.00350024 4584 1.5715
0.669506 0.0033981 5454 1.52564
0.677708 0.00330766 4884 1.48504
0.685505 0.00321934 5000 1.44539
0.694 0.00313481 5934 1.40743
0.702333 0.00304869 5376 1.36877
0.710789 0.00296696 5898 1.33207
0.719251 0.00288779 6216 1.29653
0.727942 0.00280737 6104 1.26042
0.736661 0.00273317 6618 1.22711
0.745211 0.00265936 6480 1.19397
0.754127 0.00258922 6918 1.16248
0.762976 0.00252009 7304 1.13144
0.772239 0.00244831 7338 1.09922
0.781657 0.00238487 8376 1.07073
0.791082 0.00231579 7590 1.03972
0.800591 0.00225358 8780 1.01179
0.810283 0.00219013 8496 0.983299
0.820075 0.00213124 9294 0.956861
0.829801 0.00207051 8828 0.929594
0.839624 0.00201618 9846 0.905201
0.849851 0.00195819 10248 0.879169
0.860395 0.00190327 10626 0.854508
0.870624 0.00184888 10520 0.830092
0.880856 0.00179785 10902 0.807178
0.8914 0.00174848 11796 0.785015
0.902254 0.00169931 11894 0.762938
0.912774 0.00165323 12060 0.742249
0.923682 0.00160797 12942 0.72193
0.934704 0.00156015 13224 0.700461
0.946056 0.00151765 14042 0.681377
0.957461 0.00147265 14400 0.661176
0.969088 0.00143117 15054 0.642549
0.980756 0.00138975 15194 0.623953
0.992313 0.00135254 15768 0.607247
1.00427 0.00131213 16626 0.589105
1.0163 0.00127448 17168 0.572201
1.02842 0.00123932 17334 0.556419
1.04065 0.0012019 18564 0.539614
1.05325 0.00116903 19214 0.524859
1.06615 0.00113321 20298 0.508776
1.07882 0.00110143 19800 0.494506
1.09171 0.00106952 21434 0.480182
1.10469 0.00103782 21630 0.465951
1.1179 0.00100841 22976 0.452747
1.13133 0.000977674 23370 0.438946
1.14472 0.000949452 24240 0.426275
1.15877 0.000921454 26642 0.413704
1.17281 0.000893978 25518 0.401368
1.18671 0.000867459 27498 0.389463
1.20092 0.000842133 27944 0.378092
1.21541 0.000816522 29778 0.366593
1.23005 0.000791081 30158 0.355171
1.24487 0.000768231 32076 0.344912
1.25995 0.000745203 32430 0.334573
1.27496 0.000722851 33602 0.324538
1.29008 0.000700555 34584 0.314528
1.30561 0.00067996 36842 0.305281
1.32148 0.000659571 38070 0.296127
1.33731 0.000639044 38402 0.286911
1.35304 0.000619524 39600 0.278147
1.36931 0.000600401 42786 0.269562
1.38597 0.000582095 43754 0.261343
1.40251 0.000564431 44190 0.253412
1.41927 0.000546498 47042 0.245361
1.43629 0.000529453 48000 0.237708
1.45349 0.000513552 50210 0.230569
1.47092 0.000497813 51678 0.223503
1.48857 0.000481259 54050 0.21607
1.50651 0.000466335 56010 0.20937
1.5246 0.00045175 57782 0.202822
1.54296 0.000437299 60306 0.196334
1.5614 0.000423511 61244 0.190143
1.57996 0.00041009 64086 0.184118
1.59904 0.000397284 67706 0.178368
1.61841 0.000384591 69486 0.17267
1.63786 0.000371921 71426 0.166981
1.65727 0.000360314 72882 0.16177
1.67716 0.000348416 78230 0.156428
1.69752 0.000336843 80378 0.151232
1.71789 0.000325653 82242 0.146208
1.73855 0.00031542 86546 0.141614
1.75938 0.000305179 87750 0.137016
1.78034 0.000295502 91922 0.132671
1.80163 0.000285502 94890 0.128182
1.82321 0.000275985 99062 0.123909
1.84528 0.000267452 103898 0.120078
1.86742 0.000258131 105090 0.115893
1.88971 0.000249309 109874 0.111932
1.91235 0.000241433 114110 0.108396
1.93516 0.000233326 116850 0.104756
1.95828 0.000225707 122672 0.101335
1.98195 0.000218103 128874 0.0979214
2.00592 0.000210746 131714 0.0946183
2.02983 0.000203493 134822 0.0913619
2.05418 0.000196587 142866 0.0882617
2.07887 0.000190099 145514 0.0853485
2.10372 0.000183896 151880 0.0825639
2.12915 0.000177328 159746 0.0796146
2.15486 0.000171734 162858 0.0771032
2.18054 0.000165609 167474 0.0743533
2.20649 0.000160127 174110 0.071892
2.23302 0.000155168 183336 0.0696655
2.25999 0.000149651 189146 0.0671886
2.28711 0.000145181 194354 0.0651816
2.31452 0.000140046 202496 0.0628765
2.3423 0.000135509 209754 0.0608394
2.37031 0.000131079 215618 0.0588502
2.39862 0.00012702 224600 0.0570282
2.42748 0.000122782 235370 0.0551253
2.45668 0.00011879 240794 0.0533332
2.48608 0.000115649 250560 0.051923
2.5159 0.000111853 259874 0.0502186
2.54615 0.000108605 270224 0.0487605
2.57673 0.000105207 278570 0.0472347
2.60767 0.00010223 290216 0.0458983
2.63893 9.94882e-05 298370 0.0446671
2.67053 9.69209e-05 310928 0.0435145
2.70255 9.43973e-05 321522 0.0423815
2.73501 9.21267e-05 334640 0.041362
2.76784 9.0084e-05 345302 0.0404449
2.80103 8.81041e-05 358736 0.039556
2.83468 8.61889e-05 372320 0.0386962
2.86869 8.47916e-05 384386 0.0380688
2.90306 8.33736e-05 398576 0.0374322
2.93788 8.22802e-05 414032 0.0369413
2.97314 8.14708e-05 428570 0.0365779
3.00878 8.07325e-05 443420 0.0362464
3.04485 8.03161e-05 460880 0.0360595
3.08141 7.99802e-05 477608 0.0359086
3.11839 8.03099e-05 494666 0.0360567
3.15587 8.05683e-05 514172 0.0361727
3.19377 8.14239e-05 531200 0.0365568
3.23206 8.23721e-05 549944 0.0369825
3.27078 8.35941e-05 569924 0.0375312
3.31006 8.54193e-05 593642 0.0383507
3.34977 8.84747e-05 610856 0.0397224
3.38996 9.12729e-05 637756 0.0409787
3.43072 9.46291e-05 659240 0.0424855
3.47187 9.88467e-05 681752 0.0443791
3.51352 0.000103125 708404 0.0462998
3.55566 0.000109114 731720 0.048989
3.59831 0.000115532 761324 0.0518705
3.64146 0.000122752 785624 0.0551118
3.68509 0.000131649 815932 0.0591065
3.72935 0.00014273 848150 0.0640812
3.77412 0.000155041 875876 0.0696084
3.81939 0.000168062 909872 0.0754548
3.86521 0.00018402 940708 0.0826194
3.91154 0.000201806 975368 0.0906045
3.95847 0.000224779 1012826 0.100919
4.00597 0.000252692 1047892 0.113451
4.05405 0.000279793 1088600 0.125618
4.10276 0.000313246 1127762 0.140638
4.15198 0.000363438 1166140 0.163172
4.20175 0.00040711 1209440 0.18278
4.25218 0.000472125 1255802 0.211969
4.30322 0.000546173 1298860 0.245215
4.35482 0.000631206 1347110 0.283392
4.40705 0.000751843 1395124 0.337555
4.45993 0.000883431 1448666 0.396633
4.51349 0.00105395 1501036 0.473193
4.56763 0.00129853 1552442 0.582999
4.6224 0.00150913 1611310 0.677554
4.67785 0.00200097 1669244 0.898376
4.73396 0.00249367 1729786 1.11958
4.79079 0.00306139 1796522 1.37447
4.84827 0.00406842 1856476 1.8266
4.90642 0.00575004 1928050 2.58159
4.96533 0.0080609 1998290 3.6191
5.02487 0.0118411 2065786 5.31631
5.0851 0.0185679 2145058 8.33639
5.14613 0.0319543 2224298 14.3465
5.20788 0.0654846 2303434 29.4005
5.27036 0.174527 2388202 78.3574
5.33364 39.7572 2478599 17849.7
5.39744 0.000427901 2508700 0.192114
5.46211 0.000316976 2510380 0.142313
5.52769 0.000311192 2512288 0.139716
5.59404 0.000329784 2497276 0.148063
5.66113 0.000368704 2490536 0.165537
5.72904 0.000421194 2476432 0.189103
5.79779 0.000496244 2464036 0.222798
5.86736 0.000595334 2441572 0.267287
5.93771 0.00072223 2420164 0.324259
6.00892 0.000889701 2394628 0.399448
6.08102 0.00110893 2368624 0.497876
6.15399 0.00140298 2332204 0.629893
6.2278 0.00179598 2296528 0.806338
6.30252 0.00233238 2255452 1.04717
6.37813 0.00306877 2208364 1.37778
6.45461 0.00408424 2156872 1.8337
6.53204 0.00550871 2104512 2.47324
6.6104 0.00756199 2039548 3.3951
6.68969 0.0108096 1976956 4.85318
6.76993 0.0152853 1900768 6.86262
6.85111 0.0231812 1825120 10.4076
6.93325 0.0344106 1737192 15.4493
7.01639 0.0573353 1649440 25.7418
7.10058 0.0967549 1549012 43.44
7.18569 0.1738 1441740 78.0308
7.27174 0.329772 1326940 148.057
7.35886 0.813247 1207764 365.123
7.44702 2.54097 1075156 1140.82
7.53611 14.5866 935664 6548.95
7.62659 741.93 801523 333104
7.71818 0.00305383 692322 1.37108
7.81076 0.00443627 599362 1.99175
7.90447 0.00673777 516300 3.02505
7.99927 0.0105001 441076 4.7142
8.09511 0.0169991 372798 7.63209
8.19203 0.028211 311442 12.6659
8.2901 0.0486479 255850 21.8414
8.3894 0.0883694 206196 39.6751
8.49004 0.170622 161820 76.6039
8.59152 0.347772 121362 156.139
8.69409 0.814351 88608 365.619
8.79786 2.12383 59292 953.534
8.90093 6.48665 35826 2912.31
9.00404 28.3194 19252 12714.5
9.10719 225.118 7314 101071
9.20136 8028.3 1158 3.60446e+06
9.28665 2.39222e+08 1 1.07403e+11
