# in Mpc/h Units 
# D1 = 0.181526 
# k P N P(z=0)
0.020944 813.609 6 24690.9
0.0296192 668.706 12 20293.4
0.036276 548.846 8 16656
0.0418879 470.447 6 14276.8
0.0468321 420.278 24 12754.3
0.051302 401.082 24 12171.8
0.0592384 344.47 12 10453.7
0.0628319 344.287 30 10448.2
0.0662306 335.67 24 10186.7
0.0694632 314.002 24 9529.11
0.072552 296.449 8 8996.44
0.0755145 289.573 24 8787.77
0.0783651 270.36 48 8204.7
0.0837758 265.735 6 8064.35
0.0863541 229.376 48 6960.94
0.0888577 217.56 36 6602.37
0.0912926 207.567 24 6299.11
0.0936642 204.689 24 6211.76
0.0959772 197.554 48 5995.23
0.0982358 181.404 24 5505.13
0.102604 156.985 24 4764.07
0.10472 147.523 30 4476.94
0.106794 152.856 72 4638.77
0.108828 161.308 32 4895.27
0.112787 141.905 72 4306.44
0.114715 139.991 48 4248.36
0.118477 144.6 12 4388.23
0.120314 139.92 48 4246.18
0.122123 138.394 48 4199.89
0.123906 137.236 48 4164.74
0.125664 130.127 30 3949.01
0.127397 140.671 24 4269
0.129107 130.086 72 3947.76
0.132461 123.19 24 3738.49
0.134107 122.433 96 3715.51
0.135732 120.76 48 3664.74
0.137339 122.304 24 3711.6
0.138926 120.074 24 3643.92
0.140496 108.477 72 3291.98
0.142049 105.37 48 3197.68
0.145104 128.229 8 3891.42
0.146608 110.388 54 3349.97
0.148632 99.4386 132 3017.69
0.151029 94.8308 24 2877.86
0.152474 92.2516 72 2799.59
0.153906 95.3362 96 2893.2
0.15673 87.4743 48 2654.61
0.158123 82.1199 48 2492.12
0.160531 83.9853 96 2548.73
0.163577 84.1786 72 2554.59
0.164913 77.9273 96 2364.88
0.167552 84.1305 6 2553.13
0.169502 79.4184 192 2410.13
0.172283 77.5044 72 2352.05
0.173974 75.0403 96 2277.27
0.17523 74.3168 48 2255.32
0.178418 72.1944 84 2190.91
0.180167 67.5916 120 2051.22
0.181741 73.6636 80 2235.49
0.184179 66.5942 144 2020.95
0.187328 73.2348 24 2222.48
0.188867 65.3893 150 1984.39
0.191267 63.0011 120 1911.91
0.193903 63.124 168 1915.64
0.196472 64.4577 24 1956.12
0.198088 62.688 264 1902.41
0.199793 58.2025 48 1766.29
0.202698 59.394 144 1802.45
0.205919 59.766 72 1813.74
0.207757 60.522 180 1836.68
0.21056 55.6029 246 1687.4
0.213587 52.7301 72 1600.22
0.215528 55.4391 240 1682.43
0.218352 49.1729 104 1492.26
0.219662 50.5284 144 1533.4
0.223423 44.5218 240 1351.12
0.22618 48.5611 192 1473.7
0.228278 45.4783 120 1380.14
0.231217 44.4022 246 1347.49
0.234628 43.3699 288 1316.16
0.237806 44.1113 156 1338.66
0.239714 42.3432 216 1285
0.242607 43.7002 264 1326.18
0.245954 41.9137 264 1271.97
0.248695 39.7448 192 1206.15
0.252641 37.761 318 1145.95
0.255182 37.5774 248 1140.37
0.257969 38.2109 336 1159.6
0.260901 36.8894 264 1119.49
0.263594 37.8238 120 1147.85
0.266618 36.3362 420 1102.71
0.269843 35.7363 264 1084.5
0.273272 33.6376 366 1020.81
0.275985 33.4048 336 1013.74
0.280415 33.8108 456 1026.07
0.283902 30.2873 384 919.139
0.287082 30.6701 432 930.755
0.291553 29.1419 296 884.379
0.29372 29.6474 390 899.719
0.297469 28.1239 444 853.484
0.301416 28.1133 600 853.164
0.304904 27.1407 408 823.648
0.308899 25.9491 408 787.484
0.311881 26.0709 384 791.181
0.316099 25.6595 774 778.698
0.320152 24.9728 432 757.856
0.323319 23.8181 456 722.815
0.327249 24.1627 620 733.272
0.331125 22.6993 600 688.861
0.335425 21.7988 582 661.534
0.339086 22.3393 576 677.939
0.342966 21.3806 768 648.842
0.347538 22.307 744 676.958
0.352007 20.9476 648 635.704
0.356145 19.1355 666 580.712
0.360285 19.2374 960 583.803
0.365066 18.237 752 553.445
0.368573 19.5371 552 592.898
0.372864 18.7985 984 570.484
0.378105 17.4875 1062 530.7
0.382338 17.9415 648 544.476
0.386795 16.8612 1140 511.693
0.391574 16.547 864 502.158
0.396297 16.1022 1062 488.658
0.401127 16.3138 968 495.079
0.405513 14.7222 1248 446.778
0.410547 14.9926 864 454.984
0.41537 14.3062 1404 434.155
0.420644 14.2209 1086 431.565
0.425289 14.0363 1272 425.965
0.430681 13.434 1392 407.685
0.436011 13.7012 1376 415.793
0.440941 12.848 1110 389.901
0.446174 12.4995 1740 379.327
0.45185 12.4748 1584 378.576
0.457529 12.1304 1368 368.125
0.462665 11.971 1662 363.287
0.467842 11.523 1536 349.691
0.473473 11.2372 1820 341.02
0.479577 10.674 1902 323.926
0.485197 10.7319 1704 325.685
0.490809 10.5218 2040 319.31
0.497084 9.79964 2088 297.393
0.503027 9.66776 1842 293.391
0.508843 9.30929 2456 282.512
0.51514 9.41733 1968 285.791
0.521205 9.12448 2382 276.903
0.527271 8.72634 2352 264.821
0.533802 8.52902 2604 258.833
0.539882 8.25795 2280 250.606
0.546709 8.47416 2990 257.168
0.553468 7.95291 2880 241.349
0.559954 7.71639 2508 234.172
0.566543 7.71128 3126 234.017
0.573496 7.60213 3216 230.704
0.580523 7.14738 3032 216.904
0.587241 7.14864 3294 216.942
0.594316 6.91446 3540 209.835
0.601466 6.42728 3408 195.051
0.609018 6.7019 4014 203.385
0.61634 6.39839 3728 194.174
0.623417 6.27001 3588 190.278
0.630695 5.92665 4230 179.858
0.638291 5.76204 4176 174.862
0.645683 5.65253 4158 171.539
0.653416 5.58618 4652 169.525
0.660988 5.42403 4584 164.605
0.669506 5.20462 5454 157.946
0.677708 5.10486 4884 154.919
0.685505 4.94183 5000 149.971
0.694 4.95901 5934 150.492
0.702333 4.75997 5376 144.452
0.710789 4.68851 5898 142.284
0.719251 4.48495 6216 136.106
0.727942 4.28436 6104 130.019
0.736661 4.21826 6618 128.013
0.745211 4.22996 6480 128.368
0.754127 4.099 6918 124.394
0.762976 3.93211 7304 119.329
0.772239 3.80925 7338 115.6
0.781657 3.80888 8376 115.589
0.791082 3.67886 7590 111.643
0.800591 3.50986 8780 106.515
0.810283 3.44151 8496 104.44
0.820075 3.41066 9294 103.504
0.829801 3.19617 8828 96.9952
0.839624 3.22649 9846 97.9153
0.849851 3.11839 10248 94.6347
0.860395 3.00869 10626 91.3057
0.870624 2.95221 10520 89.5915
0.880856 2.85995 10902 86.7918
0.8914 2.75489 11796 83.6033
0.902254 2.64686 11894 80.325
0.912774 2.65182 12060 80.4755
0.923682 2.5297 12942 76.7697
0.934704 2.48243 13224 75.335
0.946056 2.4225 14042 73.5164
0.957461 2.34575 14400 71.1873
0.969088 2.27614 15054 69.0746
0.980756 2.23929 15194 67.9565
0.992313 2.13958 15768 64.9306
1.00427 2.0733 16626 62.919
1.0163 2.02419 17168 61.4288
1.02842 1.95666 17334 59.3793
1.04065 1.92675 18564 58.4716
1.05325 1.91203 19214 58.0251
1.06615 1.7897 20298 54.3124
1.07882 1.76575 19800 53.5857
1.09171 1.71553 21434 52.0617
1.10469 1.66966 21630 50.6698
1.1179 1.64595 22976 49.9503
1.13133 1.578 23370 47.8879
1.14472 1.52496 24240 46.2784
1.15877 1.49776 26642 45.4531
1.17281 1.46332 25518 44.4077
1.18671 1.42005 27498 43.0948
1.20092 1.39177 27944 42.2366
1.21541 1.34786 29778 40.904
1.23005 1.29912 30158 39.4247
1.24487 1.26562 32076 38.4081
1.25995 1.22795 32430 37.265
1.27496 1.19557 33602 36.2824
1.29008 1.14411 34584 34.7206
1.30561 1.12937 36842 34.2732
1.32148 1.11476 38070 33.8298
1.33731 1.05289 38402 31.9525
1.35304 1.02929 39600 31.2363
1.36931 1.01041 42786 30.6633
1.38597 0.974332 43754 29.5684
1.40251 0.948492 44190 28.7842
1.41927 0.903424 47042 27.4165
1.43629 0.8873 48000 26.9272
1.45349 0.869981 50210 26.4016
1.47092 0.836339 51678 25.3807
1.48857 0.825394 54050 25.0485
1.50651 0.790317 56010 23.984
1.5246 0.770749 57782 23.3901
1.54296 0.7513 60306 22.7999
1.5614 0.730074 61244 22.1558
1.57996 0.703605 64086 21.3525
1.59904 0.686247 67706 20.8258
1.61841 0.662494 69486 20.1049
1.63786 0.638663 71426 19.3817
1.65727 0.629287 72882 19.0972
1.67716 0.602796 78230 18.2932
1.69752 0.590784 80378 17.9287
1.71789 0.573889 82242 17.416
1.73855 0.553607 86546 16.8005
1.75938 0.541753 87750 16.4407
1.78034 0.524552 91922 15.9187
1.80163 0.507778 94890 15.4097
1.82321 0.495835 99062 15.0473
1.84528 0.479638 103898 14.5557
1.86742 0.469765 105090 14.2561
1.88971 0.458139 109874 13.9033
1.91235 0.444446 114110 13.4878
1.93516 0.429025 116850 13.0197
1.95828 0.418261 122672 12.6931
1.98195 0.408068 128874 12.3838
2.00592 0.396973 131714 12.047
2.02983 0.385478 134822 11.6982
2.05418 0.37208 142866 11.2916
2.07887 0.363427 145514 11.029
2.10372 0.356941 151880 10.8322
2.12915 0.346154 159746 10.5048
2.15486 0.337184 162858 10.2326
2.18054 0.328682 167474 9.97461
2.20649 0.319323 174110 9.69058
2.23302 0.31415 183336 9.53362
2.25999 0.305703 189146 9.27727
2.28711 0.298044 194354 9.04482
2.31452 0.291417 202496 8.84371
2.3423 0.286331 209754 8.68937
2.37031 0.278571 215618 8.45389
2.39862 0.275196 224600 8.35146
2.42748 0.268587 235370 8.15089
2.45668 0.264944 240794 8.04033
2.48608 0.260333 250560 7.90042
2.5159 0.256053 259874 7.77052
2.54615 0.252682 270224 7.66822
2.57673 0.248056 278570 7.52783
2.60767 0.246803 290216 7.4898
2.63893 0.244061 298370 7.40658
2.67053 0.240057 310928 7.28509
2.70255 0.238794 321522 7.24677
2.73501 0.238002 334640 7.22272
2.76784 0.235373 345302 7.14293
2.80103 0.236462 358736 7.176
2.83468 0.234465 372320 7.11539
2.86869 0.235899 384386 7.1589
2.90306 0.236562 398576 7.17903
2.93788 0.238436 414032 7.23589
2.97314 0.239427 428570 7.26597
3.00878 0.241457 443420 7.32757
3.04485 0.244756 460880 7.42767
3.08141 0.246654 477608 7.48529
3.11839 0.253386 494666 7.6896
3.15587 0.258046 514172 7.831
3.19377 0.263738 531200 8.00375
3.23206 0.269247 549944 8.17092
3.27078 0.276961 569924 8.40501
3.31006 0.286815 593642 8.70407
3.34977 0.296023 610856 8.98349
3.38996 0.308702 637756 9.36828
3.43072 0.319547 659240 9.69738
3.47187 0.33451 681752 10.1515
3.51352 0.348828 708404 10.586
3.55566 0.365363 731720 11.0878
3.59831 0.383677 761324 11.6436
3.64146 0.407321 785624 12.3611
3.68509 0.428338 815932 12.9989
3.72935 0.460773 848150 13.9832
3.77412 0.488272 875876 14.8177
3.81939 0.522366 909872 15.8524
3.86521 0.557496 940708 16.9185
3.91154 0.596381 975368 18.0986
3.95847 0.646543 1012826 19.6208
4.00597 0.69819 1047892 21.1882
4.05405 0.747562 1088600 22.6865
4.10276 0.800888 1127762 24.3048
4.15198 0.886748 1166140 26.9104
4.20175 0.950284 1209440 28.8386
4.25218 1.03483 1255802 31.4044
4.30322 1.12303 1298860 34.0809
4.35482 1.21449 1347110 36.8566
4.40705 1.34785 1395124 40.9038
4.45993 1.42695 1448666 43.3042
4.51349 1.56033 1501036 47.3517
4.56763 1.68561 1552442 51.1536
4.6224 1.77542 1611310 53.8793
4.67785 1.99937 1669244 60.6754
4.73396 2.13057 1729786 64.6572
4.79079 2.22929 1796522 67.653
4.84827 2.38749 1856476 72.4537
4.90642 2.56854 1928050 77.9482
4.96533 2.66547 1998290 80.8897
5.02487 2.82683 2065786 85.7866
5.0851 2.9361 2145058 89.1028
5.14613 3.05209 2224298 92.6228
5.20788 3.19221 2303434 96.875
5.27036 3.30063 2388202 100.165
5.33364 3.41278 2478599 103.569
5.39744 1.93975 2508700 58.8662
5.46211 1.09673 2510380 33.2828
5.52769 0.904482 2512288 27.4486
5.59404 0.854698 2497276 25.9378
5.66113 0.862526 2490536 26.1754
5.72904 0.894105 2476432 27.1337
5.79779 0.956211 2464036 29.0184
5.86736 1.04152 2441572 31.6074
5.93771 1.13682 2420164 34.4993
6.00892 1.25117 2394628 37.9696
6.08102 1.39137 2368624 42.2243
6.15399 1.55439 2332204 47.1716
6.2278 1.74336 2296528 52.9063
6.30252 1.96189 2255452 59.538
6.37813 2.20883 2208364 67.0321
6.45461 2.47724 2156872 75.1777
6.53204 2.78555 2104512 84.534
6.6104 3.11487 2039548 94.528
6.68969 3.51536 1976956 106.682
6.76993 3.89091 1900768 118.079
6.85111 4.32958 1825120 131.391
6.93325 4.73632 1737192 143.735
7.01639 5.18389 1649440 157.317
7.10058 5.51713 1549012 167.43
7.18569 5.78595 1441740 175.588
7.27174 5.90701 1326940 179.262
7.35886 5.91891 1207764 179.623
7.44702 5.50485 1075156 167.057
7.53611 4.61966 935664 140.194
7.62659 3.6458 801523 110.64
7.71818 3.94612 692322 119.754
7.81076 4.61322 599362 139.999
7.90447 5.55657 516300 168.627
7.99927 6.73618 441076 204.425
8.09511 8.14967 372798 247.32
8.19203 9.93085 311442 301.375
8.2901 11.9692 255850 363.234
8.3894 14.4827 206196 439.512
8.49004 17.3255 161820 525.782
8.59152 20.748 121362 629.646
8.69409 24.4239 88608 741.199
8.79786 28.8834 59292 876.533
8.90093 33.241 35826 1008.77
9.00404 38.9145 19252 1180.95
9.10719 44.8194 7314 1360.15
9.20136 49.6267 1158 1506.04
9.28665 117.697 1 3571.78
