# in Mpc/h Units 
# D1 = 1 
# k P N P(z=0)
0.0523599 9.7821e-15 12 9.7821e-15
0.074048 1.36244e-14 24 1.36244e-14
0.09069 1.66376e-15 16 1.66376e-15
0.10472 3.9268e-14 12 3.9268e-14
0.11708 1.34406e-13 48 1.34406e-13
0.128255 1.26951e-13 48 1.26951e-13
0.148096 9.99187e-14 24 9.99187e-14
0.15708 2.24961e-13 60 2.24961e-13
0.165576 6.56708e-13 48 6.56708e-13
0.173658 6.40954e-13 48 6.40954e-13
0.18138 4.88399e-14 16 4.88399e-14
0.188786 3.42353e-13 48 3.42353e-13
0.195913 3.29237e-13 96 3.29237e-13
0.20944 1.32595e-12 12 1.32595e-12
0.215885 1.48749e-12 96 1.48749e-12
0.222144 2.31353e-12 72 2.31353e-12
0.228231 1.09608e-12 48 1.09608e-12
0.23416 2.54784e-12 48 2.54784e-12
0.239943 2.51775e-12 96 2.51775e-12
0.24559 4.01473e-13 48 4.01473e-13
0.25651 1.99831e-12 48 1.99831e-12
0.261799 1.6587e-12 60 1.6587e-12
0.266984 2.13876e-12 144 2.13876e-12
0.27207 4.94376e-12 64 4.94376e-12
0.281967 2.75746e-12 144 2.75746e-12
0.286787 5.72442e-12 96 5.72442e-12
0.296192 9.27719e-13 24 9.27719e-13
0.300785 3.39778e-12 96 3.39778e-12
0.305308 2.17334e-12 96 2.17334e-12
0.309765 4.15037e-12 96 4.15037e-12
0.314159 5.05243e-12 60 5.05243e-12
0.318493 1.29843e-11 48 1.29843e-11
0.322768 6.67401e-12 144 6.67401e-12
0.331153 4.54862e-12 48 4.54862e-12
0.335267 7.69133e-12 192 7.69133e-12
0.339331 3.82142e-12 96 3.82142e-12
0.343347 3.15319e-12 48 3.15319e-12
0.347316 1.01622e-11 48 1.01622e-11
0.351241 4.55273e-12 144 4.55273e-12
0.355122 1.19803e-11 96 1.19803e-11
0.36276 4.82679e-13 16 4.82679e-13
0.366519 1.02138e-11 108 1.02138e-11
0.37024 1.10619e-11 168 1.10619e-11
0.373924 1.31379e-11 96 1.31379e-11
0.377572 7.90422e-12 48 7.90422e-12
0.381186 1.85237e-11 144 1.85237e-11
0.384765 1.29709e-11 192 1.29709e-11
0.391825 7.64651e-12 96 7.64651e-12
0.395308 1.64961e-11 96 1.64961e-11
0.398761 1.78737e-11 48 1.78737e-11
0.402184 1.87685e-11 144 1.87685e-11
0.408944 7.87879e-12 144 7.87879e-12
0.412282 1.51796e-11 192 1.51796e-11
0.418879 6.15636e-11 12 6.15636e-11
0.422139 1.73385e-11 192 1.73385e-11
0.425374 1.94182e-11 192 1.94182e-11
0.428584 2.0547e-11 48 2.0547e-11
0.431771 1.79914e-11 96 1.79914e-11
0.434934 4.3848e-11 192 4.3848e-11
0.438074 5.98252e-12 96 5.98252e-12
0.444288 2.58439e-11 72 2.58439e-11
0.447363 1.81055e-11 96 1.81055e-11
0.450417 2.22085e-11 240 2.22085e-11
0.45345 1.34867e-11 112 1.34867e-11
0.456463 1.58868e-11 48 1.58868e-11
0.459456 2.64551e-11 192 2.64551e-11
0.46243 1.51281e-11 96 1.51281e-11
0.468321 4.44142e-11 48 4.44142e-11
0.471239 1.97744e-11 204 1.97744e-11
0.475868 3.03487e-11 240 3.03487e-11
0.479886 4.948e-11 96 4.948e-11
0.482734 3.38192e-11 96 3.38192e-11
0.485566 3.10057e-11 240 3.10057e-11
0.491179 6.95414e-12 48 6.95414e-12
0.493962 3.86585e-11 288 3.86585e-11
0.497516 4.41053e-11 336 4.41053e-11
0.50494 4.0652e-11 96 4.0652e-11
0.507648 3.56748e-11 192 3.56748e-11
0.51302 2.79867e-11 48 2.79867e-11
0.515685 5.87088e-11 96 5.87088e-11
0.518336 4.91128e-11 216 4.91128e-11
0.520974 2.35167e-11 144 2.35167e-11
0.525815 5.60753e-11 396 5.60753e-11
0.528809 7.63577e-11 96 7.63577e-11
0.533968 4.27917e-11 144 4.27917e-11
0.536529 6.19088e-11 192 6.19088e-11
0.539078 5.61529e-11 144 5.61529e-11
0.542392 6.24978e-11 208 6.24978e-11
0.546653 5.01213e-11 144 5.01213e-11
0.549155 4.7255e-11 288 4.7255e-11
0.557822 4.75885e-11 384 4.75885e-11
0.561497 4.16946e-11 96 4.16946e-11
0.565449 5.66479e-11 384 5.66479e-11
0.568774 8.78518e-11 144 8.78518e-11
0.573574 7.78009e-11 96 7.78009e-11
0.575959 3.41742e-11 156 3.41742e-11
0.57901 6.65768e-11 336 6.65768e-11
0.585401 8.38751e-11 288 8.38751e-11
0.587738 9.64723e-11 288 9.64723e-11
0.592384 2.87347e-11 24 2.87347e-11
0.595269 6.6918e-11 384 6.6918e-11
0.599938 6.85967e-11 336 6.85967e-11
0.603844 3.37988e-11 96 3.37988e-11
0.606109 8.16235e-11 336 8.16235e-11
0.61211 7.7e-11 288 7.7e-11
0.616043 8.87714e-11 336 8.87714e-11
0.621003 1.02886e-10 288 1.02886e-10
0.62394 4.05905e-11 96 4.05905e-11
0.628319 4.35948e-11 60 4.35948e-11
0.631943 1.16542e-10 576 1.16542e-10
0.635476 1.128e-10 160 1.128e-10
0.640026 1.04738e-10 576 1.04738e-10
0.645536 1.52594e-10 144 1.52594e-10
0.648501 1.24593e-10 480 1.24593e-10
0.651875 7.3626e-11 192 7.3626e-11
0.657259 1.41259e-10 336 1.41259e-10
0.664143 1.42329e-10 432 1.42329e-10
0.666806 8.835e-11 264 8.835e-11
0.671554 9.7389e-11 384 9.7389e-11
0.67461 6.13724e-11 240 6.13724e-11
0.67991 1.82116e-10 252 1.82116e-10
0.683858 1.32221e-10 576 1.32221e-10
0.689604 1.50029e-10 624 1.50029e-10
0.694632 1.30264e-10 48 1.30264e-10
0.699101 1.68812e-10 528 1.68812e-10
0.703699 9.01461e-11 384 9.01461e-11
0.707341 1.55235e-10 384 1.55235e-10
0.712995 1.49248e-10 672 1.49248e-10
0.716011 1.79839e-10 96 1.79839e-10
0.72021 1.60545e-10 480 1.60545e-10
0.728882 1.65189e-10 592 1.65189e-10
0.73184 1.71794e-10 300 1.71794e-10
0.735837 1.8523e-10 480 1.8523e-10
0.741648 1.75183e-10 456 1.75183e-10
0.745808 1.65942e-10 432 1.65942e-10
0.750984 1.8888e-10 672 1.8888e-10
0.757319 1.764e-10 720 1.764e-10
0.761471 1.27456e-10 288 1.27456e-10
0.764935 2.07147e-10 336 2.07147e-10
0.771444 1.77219e-10 624 1.77219e-10
0.777209 2.5301e-10 576 2.5301e-10
0.781021 2.42117e-10 384 2.42117e-10
0.786997 2.43061e-10 732 2.43061e-10
0.793162 2.69444e-10 816 2.69444e-10
0.798994 3.16688e-10 336 3.16688e-10
0.801928 2.76713e-10 672 2.76713e-10
0.80675 2.8879e-10 480 2.8879e-10
0.81435 2.89438e-10 760 2.89438e-10
0.819874 2.22813e-10 768 2.22813e-10
0.825561 2.0753e-10 480 2.0753e-10
0.829315 2.86172e-10 720 2.86172e-10
0.834578 3.61162e-10 396 3.61162e-10
0.840616 3.06023e-10 768 3.06023e-10
0.845798 3.35881e-10 768 3.35881e-10
0.852892 3.30471e-10 864 3.30471e-10
0.858982 2.58129e-10 1056 2.58129e-10
0.865654 3.61257e-10 576 3.61257e-10
0.869604 4.49998e-10 576 4.49998e-10
0.875816 3.49326e-10 912 3.49326e-10
0.882071 3.40713e-10 720 3.40713e-10
0.886104 3.972e-10 360 3.972e-10
0.89194 4.62335e-10 972 4.62335e-10
0.897856 4.59849e-10 1008 4.59849e-10
0.904202 4.73753e-10 1024 4.73753e-10
0.909643 4.36522e-10 528 4.36522e-10
0.916102 4.03713e-10 1200 4.03713e-10
0.921642 5.78185e-10 576 5.78185e-10
0.928714 4.45485e-10 1344 4.45485e-10
0.936467 4.50057e-10 816 4.50057e-10
0.942098 4.34281e-10 924 4.34281e-10
0.947697 5.60658e-10 1200 5.60658e-10
0.95445 5.50581e-10 1008 5.50581e-10
0.96178 5.53208e-10 648 5.53208e-10
0.966657 5.45118e-10 1488 5.45118e-10
0.973282 4.88834e-10 912 4.88834e-10
0.979174 6.04633e-10 864 6.04633e-10
0.98607 5.8231e-10 1440 5.8231e-10
0.994526 5.43681e-10 1068 5.43681e-10
1.00005 7.18523e-10 1072 7.18523e-10
1.00695 6.16426e-10 1248 6.16426e-10
1.01254 7.47391e-10 1200 7.47391e-10
1.01915 6.93838e-10 1392 6.93838e-10
1.02716 6.55166e-10 912 6.55166e-10
1.03311 6.89194e-10 1464 6.89194e-10
1.04021 5.96297e-10 1200 5.96297e-10
1.04746 7.08947e-10 1404 7.08947e-10
1.05386 7.91154e-10 1344 7.91154e-10
1.06134 8.31891e-10 1536 8.31891e-10
1.06878 7.9405e-10 1536 7.9405e-10
1.07508 7.97597e-10 816 7.97597e-10
1.08188 8.42113e-10 2160 8.42113e-10
1.09086 9.34897e-10 1264 9.34897e-10
1.09724 7.50043e-10 1500 7.50043e-10
1.10427 1.01553e-09 1392 1.01553e-09
1.11146 1.09346e-09 1752 1.09346e-09
1.11946 8.78699e-10 1728 8.78699e-10
1.12585 9.84827e-10 1536 9.84827e-10
1.13353 9.63141e-10 1776 9.63141e-10
1.14144 1.15804e-09 1632 1.15804e-09
1.14947 1.13198e-09 1308 1.13198e-09
1.15655 1.1674e-09 2592 1.1674e-09
1.16466 1.24762e-09 1632 1.24762e-09
1.17201 1.41573e-09 1632 1.41573e-09
1.17979 1.20402e-09 2176 1.20402e-09
1.18868 1.08511e-09 2040 1.08511e-09
1.19695 1.27036e-09 2064 1.27036e-09
1.2048 1.10942e-09 1884 1.10942e-09
1.21235 1.44444e-09 2064 1.44444e-09
1.22125 1.30989e-09 2256 1.30989e-09
1.22758 1.29102e-09 1776 1.29102e-09
1.23587 1.53057e-09 2352 1.53057e-09
1.24422 1.32555e-09 1920 1.32555e-09
1.25132 1.39794e-09 2220 1.39794e-09
1.26083 1.77214e-09 2232 1.77214e-09
1.26841 1.64375e-09 2704 1.64375e-09
1.27694 1.56938e-09 2400 1.56938e-09
1.28569 1.63815e-09 2448 1.63815e-09
1.29494 1.80629e-09 2640 1.80629e-09
1.30323 1.5876e-09 2256 1.5876e-09
1.31205 2.00004e-09 3036 2.00004e-09
1.31993 1.98477e-09 2160 1.98477e-09
1.32925 1.8619e-09 3048 1.8619e-09
1.33806 1.95378e-09 2832 1.95378e-09
1.34776 2.03512e-09 3408 2.03512e-09
1.3575 1.95442e-09 2176 1.95442e-09
1.36503 2.06629e-09 2892 2.06629e-09
1.37457 2.44028e-09 3600 2.44028e-09
1.38423 2.28306e-09 3024 2.28306e-09
1.39292 2.23979e-09 2784 2.23979e-09
1.40119 2.10884e-09 2784 2.10884e-09
1.41152 2.56408e-09 3924 2.56408e-09
1.42148 2.42651e-09 3552 2.42651e-09
1.4311 2.73066e-09 3360 2.73066e-09
1.44075 2.60321e-09 3552 2.60321e-09
1.4503 2.66213e-09 3088 2.66213e-09
1.45906 2.61608e-09 3792 2.61608e-09
1.46881 2.99905e-09 3324 2.99905e-09
1.47857 3.28235e-09 3816 3.28235e-09
1.48825 2.89547e-09 4368 2.89547e-09
1.49906 2.80451e-09 3696 2.80451e-09
1.50823 3.05249e-09 3696 3.05249e-09
1.51928 3.09539e-09 4476 3.09539e-09
1.52892 3.49524e-09 4176 3.49524e-09
1.53945 3.44807e-09 4384 3.44807e-09
1.54826 3.57453e-09 3072 3.57453e-09
1.55799 3.57584e-09 4824 3.57584e-09
1.56909 3.47679e-09 4524 3.47679e-09
1.57956 3.95831e-09 4896 3.95831e-09
1.58993 3.87397e-09 4080 3.87397e-09
1.60098 3.97412e-09 5952 3.97412e-09
1.61239 3.55169e-09 4368 3.55169e-09
1.62326 4.46505e-09 5100 4.46505e-09
1.63365 4.28993e-09 4792 4.28993e-09
1.64411 4.7703e-09 5520 4.7703e-09
1.65507 4.10495e-09 4848 4.10495e-09
1.66671 4.5105e-09 5664 4.5105e-09
1.67729 4.85046e-09 5148 4.85046e-09
1.68865 4.93313e-09 6048 4.93313e-09
1.69926 4.70064e-09 4968 4.70064e-09
1.71073 5.12111e-09 6336 5.12111e-09
1.72232 5.28068e-09 5788 5.28068e-09
1.73367 5.44339e-09 5712 5.44339e-09
1.74507 5.90163e-09 6768 5.90163e-09
1.75738 5.50249e-09 6480 5.50249e-09
1.76843 5.53331e-09 5712 5.53331e-09
1.78079 5.89379e-09 6948 5.89379e-09
1.79234 6.42893e-09 6864 6.42893e-09
1.80467 6.22345e-09 7104 6.22345e-09
1.81741 6.4973e-09 7120 6.4973e-09
1.82908 6.55584e-09 6540 6.55584e-09
1.84056 7.28997e-09 7104 7.28997e-09
1.85297 7.00712e-09 7560 7.00712e-09
1.86529 7.09889e-09 7920 7.09889e-09
1.87828 6.87782e-09 7392 6.87782e-09
1.89033 7.69436e-09 7452 7.69436e-09
1.90289 7.8474e-09 8752 7.8474e-09
1.91524 7.47442e-09 7296 7.47442e-09
1.92801 7.66756e-09 8664 7.66756e-09
1.94114 8.2857e-09 8508 8.2857e-09
1.95358 8.61647e-09 8592 8.61647e-09
1.96683 8.58762e-09 8640 8.58762e-09
1.97893 8.55778e-09 8736 8.55778e-09
1.99314 9.20568e-09 9652 9.20568e-09
2.00669 9.43974e-09 10032 9.43974e-09
2.02001 1.00284e-08 9216 1.00284e-08
2.03371 9.35481e-09 9648 9.35481e-09
2.0469 1.0937e-08 9900 1.0937e-08
2.06043 1.06558e-08 10464 1.06558e-08
2.07427 1.06916e-08 9960 1.06916e-08
2.0873 1.11208e-08 9676 1.11208e-08
2.10142 1.14917e-08 12048 1.14917e-08
2.1162 1.13891e-08 11040 1.13891e-08
2.12987 1.18595e-08 10800 1.18595e-08
2.14398 1.18722e-08 11076 1.18722e-08
2.15842 1.31185e-08 12912 1.31185e-08
2.17295 1.25168e-08 11008 1.25168e-08
2.18708 1.24028e-08 12336 1.24028e-08
2.2017 1.39409e-08 11820 1.39409e-08
2.21574 1.35219e-08 12744 1.35219e-08
2.23088 1.41368e-08 13536 1.41368e-08
2.246 1.40023e-08 12588 1.40023e-08
2.26057 1.55081e-08 13312 1.55081e-08
2.27558 1.48356e-08 14448 1.48356e-08
2.29128 1.53753e-08 13416 1.53753e-08
2.30663 1.66003e-08 15132 1.66003e-08
2.32238 1.75045e-08 14832 1.75045e-08
2.33773 1.6218e-08 13968 1.6218e-08
2.35249 1.66821e-08 14620 1.66821e-08
2.36851 1.77578e-08 16296 1.77578e-08
2.38413 1.74171e-08 15264 1.74171e-08
2.40004 1.7208e-08 16176 1.7208e-08
2.41649 1.97151e-08 16956 1.97151e-08
2.43227 1.90447e-08 16224 1.90447e-08
2.44806 1.90392e-08 16216 1.90392e-08
2.46464 2.05446e-08 19020 2.05446e-08
2.48167 2.06695e-08 16944 2.06695e-08
2.4972 2.04896e-08 17664 2.04896e-08
2.51377 2.16894e-08 17796 2.16894e-08
2.5304 2.18227e-08 20016 2.18227e-08
2.54769 2.20332e-08 18784 2.20332e-08
2.56498 2.33127e-08 20412 2.33127e-08
2.58178 2.44065e-08 19056 2.44065e-08
2.59871 2.37416e-08 20472 2.37416e-08
2.61602 2.41684e-08 20796 2.41684e-08
2.63365 2.57422e-08 21568 2.57422e-08
2.6509 2.53299e-08 21168 2.53299e-08
2.66899 2.59781e-08 22692 2.59781e-08
2.68677 2.73811e-08 22800 2.73811e-08
2.70438 2.77096e-08 22032 2.77096e-08
2.72238 2.88103e-08 23740 2.88103e-08
2.74093 2.90043e-08 25032 2.90043e-08
2.75923 2.98719e-08 23760 2.98719e-08
2.77729 3.11016e-08 23772 3.11016e-08
2.79526 3.09468e-08 26208 3.09468e-08
2.81432 3.1935e-08 25528 3.1935e-08
2.833 3.35497e-08 26892 3.35497e-08
2.85202 3.37077e-08 26928 3.37077e-08
2.87073 3.34654e-08 26796 3.34654e-08
2.89013 3.60042e-08 29256 3.60042e-08
2.90936 3.49886e-08 28048 3.49886e-08
2.92925 3.70412e-08 30108 3.70412e-08
2.94838 3.83288e-08 28992 3.83288e-08
2.96782 3.83264e-08 30024 3.83264e-08
2.98749 3.89709e-08 30844 3.89709e-08
3.00704 4.00258e-08 31248 4.00258e-08
3.02719 3.9381e-08 32292 3.9381e-08
3.04759 4.10921e-08 34128 4.10921e-08
3.06788 4.25097e-08 32304 4.25097e-08
3.08831 4.40748e-08 35020 4.40748e-08
3.10884 4.47015e-08 34344 4.47015e-08
3.12935 4.48817e-08 35760 4.48817e-08
3.15034 4.80555e-08 36060 4.80555e-08
3.17113 4.81504e-08 37360 4.81504e-08
3.19265 4.8858e-08 38340 4.8858e-08
3.21364 4.93205e-08 37440 4.93205e-08
3.23467 5.09307e-08 39072 5.09307e-08
3.25676 5.25986e-08 41908 5.25986e-08
3.27858 5.28202e-08 40656 5.28202e-08
3.3005 5.32429e-08 41436 5.32429e-08
3.32227 5.50943e-08 42696 5.50943e-08
3.34438 5.63596e-08 43068 5.63596e-08
3.36657 5.86906e-08 44512 5.86906e-08
3.38869 5.75714e-08 44208 5.75714e-08
3.41124 6.03757e-08 46356 6.03757e-08
3.43406 6.09206e-08 47760 6.09206e-08
3.45721 6.21548e-08 48460 6.21548e-08
3.48034 6.49471e-08 48936 6.49471e-08
3.50366 6.44319e-08 50460 6.44319e-08
3.5269 6.89703e-08 50656 6.89703e-08
3.5504 6.67132e-08 51636 6.67132e-08
3.57388 6.86497e-08 53232 6.86497e-08
3.59743 6.92707e-08 52752 6.92707e-08
3.62141 7.28352e-08 56068 7.28352e-08
3.64536 7.1662e-08 55632 7.1662e-08
3.66958 7.55361e-08 56796 7.55361e-08
3.69387 7.46204e-08 59304 7.46204e-08
3.71882 7.73924e-08 60268 7.73924e-08
3.74375 7.91646e-08 61584 7.91646e-08
3.76897 8.07447e-08 62436 8.07447e-08
3.79359 8.25887e-08 61824 8.25887e-08
3.81905 8.42792e-08 66316 8.42792e-08
3.84456 8.5617e-08 65544 8.5617e-08
3.86994 8.60273e-08 66300 8.60273e-08
3.89542 9.03261e-08 68512 9.03261e-08
3.92167 9.05228e-08 71124 9.05228e-08
3.9475 9.21011e-08 69984 9.21011e-08
3.97388 9.30163e-08 74316 9.30163e-08
4.00046 9.49568e-08 73912 9.49568e-08
4.0271 9.52848e-08 75900 9.52848e-08
4.05369 9.84498e-08 76992 9.84498e-08
4.08104 1.0063e-07 80548 1.0063e-07
4.10806 1.01902e-07 78528 1.01902e-07
4.13528 1.04103e-07 82932 1.04103e-07
4.16281 1.0592e-07 83920 1.0592e-07
4.19067 1.0674e-07 85404 1.0674e-07
4.2184 1.09668e-07 86712 1.09668e-07
4.24659 1.10776e-07 89772 1.10776e-07
4.27484 1.12357e-07 90496 1.12357e-07
4.30338 1.16503e-07 92724 1.16503e-07
4.33198 1.1466e-07 93948 1.1466e-07
4.36071 1.19102e-07 96472 1.19102e-07
4.3897 1.21507e-07 97548 1.21507e-07
4.4189 1.23416e-07 101232 1.23416e-07
4.44852 1.25581e-07 102100 1.25581e-07
4.4781 1.2695e-07 104544 1.2695e-07
4.50814 1.28687e-07 107316 1.28687e-07
4.53768 1.31046e-07 105280 1.31046e-07
4.56805 1.34262e-07 114732 1.34262e-07
4.59871 1.361e-07 110340 1.361e-07
4.62914 1.39903e-07 117088 1.39903e-07
4.66021 1.41899e-07 117012 1.41899e-07
4.69082 1.42143e-07 117936 1.42143e-07
4.72214 1.45041e-07 124732 1.45041e-07
4.75359 1.49934e-07 122532 1.49934e-07
4.785 1.49922e-07 127920 1.49922e-07
4.81697 1.53075e-07 129460 1.53075e-07
4.84894 1.52769e-07 132720 1.52769e-07
4.88139 1.56061e-07 135556 1.56061e-07
4.91407 1.58097e-07 139116 1.58097e-07
4.94671 1.6138e-07 139320 1.6138e-07
4.97947 1.63876e-07 142780 1.63876e-07
5.01272 1.65486e-07 147948 1.65486e-07
5.04614 1.68022e-07 148392 1.68022e-07
5.07982 1.71957e-07 153244 1.71957e-07
5.11321 1.73695e-07 151032 1.73695e-07
5.14731 1.77328e-07 163020 1.77328e-07
5.18198 1.7894e-07 160276 1.7894e-07
5.21624 1.80865e-07 164736 1.80865e-07
5.25098 1.84269e-07 168196 1.84269e-07
5.28607 1.86378e-07 172572 1.86378e-07
5.32112 1.87905e-07 173400 1.87905e-07
5.35657 1.92475e-07 180028 1.92475e-07
5.39237 1.95545e-07 181860 1.95545e-07
5.42797 1.94138e-07 183388 1.94138e-07
5.46416 2.00932e-07 192456 2.00932e-07
5.5009 2.01619e-07 194028 2.01619e-07
5.53734 2.04642e-07 194740 2.04642e-07
5.57394 2.08342e-07 201312 2.08342e-07
5.61112 2.1093e-07 205060 2.1093e-07
5.64841 2.13072e-07 208908 2.13072e-07
5.68598 2.16879e-07 214392 2.16879e-07
5.72422 2.21245e-07 220828 2.21245e-07
5.76233 2.23069e-07 219156 2.23069e-07
5.80067 2.25483e-07 229948 2.25483e-07
5.83932 2.28199e-07 228792 2.28199e-07
5.87805 2.31756e-07 236380 2.31756e-07
5.91726 2.32416e-07 240996 2.32416e-07
5.95666 2.36786e-07 245436 2.36786e-07
5.99617 2.39794e-07 249208 2.39794e-07
6.03605 2.44034e-07 255900 2.44034e-07
6.07637 2.45468e-07 261652 2.45468e-07
6.11683 2.48317e-07 265020 2.48317e-07
6.15724 2.50572e-07 268360 2.50572e-07
6.19831 2.56572e-07 280428 2.56572e-07
6.23974 2.60917e-07 280036 2.60917e-07
6.28136 2.62749e-07 291300 2.62749e-07
6.32317 2.6494e-07 290700 2.6494e-07
6.3651 2.68253e-07 300376 2.68253e-07
6.40747 2.73094e-07 304428 2.73094e-07
6.45023 2.76745e-07 314452 2.76745e-07
6.49325 2.79278e-07 316236 2.79278e-07
6.53637 2.84869e-07 324676 2.84869e-07
6.57987 2.87887e-07 330756 2.87887e-07
6.62371 2.91192e-07 338512 2.91192e-07
6.66769 2.97632e-07 341364 2.97632e-07
6.71213 2.99584e-07 355132 2.99584e-07
6.75715 3.03633e-07 359220 3.03633e-07
6.80213 3.06671e-07 365380 3.06671e-07
6.8473 3.1031e-07 371388 3.1031e-07
6.8928 3.14891e-07 380692 3.14891e-07
6.93857 3.1959e-07 385704 3.1959e-07
6.98472 3.25448e-07 397612 3.25448e-07
7.03127 3.31295e-07 402756 3.31295e-07
7.07818 3.35002e-07 414892 3.35002e-07
7.12517 3.38003e-07 414516 3.38003e-07
7.17243 3.45054e-07 431524 3.45054e-07
7.22044 3.48e-07 439404 3.48e-07
7.26849 3.52714e-07 443044 3.52714e-07
7.31672 3.59643e-07 455508 3.59643e-07
7.3654 3.63453e-07 463420 3.63453e-07
7.41433 3.68728e-07 471988 3.68728e-07
7.4637 3.75577e-07 484692 3.75577e-07
7.51349 3.82602e-07 493408 3.82602e-07
7.56347 3.88247e-07 500820 3.88247e-07
7.61393 3.91475e-07 516820 3.91475e-07
7.66479 3.98875e-07 522828 3.98875e-07
7.71574 4.03579e-07 531748 4.03579e-07
7.76711 4.12408e-07 546900 4.12408e-07
7.81889 4.18773e-07 553948 4.18773e-07
7.87101 4.25828e-07 568804 4.25828e-07
7.92338 4.33962e-07 575508 4.33962e-07
7.97606 4.39112e-07 590020 4.39112e-07
8.0293 4.4738e-07 604284 4.4738e-07
8.08275 4.55482e-07 609892 4.55482e-07
8.13628 4.61187e-07 623284 4.61187e-07
8.19037 4.70115e-07 638652 4.70115e-07
8.24475 4.77416e-07 647236 4.77416e-07
8.29961 4.86264e-07 667488 4.86264e-07
8.35495 4.94187e-07 675940 4.94187e-07
8.41075 5.0417e-07 697516 5.0417e-07
8.46683 5.13699e-07 700692 5.13699e-07
8.52295 5.23312e-07 717556 5.23312e-07
8.57991 5.30103e-07 741156 5.30103e-07
8.63732 5.39747e-07 748516 5.39747e-07
8.69471 5.51964e-07 761116 5.51964e-07
8.75245 5.60895e-07 776868 5.60895e-07
8.81071 5.73743e-07 797044 5.73743e-07
8.8694 5.82954e-07 808084 5.82954e-07
8.92825 5.93964e-07 824328 5.93964e-07
8.98764 6.04989e-07 844516 6.04989e-07
9.04755 6.1911e-07 861508 6.1911e-07
9.10782 6.2734e-07 877812 6.2734e-07
9.16841 6.39607e-07 893476 6.39607e-07
9.22955 6.54977e-07 918196 6.54977e-07
9.29099 6.69685e-07 926760 6.69685e-07
9.35274 6.79406e-07 952276 6.79406e-07
9.41504 6.99538e-07 968644 6.99538e-07
9.47775 7.10816e-07 991476 7.10816e-07
9.54092 7.24494e-07 1008532 7.24494e-07
9.60451 7.4011e-07 1031392 7.4011e-07
9.66826 7.54794e-07 1041948 7.54794e-07
9.73246 7.69059e-07 1073764 7.69059e-07
9.79738 7.86235e-07 1093636 7.86235e-07
9.86258 8.04472e-07 1112356 8.04472e-07
9.92813 8.26182e-07 1135344 8.26182e-07
9.99431 8.39635e-07 1164628 8.39635e-07
10.0611 8.54878e-07 1186276 8.54878e-07
10.128 8.78179e-07 1201840 8.78179e-07
10.1952 8.97656e-07 1228548 8.97656e-07
10.2631 9.15476e-07 1260100 9.15476e-07
10.3315 9.38843e-07 1277356 9.38843e-07
10.4002 9.60024e-07 1307968 9.60024e-07
10.4696 9.79519e-07 1339236 9.79519e-07
10.5393 1.00202e-06 1353844 1.00202e-06
10.6093 1.02887e-06 1385104 1.02887e-06
10.6799 1.05211e-06 1418356 1.05211e-06
10.7511 1.07229e-06 1442832 1.07229e-06
10.8226 1.09938e-06 1471396 1.09938e-06
10.8947 1.12553e-06 1505092 1.12553e-06
10.9672 1.14828e-06 1527520 1.14828e-06
11.0401 1.17889e-06 1564996 1.17889e-06
11.1137 1.20581e-06 1594356 1.20581e-06
11.1877 1.236e-06 1629952 1.236e-06
11.2623 1.26593e-06 1662532 1.26593e-06
11.3374 1.29726e-06 1691392 1.29726e-06
11.4126 1.32209e-06 1720468 1.32209e-06
11.4886 1.35455e-06 1767856 1.35455e-06
11.5652 1.39154e-06 1796676 1.39154e-06
11.6423 1.42476e-06 1835152 1.42476e-06
11.7197 1.46052e-06 1866388 1.46052e-06
11.7976 1.49839e-06 1905472 1.49839e-06
11.8762 1.53547e-06 1949044 1.53547e-06
11.9552 1.57192e-06 1980064 1.57192e-06
12.0348 1.61306e-06 2026876 1.61306e-06
12.1149 1.65141e-06 2062336 1.65141e-06
12.1955 1.69529e-06 2111220 1.69529e-06
12.2768 1.73996e-06 2148880 1.73996e-06
12.3584 1.78551e-06 2190292 1.78551e-06
12.4407 1.82796e-06 2239168 1.82796e-06
12.5236 1.87814e-06 2283844 1.87814e-06
12.6069 1.92671e-06 2320432 1.92671e-06
12.6907 1.97595e-06 2371984 1.97595e-06
12.7753 2.03159e-06 2430844 2.03159e-06
12.8604 2.0845e-06 2470144 2.0845e-06
12.946 2.1359e-06 2518048 2.1359e-06
13.0322 2.1969e-06 2572420 2.1969e-06
13.1189 2.25265e-06 2621920 2.25265e-06
13.2063 2.31689e-06 2676112 2.31689e-06
13.2942 2.37868e-06 2729932 2.37868e-06
13.3827 2.44066e-06 2783536 2.44066e-06
13.4718 2.51216e-06 2840896 2.51216e-06
13.5615 2.58157e-06 2897716 2.58157e-06
13.6518 2.65508e-06 2955904 2.65508e-06
13.7426 2.72935e-06 3012616 2.72935e-06
13.8341 2.8078e-06 3076288 2.8078e-06
13.9261 2.8817e-06 3135124 2.8817e-06
14.0187 2.96586e-06 3193408 2.96586e-06
14.112 3.05225e-06 3271144 3.05225e-06
14.2061 3.14437e-06 3333040 3.14437e-06
14.3007 3.2328e-06 3398608 3.2328e-06
14.396 3.33406e-06 3468556 3.33406e-06
14.4918 3.42447e-06 3528784 3.42447e-06
14.5882 3.52599e-06 3609808 3.52599e-06
14.6854 3.63334e-06 3682048 3.63334e-06
14.7831 3.75141e-06 3747640 3.75141e-06
14.8815 3.86815e-06 3827200 3.86815e-06
14.9805 3.9777e-06 3905728 3.9777e-06
15.0803 4.09679e-06 3989932 4.09679e-06
15.1808 4.22988e-06 4064320 4.22988e-06
15.2818 4.36986e-06 4140248 4.36986e-06
15.3835 4.50571e-06 4234912 4.50571e-06
15.486 4.64944e-06 4313200 4.64944e-06
15.5891 4.78996e-06 4400632 4.78996e-06
15.6929 4.95132e-06 4494544 4.95132e-06
15.7974 5.10648e-06 4574920 5.10648e-06
15.9025 5.28714e-06 4670848 5.28714e-06
16.0083 5.46931e-06 4766432 5.46931e-06
16.1149 5.64699e-06 4861096 5.64699e-06
16.2221 5.83805e-06 4948576 5.83805e-06
16.3301 6.04089e-06 5067448 6.04089e-06
16.4388 6.25942e-06 5157088 6.25942e-06
16.5483 6.47174e-06 5268308 6.47174e-06
16.6585 6.71354e-06 5370400 6.71354e-06
16.7694 6.94827e-06 5480536 6.94827e-06
16.881 7.19623e-06 5583136 7.19623e-06
16.9934 7.47426e-06 5709880 7.47426e-06
17.1066 7.73562e-06 5808416 7.73562e-06
17.2204 8.03274e-06 5931928 8.03274e-06
17.335 8.32922e-06 6045100 8.32922e-06
17.4504 8.65221e-06 6178136 8.65221e-06
17.5666 9.00021e-06 6297208 9.00021e-06
17.6835 9.34179e-06 6421360 9.34179e-06
17.8012 9.72694e-06 6550420 9.72694e-06
17.9197 1.01009e-05 6692624 1.01009e-05
18.0391 1.05106e-05 6817864 1.05106e-05
18.1591 1.09544e-05 6950392 1.09544e-05
18.28 1.14179e-05 7100684 1.14179e-05
18.4017 1.18849e-05 7237576 1.18849e-05
18.5242 1.2369e-05 7381744 1.2369e-05
18.6475 1.29184e-05 7531076 1.29184e-05
18.7716 1.34769e-05 7677928 1.34769e-05
18.8965 1.40649e-05 7840724 1.40649e-05
19.0224 1.47493e-05 8001664 1.47493e-05
19.149 1.53911e-05 8154856 1.53911e-05
19.2765 1.61043e-05 8321252 1.61043e-05
19.4048 1.688e-05 8486416 1.688e-05
19.5341 1.76866e-05 8671076 1.76866e-05
19.6642 1.85028e-05 8827000 1.85028e-05
19.795 1.94402e-05 9010900 1.94402e-05
19.9268 2.04216e-05 9192080 2.04216e-05
20.0594 2.14615e-05 9368836 2.14615e-05
20.1929 2.25742e-05 9569672 2.25742e-05
20.3274 2.37792e-05 9754708 2.37792e-05
20.4627 2.49926e-05 9951572 2.49926e-05
20.5989 2.64232e-05 10157512 2.64232e-05
20.736 2.79441e-05 10355324 2.79441e-05
20.874 2.94459e-05 10561864 2.94459e-05
21.013 3.11775e-05 10782548 3.11775e-05
21.153 3.29881e-05 11001812 3.29881e-05
21.2938 3.49457e-05 11209060 3.49457e-05
21.4354 3.71453e-05 11431400 3.71453e-05
21.5782 3.94053e-05 11684116 3.94053e-05
21.7219 4.18438e-05 11910452 4.18438e-05
21.8664 4.45e-05 12127540 4.45e-05
22.012 4.74451e-05 12404312 4.74451e-05
22.1586 5.06324e-05 12641060 5.06324e-05
22.3061 5.40498e-05 12885748 5.40498e-05
22.4546 5.77176e-05 13157972 5.77176e-05
22.6041 6.17422e-05 13415636 6.17422e-05
22.7545 6.6054e-05 13676164 6.6054e-05
22.906 7.08189e-05 13974632 7.08189e-05
23.0585 7.61051e-05 14234036 7.61051e-05
23.2119 8.15888e-05 14518612 8.15888e-05
23.3665 8.75933e-05 14831300 8.75933e-05
23.5221 9.39631e-05 15117620 9.39631e-05
23.6787 0.000101008 15432676 0.000101008
23.8363 0.00010879 15720116 0.00010879
23.9949 0.000116816 16044572 0.000116816
24.1547 0.000125772 16382996 0.000125772
24.3155 0.000135398 16682804 0.000135398
24.4773 0.000145671 17049568 0.000145671
24.6403 0.000157197 17372036 0.000157197
24.8043 0.000169109 17730284 0.000169109
24.9694 0.000181911 18081428 0.000181911
25.1357 0.000195556 18451508 0.000195556
25.303 0.000210009 18818116 0.000210009
25.4715 0.000225095 19198424 0.000225095
25.641 0.000241439 19585748 0.000241439
25.8118 0.000258449 19978724 0.000258449
25.9836 0.00027504 20371004 0.00027504
26.1565 0.000293021 20788784 0.000293021
26.3307 0.000310825 21215108 0.000310825
26.506 0.000328701 21627980 0.000328701
26.6824 0.000347643 22058480 0.000347643
26.8598 0.529198 22382222 0.529198
27.0386 0.000349517 22371896 0.000349517
27.2186 0.000344252 22382768 0.000344252
27.3998 0.000341119 22332560 0.000341119
27.5821 0.000339246 22325624 0.000339246
27.7658 0.000339126 22296128 0.000339126
27.9506 0.000340469 22244960 0.000340469
28.1366 0.0003426 22209968 0.0003426
28.3239 0.000345764 22170752 0.000345764
28.5125 0.000349938 22099424 0.000349938
28.7023 0.000355023 22026656 0.000355023
28.8933 0.000360727 21940280 0.000360727
29.0857 0.000367347 21887744 0.000367347
29.2794 0.000374034 21770912 0.000374034
29.4742 0.000381803 21667440 0.000381803
29.6704 0.000390638 21555632 0.000390638
29.8679 0.000399845 21448640 0.000399845
30.0668 0.000410113 21315152 0.000410113
30.2669 0.000420563 21159848 0.000420563
30.4684 0.000431987 21017568 0.000431987
30.6712 0.00044442 20845400 0.00044442
30.8754 0.000457583 20691440 0.000457583
31.081 0.000471689 20496296 0.000471689
31.2878 0.000487036 20289552 0.000487036
31.4961 0.000502804 20101808 0.000502804
31.7058 0.000520221 19849544 0.000520221
31.9167 0.00053864 19633272 0.00053864
32.1292 0.000558849 19385528 0.000558849
32.3431 0.000580166 19135376 0.000580166
32.5585 0.000602922 18848208 0.000602922
32.7752 0.00062563 18557432 0.00062563
32.9933 0.000650726 18255576 0.000650726
33.2129 0.000677355 17937584 0.000677355
33.434 0.000705771 17602136 0.000705771
33.6565 0.000733923 17253528 0.000733923
33.8806 0.000763613 16889480 0.000763613
34.1061 0.000793619 16497624 0.000793619
34.3331 0.000824703 16101800 0.000824703
34.5617 0.000855688 15680088 0.000855688
34.7917 0.000884942 15243632 0.000884942
35.0232 0.000915416 14782368 0.000915416
35.2564 0.000945087 14317992 0.000945087
35.491 0.000970381 13809848 0.000970381
35.7272 0.000995752 13298496 0.000995752
35.965 0.00101465 12769352 0.00101465
36.2044 0.00102806 12197688 0.00102806
36.4453 0.00103554 11622024 0.00103554
36.6878 0.00103366 11016224 0.00103366
36.9319 0.00102599 10391832 0.00102599
37.1776 0.00101337 9744456 0.00101337
37.425 0.0010066 9062784 0.0010066
37.6739 0.00101301 8362136 0.00101301
37.9246 3.69739 7654230 3.69739
38.1772 0.00108563 7023504 0.00108563
38.4314 0.00114473 6481392 0.00114473
38.6872 0.00121822 5981364 0.00121822
38.9448 0.00130315 5526380 0.00130315
39.2041 0.0014083 5088888 0.0014083
39.465 0.00152658 4681872 0.00152658
39.7277 0.00166422 4299060 0.00166422
39.9921 0.00181594 3935448 0.00181594
40.2582 0.00199799 3589836 0.00199799
40.5261 0.00220366 3264936 0.00220366
40.7957 0.00242379 2955456 0.00242379
41.0671 0.0026788 2666016 0.0026788
41.3404 0.00295424 2388612 0.00295424
41.6155 0.00325433 2129508 0.00325433
41.8925 0.0035868 1883928 0.0035868
42.1712 0.00387752 1652040 0.00387752
42.4515 0.00421597 1436568 0.00421597
42.7339 0.00448963 1239888 0.00448963
43.0181 0.00470524 1049640 0.00470524
43.3041 0.00489342 882364 0.00489342
43.5916 0.00495207 721404 0.00495207
43.8811 0.00489419 585564 0.00489419
44.1732 0.004657 456012 0.004657
44.4652 0.00428231 342316 0.00428231
44.7587 0.00380337 248988 0.00380337
45.0552 0.00327903 168336 0.00327903
45.3521 0.00266762 102012 0.00266762
45.6466 0.00215157 52720 0.00215157
45.9351 0.00177651 19920 0.00177651
46.1972 8048.32 3122 8048.32
