# in Mpc/h Units 
# D1 = 1 
# k P N P(z=0)
0.0523599 8.94708e-15 12 8.94708e-15
0.074048 1.29644e-14 24 1.29644e-14
0.09069 1.83941e-15 16 1.83941e-15
0.10472 4.74294e-14 12 4.74294e-14
0.11708 1.37637e-13 48 1.37637e-13
0.128255 1.16238e-13 48 1.16238e-13
0.148096 8.45033e-14 24 8.45033e-14
0.15708 2.54359e-13 60 2.54359e-13
0.165576 7.53831e-13 48 7.53831e-13
0.173658 6.65165e-13 48 6.65165e-13
0.18138 5.07047e-14 16 5.07047e-14
0.188786 3.39016e-13 48 3.39016e-13
0.195913 3.24618e-13 96 3.24618e-13
0.20944 1.45736e-12 12 1.45736e-12
0.215885 1.4268e-12 96 1.4268e-12
0.222144 2.32752e-12 72 2.32752e-12
0.228231 1.06549e-12 48 1.06549e-12
0.23416 2.8253e-12 48 2.8253e-12
0.239943 2.52247e-12 96 2.52247e-12
0.24559 4.01872e-13 48 4.01872e-13
0.25651 1.75912e-12 48 1.75912e-12
0.261799 1.69396e-12 60 1.69396e-12
0.266984 2.05795e-12 144 2.05795e-12
0.27207 4.60735e-12 64 4.60735e-12
0.281967 2.59502e-12 144 2.59502e-12
0.286787 5.45281e-12 96 5.45281e-12
0.296192 1.13934e-12 24 1.13934e-12
0.300785 3.24409e-12 96 3.24409e-12
0.305308 2.07757e-12 96 2.07757e-12
0.309765 4.23615e-12 96 4.23615e-12
0.314159 5.28261e-12 60 5.28261e-12
0.318493 1.26776e-11 48 1.26776e-11
0.322768 6.49074e-12 144 6.49074e-12
0.331153 4.56394e-12 48 4.56394e-12
0.335267 7.94964e-12 192 7.94964e-12
0.339331 3.76322e-12 96 3.76322e-12
0.343347 3.31498e-12 48 3.31498e-12
0.347316 9.21362e-12 48 9.21362e-12
0.351241 4.47931e-12 144 4.47931e-12
0.355122 1.20492e-11 96 1.20492e-11
0.36276 5.10998e-13 16 5.10998e-13
0.366519 1.03799e-11 108 1.03799e-11
0.37024 1.09892e-11 168 1.09892e-11
0.373924 1.28518e-11 96 1.28518e-11
0.377572 7.29708e-12 48 7.29708e-12
0.381186 1.79986e-11 144 1.79986e-11
0.384765 1.25539e-11 192 1.25539e-11
0.391825 7.40445e-12 96 7.40445e-12
0.395308 1.6277e-11 96 1.6277e-11
0.398761 1.86916e-11 48 1.86916e-11
0.402184 1.91245e-11 144 1.91245e-11
0.408944 7.94404e-12 144 7.94404e-12
0.412282 1.58135e-11 192 1.58135e-11
0.418879 6.00855e-11 12 6.00855e-11
0.422139 1.69693e-11 192 1.69693e-11
0.425374 1.93695e-11 192 1.93695e-11
0.428584 2.10551e-11 48 2.10551e-11
0.431771 1.68272e-11 96 1.68272e-11
0.434934 4.27644e-11 192 4.27644e-11
0.438074 6.07288e-12 96 6.07288e-12
0.444288 2.37785e-11 72 2.37785e-11
0.447363 1.88632e-11 96 1.88632e-11
0.450417 2.17745e-11 240 2.17745e-11
0.45345 1.45873e-11 112 1.45873e-11
0.456463 1.641e-11 48 1.641e-11
0.459456 2.55772e-11 192 2.55772e-11
0.46243 1.49641e-11 96 1.49641e-11
0.468321 4.28137e-11 48 4.28137e-11
0.471239 1.92422e-11 204 1.92422e-11
0.475868 2.95858e-11 240 2.95858e-11
0.479886 4.96315e-11 96 4.96315e-11
0.482734 3.46243e-11 96 3.46243e-11
0.485566 3.22286e-11 240 3.22286e-11
0.491179 6.63395e-12 48 6.63395e-12
0.493962 3.79781e-11 288 3.79781e-11
0.497516 4.45448e-11 336 4.45448e-11
0.50494 4.03427e-11 96 4.03427e-11
0.507648 3.43075e-11 192 3.43075e-11
0.51302 3.081e-11 48 3.081e-11
0.515685 5.40574e-11 96 5.40574e-11
0.518336 4.68676e-11 216 4.68676e-11
0.520974 2.36719e-11 144 2.36719e-11
0.525815 5.53665e-11 396 5.53665e-11
0.528809 7.65144e-11 96 7.65144e-11
0.533968 4.36675e-11 144 4.36675e-11
0.536529 5.99228e-11 192 5.99228e-11
0.539078 5.24578e-11 144 5.24578e-11
0.542392 6.15718e-11 208 6.15718e-11
0.546653 5.12469e-11 144 5.12469e-11
0.549155 4.85452e-11 288 4.85452e-11
0.557822 4.5292e-11 384 4.5292e-11
0.561497 4.07606e-11 96 4.07606e-11
0.565449 5.58831e-11 384 5.58831e-11
0.568774 8.6881e-11 144 8.6881e-11
0.573574 7.84109e-11 96 7.84109e-11
0.575959 3.28365e-11 156 3.28365e-11
0.57901 6.4483e-11 336 6.4483e-11
0.585401 8.1502e-11 288 8.1502e-11
0.587738 9.28518e-11 288 9.28518e-11
0.592384 2.73635e-11 24 2.73635e-11
0.595269 6.74957e-11 384 6.74957e-11
0.599938 6.99937e-11 336 6.99937e-11
0.603844 3.29162e-11 96 3.29162e-11
0.606109 8.08924e-11 336 8.08924e-11
0.61211 7.31157e-11 288 7.31157e-11
0.616043 8.73902e-11 336 8.73902e-11
0.621003 1.04449e-10 288 1.04449e-10
0.62394 4.22366e-11 96 4.22366e-11
0.628319 3.99652e-11 60 3.99652e-11
0.631943 1.11225e-10 576 1.11225e-10
0.635476 1.15564e-10 160 1.15564e-10
0.640026 1.02097e-10 576 1.02097e-10
0.645536 1.4893e-10 144 1.4893e-10
0.648501 1.22526e-10 480 1.22526e-10
0.651875 7.04985e-11 192 7.04985e-11
0.657259 1.38794e-10 336 1.38794e-10
0.664143 1.36649e-10 432 1.36649e-10
0.666806 9.06444e-11 264 9.06444e-11
0.671554 9.8052e-11 384 9.8052e-11
0.67461 6.15476e-11 240 6.15476e-11
0.67991 1.79709e-10 252 1.79709e-10
0.683858 1.31704e-10 576 1.31704e-10
0.689604 1.50671e-10 624 1.50671e-10
0.694632 1.17537e-10 48 1.17537e-10
0.699101 1.72848e-10 528 1.72848e-10
0.703699 9.27582e-11 384 9.27582e-11
0.707341 1.54033e-10 384 1.54033e-10
0.712995 1.49197e-10 672 1.49197e-10
0.716011 1.76187e-10 96 1.76187e-10
0.72021 1.57965e-10 480 1.57965e-10
0.728882 1.68213e-10 592 1.68213e-10
0.73184 1.7402e-10 300 1.7402e-10
0.735837 1.81638e-10 480 1.81638e-10
0.741648 1.80075e-10 456 1.80075e-10
0.745808 1.73815e-10 432 1.73815e-10
0.750984 1.85413e-10 672 1.85413e-10
0.757319 1.77159e-10 720 1.77159e-10
0.761471 1.30952e-10 288 1.30952e-10
0.764935 2.01672e-10 336 2.01672e-10
0.771444 1.76429e-10 624 1.76429e-10
0.777209 2.52042e-10 576 2.52042e-10
0.781021 2.40808e-10 384 2.40808e-10
0.786997 2.39103e-10 732 2.39103e-10
0.793162 2.63468e-10 816 2.63468e-10
0.798994 3.17377e-10 336 3.17377e-10
0.801928 2.76393e-10 672 2.76393e-10
0.80675 2.79623e-10 480 2.79623e-10
0.81435 2.78914e-10 760 2.78914e-10
0.819874 2.30778e-10 768 2.30778e-10
0.825561 2.09779e-10 480 2.09779e-10
0.829315 2.84629e-10 720 2.84629e-10
0.834578 3.55034e-10 396 3.55034e-10
0.840616 2.97981e-10 768 2.97981e-10
0.845798 3.41978e-10 768 3.41978e-10
0.852892 3.27328e-10 864 3.27328e-10
0.858982 2.56959e-10 1056 2.56959e-10
0.865654 3.57076e-10 576 3.57076e-10
0.869604 4.42401e-10 576 4.42401e-10
0.875816 3.51221e-10 912 3.51221e-10
0.882071 3.29845e-10 720 3.29845e-10
0.886104 3.76114e-10 360 3.76114e-10
0.89194 4.55919e-10 972 4.55919e-10
0.897856 4.52042e-10 1008 4.52042e-10
0.904202 4.74867e-10 1024 4.74867e-10
0.909643 4.38573e-10 528 4.38573e-10
0.916102 4.0448e-10 1200 4.0448e-10
0.921642 5.66989e-10 576 5.66989e-10
0.928714 4.39785e-10 1344 4.39785e-10
0.936467 4.55813e-10 816 4.55813e-10
0.942098 4.32531e-10 924 4.32531e-10
0.947697 5.41911e-10 1200 5.41911e-10
0.95445 5.44101e-10 1008 5.44101e-10
0.96178 5.33095e-10 648 5.33095e-10
0.966657 5.44276e-10 1488 5.44276e-10
0.973282 4.92484e-10 912 4.92484e-10
0.979174 6.02335e-10 864 6.02335e-10
0.98607 5.83995e-10 1440 5.83995e-10
0.994526 5.43303e-10 1068 5.43303e-10
1.00005 7.14938e-10 1072 7.14938e-10
1.00695 6.19997e-10 1248 6.19997e-10
1.01254 7.39236e-10 1200 7.39236e-10
1.01915 6.9128e-10 1392 6.9128e-10
1.02716 6.49905e-10 912 6.49905e-10
1.03311 6.82029e-10 1464 6.82029e-10
1.04021 5.96172e-10 1200 5.96172e-10
1.04746 7.16023e-10 1404 7.16023e-10
1.05386 7.90368e-10 1344 7.90368e-10
1.06134 8.25835e-10 1536 8.25835e-10
1.06878 7.85144e-10 1536 7.85144e-10
1.07508 7.92954e-10 816 7.92954e-10
1.08188 8.30797e-10 2160 8.30797e-10
1.09086 9.11497e-10 1264 9.11497e-10
1.09724 7.50964e-10 1500 7.50964e-10
1.10427 9.87732e-10 1392 9.87732e-10
1.11146 1.07317e-09 1752 1.07317e-09
1.11946 8.8919e-10 1728 8.8919e-10
1.12585 9.66607e-10 1536 9.66607e-10
1.13353 9.56332e-10 1776 9.56332e-10
1.14144 1.12216e-09 1632 1.12216e-09
1.14947 1.13394e-09 1308 1.13394e-09
1.15655 1.16302e-09 2592 1.16302e-09
1.16466 1.23686e-09 1632 1.23686e-09
1.17201 1.39869e-09 1632 1.39869e-09
1.17979 1.20654e-09 2176 1.20654e-09
1.18868 1.09526e-09 2040 1.09526e-09
1.19695 1.25552e-09 2064 1.25552e-09
1.2048 1.09886e-09 1884 1.09886e-09
1.21235 1.43868e-09 2064 1.43868e-09
1.22125 1.30391e-09 2256 1.30391e-09
1.22758 1.2945e-09 1776 1.2945e-09
1.23587 1.49304e-09 2352 1.49304e-09
1.24422 1.32831e-09 1920 1.32831e-09
1.25132 1.38646e-09 2220 1.38646e-09
1.26083 1.76526e-09 2232 1.76526e-09
1.26841 1.62121e-09 2704 1.62121e-09
1.27694 1.55978e-09 2400 1.55978e-09
1.28569 1.60618e-09 2448 1.60618e-09
1.29494 1.79833e-09 2640 1.79833e-09
1.30323 1.57618e-09 2256 1.57618e-09
1.31205 1.95497e-09 3036 1.95497e-09
1.31993 1.94762e-09 2160 1.94762e-09
1.32925 1.83746e-09 3048 1.83746e-09
1.33806 1.95076e-09 2832 1.95076e-09
1.34776 2.0068e-09 3408 2.0068e-09
1.3575 1.93234e-09 2176 1.93234e-09
1.36503 2.02119e-09 2892 2.02119e-09
1.37457 2.42085e-09 3600 2.42085e-09
1.38423 2.28656e-09 3024 2.28656e-09
1.39292 2.23754e-09 2784 2.23754e-09
1.40119 2.10724e-09 2784 2.10724e-09
1.41152 2.56369e-09 3924 2.56369e-09
1.42148 2.43651e-09 3552 2.43651e-09
1.4311 2.72787e-09 3360 2.72787e-09
1.44075 2.59372e-09 3552 2.59372e-09
1.4503 2.66743e-09 3088 2.66743e-09
1.45906 2.63419e-09 3792 2.63419e-09
1.46881 2.98501e-09 3324 2.98501e-09
1.47857 3.26818e-09 3816 3.26818e-09
1.48825 2.88655e-09 4368 2.88655e-09
1.49906 2.7987e-09 3696 2.7987e-09
1.50823 3.06269e-09 3696 3.06269e-09
1.51928 3.1168e-09 4476 3.1168e-09
1.52892 3.52821e-09 4176 3.52821e-09
1.53945 3.38931e-09 4384 3.38931e-09
1.54826 3.51318e-09 3072 3.51318e-09
1.55799 3.60053e-09 4824 3.60053e-09
1.56909 3.51698e-09 4524 3.51698e-09
1.57956 3.91719e-09 4896 3.91719e-09
1.58993 3.87926e-09 4080 3.87926e-09
1.60098 3.99848e-09 5952 3.99848e-09
1.61239 3.54358e-09 4368 3.54358e-09
1.62326 4.43481e-09 5100 4.43481e-09
1.63365 4.33973e-09 4792 4.33973e-09
1.64411 4.70034e-09 5520 4.70034e-09
1.65507 4.06781e-09 4848 4.06781e-09
1.66671 4.49126e-09 5664 4.49126e-09
1.67729 4.82998e-09 5148 4.82998e-09
1.68865 4.87866e-09 6048 4.87866e-09
1.69926 4.70783e-09 4968 4.70783e-09
1.71073 5.13466e-09 6336 5.13466e-09
1.72232 5.33607e-09 5788 5.33607e-09
1.73367 5.42662e-09 5712 5.42662e-09
1.74507 5.86225e-09 6768 5.86225e-09
1.75738 5.4779e-09 6480 5.4779e-09
1.76843 5.56365e-09 5712 5.56365e-09
1.78079 5.90795e-09 6948 5.90795e-09
1.79234 6.44847e-09 6864 6.44847e-09
1.80467 6.12864e-09 7104 6.12864e-09
1.81741 6.50179e-09 7120 6.50179e-09
1.82908 6.62042e-09 6540 6.62042e-09
1.84056 7.17363e-09 7104 7.17363e-09
1.85297 7.02018e-09 7560 7.02018e-09
1.86529 7.13174e-09 7920 7.13174e-09
1.87828 6.83453e-09 7392 6.83453e-09
1.89033 7.59206e-09 7452 7.59206e-09
1.90289 7.84916e-09 8752 7.84916e-09
1.91524 7.39999e-09 7296 7.39999e-09
1.92801 7.72129e-09 8664 7.72129e-09
1.94114 8.2042e-09 8508 8.2042e-09
1.95358 8.50336e-09 8592 8.50336e-09
1.96683 8.62247e-09 8640 8.62247e-09
1.97893 8.58079e-09 8736 8.58079e-09
1.99314 9.0156e-09 9652 9.0156e-09
2.00669 9.4982e-09 10032 9.4982e-09
2.02001 9.95792e-09 9216 9.95792e-09
2.03371 9.40646e-09 9648 9.40646e-09
2.0469 1.101e-08 9900 1.101e-08
2.06043 1.06578e-08 10464 1.06578e-08
2.07427 1.07474e-08 9960 1.07474e-08
2.0873 1.11596e-08 9676 1.11596e-08
2.10142 1.14047e-08 12048 1.14047e-08
2.1162 1.13498e-08 11040 1.13498e-08
2.12987 1.18578e-08 10800 1.18578e-08
2.14398 1.18301e-08 11076 1.18301e-08
2.15842 1.30736e-08 12912 1.30736e-08
2.17295 1.23692e-08 11008 1.23692e-08
2.18708 1.24562e-08 12336 1.24562e-08
2.2017 1.39327e-08 11820 1.39327e-08
2.21574 1.34953e-08 12744 1.34953e-08
2.23088 1.41554e-08 13536 1.41554e-08
2.246 1.39251e-08 12588 1.39251e-08
2.26057 1.5523e-08 13312 1.5523e-08
2.27558 1.48005e-08 14448 1.48005e-08
2.29128 1.52538e-08 13416 1.52538e-08
2.30663 1.66441e-08 15132 1.66441e-08
2.32238 1.74166e-08 14832 1.74166e-08
2.33773 1.63854e-08 13968 1.63854e-08
2.35249 1.66182e-08 14620 1.66182e-08
2.36851 1.75985e-08 16296 1.75985e-08
2.38413 1.74372e-08 15264 1.74372e-08
2.40004 1.71719e-08 16176 1.71719e-08
2.41649 1.95646e-08 16956 1.95646e-08
2.43227 1.89264e-08 16224 1.89264e-08
2.44806 1.90465e-08 16216 1.90465e-08
2.46464 2.02213e-08 19020 2.02213e-08
2.48167 2.05801e-08 16944 2.05801e-08
2.4972 2.03793e-08 17664 2.03793e-08
2.51377 2.15715e-08 17796 2.15715e-08
2.5304 2.17381e-08 20016 2.17381e-08
2.54769 2.18188e-08 18784 2.18188e-08
2.56498 2.33925e-08 20412 2.33925e-08
2.58178 2.42603e-08 19056 2.42603e-08
2.59871 2.36771e-08 20472 2.36771e-08
2.61602 2.3856e-08 20796 2.3856e-08
2.63365 2.57371e-08 21568 2.57371e-08
2.6509 2.51526e-08 21168 2.51526e-08
2.66899 2.59712e-08 22692 2.59712e-08
2.68677 2.69897e-08 22800 2.69897e-08
2.70438 2.74823e-08 22032 2.74823e-08
2.72238 2.85918e-08 23740 2.85918e-08
2.74093 2.8647e-08 25032 2.8647e-08
2.75923 2.94832e-08 23760 2.94832e-08
2.77729 3.06728e-08 23772 3.06728e-08
2.79526 3.06071e-08 26208 3.06071e-08
2.81432 3.14587e-08 25528 3.14587e-08
2.833 3.319e-08 26892 3.319e-08
2.85202 3.34167e-08 26928 3.34167e-08
2.87073 3.31905e-08 26796 3.31905e-08
2.89013 3.55251e-08 29256 3.55251e-08
2.90936 3.43527e-08 28048 3.43527e-08
2.92925 3.66116e-08 30108 3.66116e-08
2.94838 3.72191e-08 28992 3.72191e-08
2.96782 3.7584e-08 30024 3.7584e-08
2.98749 3.81868e-08 30844 3.81868e-08
3.00704 3.94962e-08 31248 3.94962e-08
3.02719 3.85575e-08 32292 3.85575e-08
3.04759 4.03656e-08 34128 4.03656e-08
3.06788 4.19436e-08 32304 4.19436e-08
3.08831 4.32336e-08 35020 4.32336e-08
3.10884 4.37043e-08 34344 4.37043e-08
3.12935 4.41888e-08 35760 4.41888e-08
3.15034 4.71326e-08 36060 4.71326e-08
3.17113 4.67329e-08 37360 4.67329e-08
3.19265 4.80591e-08 38340 4.80591e-08
3.21364 4.79539e-08 37440 4.79539e-08
3.23467 4.9745e-08 39072 4.9745e-08
3.25676 5.08959e-08 41908 5.08959e-08
3.27858 5.14475e-08 40656 5.14475e-08
3.3005 5.21377e-08 41436 5.21377e-08
3.32227 5.29746e-08 42696 5.29746e-08
3.34438 5.51003e-08 43068 5.51003e-08
3.36657 5.6842e-08 44512 5.6842e-08
3.38869 5.56428e-08 44208 5.56428e-08
3.41124 5.86566e-08 46356 5.86566e-08
3.43406 5.88783e-08 47760 5.88783e-08
3.45721 6.01398e-08 48460 6.01398e-08
3.48034 6.25325e-08 48936 6.25325e-08
3.50366 6.19279e-08 50460 6.19279e-08
3.5269 6.63908e-08 50656 6.63908e-08
3.5504 6.44374e-08 51636 6.44374e-08
3.57388 6.54918e-08 53232 6.54918e-08
3.59743 6.66253e-08 52752 6.66253e-08
3.62141 6.95929e-08 56068 6.95929e-08
3.64536 6.88777e-08 55632 6.88777e-08
3.66958 7.20004e-08 56796 7.20004e-08
3.69387 7.1142e-08 59304 7.1142e-08
3.71882 7.35651e-08 60268 7.35651e-08
3.74375 7.55765e-08 61584 7.55765e-08
3.76897 7.67015e-08 62436 7.67015e-08
3.79359 7.86084e-08 61824 7.86084e-08
3.81905 7.95626e-08 66316 7.95626e-08
3.84456 8.08447e-08 65544 8.08447e-08
3.86994 8.12524e-08 66300 8.12524e-08
3.89542 8.52677e-08 68512 8.52677e-08
3.92167 8.51943e-08 71124 8.51943e-08
3.9475 8.66461e-08 69984 8.66461e-08
3.97388 8.75112e-08 74316 8.75112e-08
4.00046 8.93521e-08 73912 8.93521e-08
4.0271 8.90887e-08 75900 8.90887e-08
4.05369 9.13857e-08 76992 9.13857e-08
4.08104 9.41047e-08 80548 9.41047e-08
4.10806 9.50055e-08 78528 9.50055e-08
4.13528 9.68922e-08 82932 9.68922e-08
4.16281 9.76643e-08 83920 9.76643e-08
4.19067 9.91487e-08 85404 9.91487e-08
4.2184 1.01338e-07 86712 1.01338e-07
4.24659 1.02394e-07 89772 1.02394e-07
4.27484 1.03656e-07 90496 1.03656e-07
4.30338 1.07066e-07 92724 1.07066e-07
4.33198 1.04864e-07 93948 1.04864e-07
4.36071 1.09605e-07 96472 1.09605e-07
4.3897 1.11086e-07 97548 1.11086e-07
4.4189 1.13292e-07 101232 1.13292e-07
4.44852 1.14225e-07 102100 1.14225e-07
4.4781 1.15363e-07 104544 1.15363e-07
4.50814 1.1727e-07 107316 1.1727e-07
4.53768 1.19116e-07 105280 1.19116e-07
4.56805 1.22179e-07 114732 1.22179e-07
4.59871 1.229e-07 110340 1.229e-07
4.62914 1.26298e-07 117088 1.26298e-07
4.66021 1.2799e-07 117012 1.2799e-07
4.69082 1.27215e-07 117936 1.27215e-07
4.72214 1.304e-07 124732 1.304e-07
4.75359 1.34692e-07 122532 1.34692e-07
4.785 1.33807e-07 127920 1.33807e-07
4.81697 1.36573e-07 129460 1.36573e-07
4.84894 1.36643e-07 132720 1.36643e-07
4.88139 1.39286e-07 135556 1.39286e-07
4.91407 1.40312e-07 139116 1.40312e-07
4.94671 1.42376e-07 139320 1.42376e-07
4.97947 1.45188e-07 142780 1.45188e-07
5.01272 1.4695e-07 147948 1.4695e-07
5.04614 1.4875e-07 148392 1.4875e-07
5.07982 1.51572e-07 153244 1.51572e-07
5.11321 1.53384e-07 151032 1.53384e-07
5.14731 1.55975e-07 163020 1.55975e-07
5.18198 1.5713e-07 160276 1.5713e-07
5.21624 1.58677e-07 164736 1.58677e-07
5.25098 1.60639e-07 168196 1.60639e-07
5.28607 1.63162e-07 172572 1.63162e-07
5.32112 1.64016e-07 173400 1.64016e-07
5.35657 1.68205e-07 180028 1.68205e-07
5.39237 1.70685e-07 181860 1.70685e-07
5.42797 1.69546e-07 183388 1.69546e-07
5.46416 1.75069e-07 192456 1.75069e-07
5.5009 1.74676e-07 194028 1.74676e-07
5.53734 1.77309e-07 194740 1.77309e-07
5.57394 1.80578e-07 201312 1.80578e-07
5.61112 1.83553e-07 205060 1.83553e-07
5.64841 1.84258e-07 208908 1.84258e-07
5.68598 1.87559e-07 214392 1.87559e-07
5.72422 1.91831e-07 220828 1.91831e-07
5.76233 1.92759e-07 219156 1.92759e-07
5.80067 1.95316e-07 229948 1.95316e-07
5.83932 1.97064e-07 228792 1.97064e-07
5.87805 2.00246e-07 236380 2.00246e-07
5.91726 2.01123e-07 240996 2.01123e-07
5.95666 2.04478e-07 245436 2.04478e-07
5.99617 2.07305e-07 249208 2.07305e-07
6.03605 2.10777e-07 255900 2.10777e-07
6.07637 2.11496e-07 261652 2.11496e-07
6.11683 2.14606e-07 265020 2.14606e-07
6.15724 2.165e-07 268360 2.165e-07
6.19831 2.21583e-07 280428 2.21583e-07
6.23974 2.25598e-07 280036 2.25598e-07
6.28136 2.26371e-07 291300 2.26371e-07
6.32317 2.29538e-07 290700 2.29538e-07
6.3651 2.31779e-07 300376 2.31779e-07
6.40747 2.36633e-07 304428 2.36633e-07
6.45023 2.39899e-07 314452 2.39899e-07
6.49325 2.42968e-07 316236 2.42968e-07
6.53637 2.47068e-07 324676 2.47068e-07
6.57987 2.50443e-07 330756 2.50443e-07
6.62371 2.529e-07 338512 2.529e-07
6.66769 2.5883e-07 341364 2.5883e-07
6.71213 2.61933e-07 355132 2.61933e-07
6.75715 2.6512e-07 359220 2.6512e-07
6.80213 2.6805e-07 365380 2.6805e-07
6.8473 2.71005e-07 371388 2.71005e-07
6.8928 2.76196e-07 380692 2.76196e-07
6.93857 2.81156e-07 385704 2.81156e-07
6.98472 2.86088e-07 397612 2.86088e-07
7.03127 2.91794e-07 402756 2.91794e-07
7.07818 2.94744e-07 414892 2.94744e-07
7.12517 2.98603e-07 414516 2.98603e-07
7.17243 3.0466e-07 431524 3.0466e-07
7.22044 3.08385e-07 439404 3.08385e-07
7.26849 3.13205e-07 443044 3.13205e-07
7.31672 3.19799e-07 455508 3.19799e-07
7.3654 3.23564e-07 463420 3.23564e-07
7.41433 3.2866e-07 471988 3.2866e-07
7.4637 3.35058e-07 484692 3.35058e-07
7.51349 3.42239e-07 493408 3.42239e-07
7.56347 3.48367e-07 500820 3.48367e-07
7.61393 3.51669e-07 516820 3.51669e-07
7.66479 3.584e-07 522828 3.584e-07
7.71574 3.63287e-07 531748 3.63287e-07
7.76711 3.72617e-07 546900 3.72617e-07
7.81889 3.78237e-07 553948 3.78237e-07
7.87101 3.85382e-07 568804 3.85382e-07
7.92338 3.9386e-07 575508 3.9386e-07
7.97606 3.98674e-07 590020 3.98674e-07
8.0293 4.08117e-07 604284 4.08117e-07
8.08275 4.15624e-07 609892 4.15624e-07
8.13628 4.21407e-07 623284 4.21407e-07
8.19037 4.28552e-07 638652 4.28552e-07
8.24475 4.3792e-07 647236 4.3792e-07
8.29961 4.45036e-07 667488 4.45036e-07
8.35495 4.53778e-07 675940 4.53778e-07
8.41075 4.64578e-07 697516 4.64578e-07
8.46683 4.72983e-07 700692 4.72983e-07
8.52295 4.82663e-07 717556 4.82663e-07
8.57991 4.90036e-07 741156 4.90036e-07
8.63732 4.99958e-07 748516 4.99958e-07
8.69471 5.10523e-07 761116 5.10523e-07
8.75245 5.19347e-07 776868 5.19347e-07
8.81071 5.32395e-07 797044 5.32395e-07
8.8694 5.4086e-07 808084 5.4086e-07
8.92825 5.52804e-07 824328 5.52804e-07
8.98764 5.63706e-07 844516 5.63706e-07
9.04755 5.77248e-07 861508 5.77248e-07
9.10782 5.84771e-07 877812 5.84771e-07
9.16841 5.99044e-07 893476 5.99044e-07
9.22955 6.1344e-07 918196 6.1344e-07
9.29099 6.26742e-07 926760 6.26742e-07
9.35274 6.3697e-07 952276 6.3697e-07
9.41504 6.55727e-07 968644 6.55727e-07
9.47775 6.67157e-07 991476 6.67157e-07
9.54092 6.8032e-07 1008532 6.8032e-07
9.60451 6.94967e-07 1031392 6.94967e-07
9.66826 7.11016e-07 1041948 7.11016e-07
9.73246 7.24231e-07 1073764 7.24231e-07
9.79738 7.39601e-07 1093636 7.39601e-07
9.86258 7.58565e-07 1112356 7.58565e-07
9.92813 7.80069e-07 1135344 7.80069e-07
9.99431 7.93191e-07 1164628 7.93191e-07
10.0611 8.07841e-07 1186276 8.07841e-07
10.128 8.29851e-07 1201840 8.29851e-07
10.1952 8.4955e-07 1228548 8.4955e-07
10.2631 8.66751e-07 1260100 8.66751e-07
10.3315 8.89898e-07 1277356 8.89898e-07
10.4002 9.09315e-07 1307968 9.09315e-07
10.4696 9.29701e-07 1339236 9.29701e-07
10.5393 9.49578e-07 1353844 9.49578e-07
10.6093 9.75312e-07 1385104 9.75312e-07
10.6799 9.97276e-07 1418356 9.97276e-07
10.7511 1.01731e-06 1442832 1.01731e-06
10.8226 1.04445e-06 1471396 1.04445e-06
10.8947 1.0692e-06 1505092 1.0692e-06
10.9672 1.09074e-06 1527520 1.09074e-06
11.0401 1.11944e-06 1564996 1.11944e-06
11.1137 1.14597e-06 1594356 1.14597e-06
11.1877 1.17346e-06 1629952 1.17346e-06
11.2623 1.20331e-06 1662532 1.20331e-06
11.3374 1.234e-06 1691392 1.234e-06
11.4126 1.25717e-06 1720468 1.25717e-06
11.4886 1.28811e-06 1767856 1.28811e-06
11.5652 1.32314e-06 1796676 1.32314e-06
11.6423 1.35525e-06 1835152 1.35525e-06
11.7197 1.38832e-06 1866388 1.38832e-06
11.7976 1.42535e-06 1905472 1.42535e-06
11.8762 1.46191e-06 1949044 1.46191e-06
11.9552 1.49511e-06 1980064 1.49511e-06
12.0348 1.53263e-06 2026876 1.53263e-06
12.1149 1.57119e-06 2062336 1.57119e-06
12.1955 1.61493e-06 2111220 1.61493e-06
12.2768 1.65705e-06 2148880 1.65705e-06
12.3584 1.69902e-06 2190292 1.69902e-06
12.4407 1.73928e-06 2239168 1.73928e-06
12.5236 1.78859e-06 2283844 1.78859e-06
12.6069 1.8334e-06 2320432 1.8334e-06
12.6907 1.87997e-06 2371984 1.87997e-06
12.7753 1.93367e-06 2430844 1.93367e-06
12.8604 1.9845e-06 2470144 1.9845e-06
12.946 2.03202e-06 2518048 2.03202e-06
13.0322 2.09198e-06 2572420 2.09198e-06
13.1189 2.14409e-06 2621920 2.14409e-06
13.2063 2.2064e-06 2676112 2.2064e-06
13.2942 2.26433e-06 2729932 2.26433e-06
13.3827 2.32335e-06 2783536 2.32335e-06
13.4718 2.39079e-06 2840896 2.39079e-06
13.5615 2.45753e-06 2897716 2.45753e-06
13.6518 2.52766e-06 2955904 2.52766e-06
13.7426 2.59895e-06 3012616 2.59895e-06
13.8341 2.67258e-06 3076288 2.67258e-06
13.9261 2.7424e-06 3135124 2.7424e-06
14.0187 2.82345e-06 3193408 2.82345e-06
14.112 2.90414e-06 3271144 2.90414e-06
14.2061 2.99295e-06 3333040 2.99295e-06
14.3007 3.07695e-06 3398608 3.07695e-06
14.396 3.17305e-06 3468556 3.17305e-06
14.4918 3.25851e-06 3528784 3.25851e-06
14.5882 3.35619e-06 3609808 3.35619e-06
14.6854 3.45727e-06 3682048 3.45727e-06
14.7831 3.56938e-06 3747640 3.56938e-06
14.8815 3.68064e-06 3827200 3.68064e-06
14.9805 3.78776e-06 3905728 3.78776e-06
15.0803 3.89871e-06 3989932 3.89871e-06
15.1808 4.02602e-06 4064320 4.02602e-06
15.2818 4.16009e-06 4140248 4.16009e-06
15.3835 4.28752e-06 4234912 4.28752e-06
15.486 4.42619e-06 4313200 4.42619e-06
15.5891 4.55488e-06 4400632 4.55488e-06
15.6929 4.71439e-06 4494544 4.71439e-06
15.7974 4.8605e-06 4574920 4.8605e-06
15.9025 5.0313e-06 4670848 5.0313e-06
16.0083 5.20166e-06 4766432 5.20166e-06
16.1149 5.37299e-06 4861096 5.37299e-06
16.2221 5.55459e-06 4948576 5.55459e-06
16.3301 5.74922e-06 5067448 5.74922e-06
16.4388 5.95268e-06 5157088 5.95268e-06
16.5483 6.15633e-06 5268308 6.15633e-06
16.6585 6.38535e-06 5370400 6.38535e-06
16.7694 6.60778e-06 5480536 6.60778e-06
16.881 6.84312e-06 5583136 6.84312e-06
16.9934 7.10828e-06 5709880 7.10828e-06
17.1066 7.35359e-06 5808416 7.35359e-06
17.2204 7.63652e-06 5931928 7.63652e-06
17.335 7.92234e-06 6045100 7.92234e-06
17.4504 8.22882e-06 6178136 8.22882e-06
17.5666 8.5522e-06 6297208 8.5522e-06
17.6835 8.87488e-06 6421360 8.87488e-06
17.8012 9.24396e-06 6550420 9.24396e-06
17.9197 9.59381e-06 6692624 9.59381e-06
18.0391 9.9883e-06 6817864 9.9883e-06
18.1591 1.04051e-05 6950392 1.04051e-05
18.28 1.08548e-05 7100684 1.08548e-05
18.4017 1.12922e-05 7237576 1.12922e-05
18.5242 1.17518e-05 7381744 1.17518e-05
18.6475 1.22724e-05 7531076 1.22724e-05
18.7716 1.27951e-05 7677928 1.27951e-05
18.8965 1.33498e-05 7840724 1.33498e-05
19.0224 1.39965e-05 8001664 1.39965e-05
19.149 1.46093e-05 8154856 1.46093e-05
19.2765 1.52867e-05 8321252 1.52867e-05
19.4048 1.6007e-05 8486416 1.6007e-05
19.5341 1.67797e-05 8671076 1.67797e-05
19.6642 1.75629e-05 8827000 1.75629e-05
19.795 1.84402e-05 9010900 1.84402e-05
19.9268 1.93691e-05 9192080 1.93691e-05
20.0594 2.03347e-05 9368836 2.03347e-05
20.1929 2.13803e-05 9569672 2.13803e-05
20.3274 2.25158e-05 9754708 2.25158e-05
20.4627 2.36605e-05 9951572 2.36605e-05
20.5989 2.50066e-05 10157512 2.50066e-05
20.736 2.6428e-05 10355324 2.6428e-05
20.874 2.78364e-05 10561864 2.78364e-05
21.013 2.94506e-05 10782548 2.94506e-05
21.153 3.11396e-05 11001812 3.11396e-05
21.2938 3.29674e-05 11209060 3.29674e-05
21.4354 3.50293e-05 11431400 3.50293e-05
21.5782 3.71306e-05 11684116 3.71306e-05
21.7219 3.94153e-05 11910452 3.94153e-05
21.8664 4.18723e-05 12127540 4.18723e-05
22.012 4.46428e-05 12404312 4.46428e-05
22.1586 4.76132e-05 12641060 4.76132e-05
22.3061 5.07795e-05 12885748 5.07795e-05
22.4546 5.42034e-05 13157972 5.42034e-05
22.6041 5.79656e-05 13415636 5.79656e-05
22.7545 6.19509e-05 13676164 6.19509e-05
22.906 6.64506e-05 13974632 6.64506e-05
23.0585 7.13709e-05 14234036 7.13709e-05
23.2119 7.6532e-05 14518612 7.6532e-05
23.3665 8.21487e-05 14831300 8.21487e-05
23.5221 8.81505e-05 15117620 8.81505e-05
23.6787 9.47871e-05 15432676 9.47871e-05
23.8363 0.000102067 15720116 0.000102067
23.9949 0.000109557 16044572 0.000109557
24.1547 0.000118052 16382996 0.000118052
24.3155 0.000127067 16682804 0.000127067
24.4773 0.000136676 17049568 0.000136676
24.6403 0.000147541 17372036 0.000147541
24.8043 0.000158801 17730284 0.000158801
24.9694 0.000170925 18081428 0.000170925
25.1357 0.000183855 18451508 0.000183855
25.303 0.000197768 18818116 0.000197768
25.4715 0.000212253 19198424 0.000212253
25.641 0.000228096 19585748 0.000228096
25.8118 0.000244331 19978724 0.000244331
25.9836 0.000260238 20371004 0.000260238
26.1565 0.000277411 20788784 0.000277411
26.3307 0.000294243 21215108 0.000294243
26.506 0.000311147 21627980 0.000311147
26.6824 0.000329098 22058480 0.000329098
26.8598 0.541435 22382222 0.541435
27.0386 0.000329174 22371896 0.000329174
27.2186 0.000323449 22382768 0.000323449
27.3998 0.000320129 22332560 0.000320129
27.5821 0.000318315 22325624 0.000318315
27.7658 0.000318429 22296128 0.000318429
27.9506 0.000319797 22244960 0.000319797
28.1366 0.000322487 22209968 0.000322487
28.3239 0.000326107 22170752 0.000326107
28.5125 0.000330729 22099424 0.000330729
28.7023 0.000336296 22026656 0.000336296
28.8933 0.000342736 21940280 0.000342736
29.0857 0.000349928 21887744 0.000349928
29.2794 0.000357439 21770912 0.000357439
29.4742 0.000366094 21667440 0.000366094
29.6704 0.000375879 21555632 0.000375879
29.8679 0.000386043 21448640 0.000386043
30.0668 0.000397499 21315152 0.000397499
30.2669 0.000409212 21159848 0.000409212
30.4684 0.000422023 21017568 0.000422023
30.6712 0.000435944 20845400 0.000435944
30.8754 0.000450896 20691440 0.000450896
31.081 0.000467043 20496296 0.000467043
31.2878 0.000484687 20289552 0.000484687
31.4961 0.000503061 20101808 0.000503061
31.7058 0.000523472 19849544 0.000523472
31.9167 0.000545393 19633272 0.000545393
32.1292 0.000569585 19385528 0.000569585
32.3431 0.000595574 19135376 0.000595574
32.5585 0.000624018 18848208 0.000624018
32.7752 0.000652974 18557432 0.000652974
32.9933 0.000685402 18255576 0.000685402
33.2129 0.000720419 17937584 0.000720419
33.434 0.000758051 17602136 0.000758051
33.6565 0.000796716 17253528 0.000796716
33.8806 0.000837197 16889480 0.000837197
34.1061 0.000879602 16497624 0.000879602
34.3331 0.000923425 16101800 0.000923425
34.5617 0.000967331 15680088 0.000967331
34.7917 0.00100964 15243632 0.00100964
35.0232 0.00105334 14782368 0.00105334
35.2564 0.00109642 14317992 0.00109642
35.491 0.00113359 13809848 0.00113359
35.7272 0.00117142 13298496 0.00117142
35.965 0.00120134 12769352 0.00120134
36.2044 0.00122436 12197688 0.00122436
36.4453 0.00123931 11622024 0.00123931
36.6878 0.00124017 11016224 0.00124017
36.9319 0.00122778 10391832 0.00122778
37.1776 0.0012032 9744456 0.0012032
37.425 0.00118019 9062784 0.00118019
37.6739 0.00117285 8362136 0.00117285
37.9246 3.79361 7654230 3.79361
38.1772 0.00124949 7023504 0.00124949
38.4314 0.00132047 6481392 0.00132047
38.6872 0.0014095 5981364 0.0014095
38.9448 0.00151617 5526380 0.00151617
39.2041 0.00164947 5088888 0.00164947
39.465 0.0018024 4681872 0.0018024
39.7277 0.00198272 4299060 0.00198272
39.9921 0.00218759 3935448 0.00218759
40.2582 0.00243705 3589836 0.00243705
40.5261 0.002725 3264936 0.002725
40.7957 0.00304222 2955456 0.00304222
41.0671 0.00341743 2666016 0.00341743
41.3404 0.00383789 2388612 0.00383789
41.6155 0.00431203 2129508 0.00431203
41.8925 0.00485505 1883928 0.00485505
42.1712 0.00537033 1652040 0.00537033
42.4515 0.00598503 1436568 0.00598503
42.7339 0.00655358 1239888 0.00655358
43.0181 0.00705927 1049640 0.00705927
43.3041 0.00755282 882364 0.00755282
43.5916 0.00785594 721404 0.00785594
43.8811 0.00796996 585564 0.00796996
44.1732 0.00775582 456012 0.00775582
44.4652 0.00724867 342316 0.00724867
44.7587 0.00649899 248988 0.00649899
45.0552 0.00560715 168336 0.00560715
45.3521 0.00448226 102012 0.00448226
45.6466 0.00349986 52720 0.00349986
45.9351 0.00275163 19920 0.00275163
46.1972 8287.39 3122 8287.39
