# in Mpc/h Units 
# D1 = 0.197062 
# k P N P(z=0)
0.0523599 201.394 6 5186.11
0.074048 334.343 12 8609.7
0.09069 363.249 8 9354.06
0.10472 52.9925 6 1364.61
0.11708 220.629 24 5681.43
0.128255 127.675 24 3287.76
0.148096 240.662 12 6197.31
0.15708 100.596 30 2590.45
0.165576 114.351 24 2944.66
0.173658 104.758 24 2697.64
0.18138 44.6779 8 1150.5
0.188786 105.749 24 2723.16
0.195913 83.3821 48 2147.18
0.20944 36.7126 6 945.389
0.215885 62.2026 48 1601.78
0.222144 61.3447 36 1579.69
0.228231 33.6438 24 866.364
0.23416 73.7473 24 1899.07
0.239943 49.0087 48 1262.03
0.24559 61.2229 24 1576.55
0.25651 47.0311 24 1211.1
0.261799 28.822 30 742.198
0.266984 39.2183 72 1009.91
0.27207 65.7058 32 1692
0.281967 39.1664 72 1008.58
0.286787 45.7335 48 1177.69
0.296192 32.6231 12 840.08
0.300785 44.6124 48 1148.82
0.305308 38.5389 48 992.418
0.309765 32.7744 48 843.977
0.314159 25.2107 30 649.203
0.318493 36.1713 24 931.45
0.322768 33.1116 72 852.66
0.331153 31.819 24 819.373
0.335267 25.2566 96 650.386
0.339331 36.0537 48 928.422
0.343347 30.4034 24 782.921
0.347316 30.2176 24 778.137
0.351241 24.7564 72 637.504
0.355122 20.0631 48 516.647
0.36276 43.8036 8 1127.99
0.366519 34.5022 54 888.468
0.37024 23.8107 84 613.151
0.373924 22.814 48 587.485
0.377572 24.3665 24 627.464
0.381186 19.7524 72 508.646
0.384765 28.1853 96 725.802
0.391825 21.3274 48 549.202
0.395308 19.3332 48 497.851
0.398761 23.3706 24 601.817
0.402184 18.826 72 484.788
0.408944 19.5122 72 502.461
0.412282 19.9633 96 514.075
0.418879 6.2435 6 160.777
0.422139 16.3514 96 421.066
0.425374 20.8902 96 537.946
0.428584 13.5272 24 348.34
0.431771 13.1865 48 339.566
0.434934 17.8637 96 460.01
0.438074 18.4349 48 474.72
0.444288 19.571 36 503.974
0.447363 11.6282 48 299.438
0.450417 15.881 120 408.954
0.45345 13.1563 56 338.789
0.456463 13.8211 24 355.909
0.459456 14.8139 96 381.475
0.46243 17.0369 48 438.719
0.468321 9.18933 24 236.635
0.471239 11.8909 102 306.202
0.475868 11.9058 120 306.588
0.479886 20.3191 48 523.239
0.482734 10.3993 48 267.793
0.485566 11.6872 120 300.957
0.491179 14.1162 24 363.507
0.493962 14.5338 144 374.261
0.497516 9.92818 168 255.661
0.50494 13.9827 48 360.07
0.507648 10.8341 96 278.989
0.51302 15.9815 24 411.541
0.515685 14.4321 48 371.643
0.518336 11.8073 108 304.049
0.520974 7.84084 72 201.91
0.525815 12.9784 198 334.207
0.528809 10.7049 48 275.662
0.533968 9.22381 72 237.523
0.536529 10.2793 96 264.703
0.539078 14.5794 72 375.435
0.542392 8.74454 104 225.181
0.546653 10.3779 72 267.243
0.549155 9.28635 144 239.134
0.557822 9.96647 192 256.647
0.561497 8.51483 48 219.266
0.565449 10.8164 192 278.533
0.568774 9.31839 72 239.959
0.573574 10.7265 48 276.219
0.575959 11.0627 78 284.876
0.57901 10.0651 168 259.188
0.585401 9.35754 144 240.967
0.587738 8.47578 144 218.26
0.592384 4.66413 12 120.106
0.595269 9.65013 192 248.501
0.599938 9.67751 168 249.206
0.603844 9.01466 48 232.137
0.606109 8.41627 168 216.728
0.61211 9.91218 144 255.249
0.616043 8.84806 168 227.847
0.621003 7.452 144 191.897
0.62394 9.13995 48 235.364
0.628319 5.71141 30 147.075
0.631943 7.44471 288 191.709
0.635476 7.79008 80 200.603
0.640026 7.33422 288 188.864
0.645536 5.43112 72 139.857
0.648501 6.78199 240 174.644
0.651875 6.53747 96 168.347
0.657259 8.57252 168 220.752
0.664143 6.32204 216 162.799
0.666806 8.42337 132 216.911
0.671554 7.4065 192 190.725
0.67461 6.84588 120 176.289
0.67991 6.44025 126 165.843
0.683858 6.43637 288 165.744
0.689604 6.48255 312 166.933
0.694632 5.82133 24 149.905
0.699101 6.97877 264 179.711
0.703699 5.33742 192 137.444
0.707341 7.41918 192 191.052
0.712995 6.25646 336 161.111
0.716011 6.43046 48 165.591
0.72021 5.9398 240 152.956
0.728882 5.2984 296 136.44
0.73184 6.32075 150 162.766
0.735837 5.69676 240 146.698
0.741648 7.40077 228 190.578
0.745808 5.67542 216 146.148
0.750984 4.87243 336 125.47
0.757319 5.17721 360 133.319
0.761471 5.3558 144 137.918
0.764935 5.6278 168 144.922
0.771444 5.02183 312 129.318
0.777209 4.87732 288 125.596
0.781021 4.64711 192 119.668
0.786997 4.34614 366 111.918
0.793162 4.56513 408 117.557
0.798994 3.61156 168 93.0015
0.801928 5.78871 336 149.065
0.80675 4.57807 240 117.89
0.81435 4.62705 380 119.152
0.819874 4.06784 384 104.751
0.825561 4.69903 240 121.005
0.829315 3.99656 360 102.916
0.834578 4.03254 198 103.842
0.840616 4.51825 384 116.35
0.845798 4.73562 384 121.947
0.852892 3.71153 432 95.5758
0.858982 4.5742 528 117.791
0.865654 4.29323 288 110.555
0.869604 3.77409 288 97.1869
0.875816 3.8795 456 99.9012
0.882071 4.3664 360 112.44
0.886104 3.94353 180 101.55
0.89194 4.01596 486 103.415
0.897856 3.63285 504 93.5497
0.904202 3.53911 512 91.1358
0.909643 3.92505 264 101.074
0.916102 3.59369 600 92.5413
0.921642 4.15418 288 106.975
0.928714 3.66779 672 94.4495
0.936467 3.53713 408 91.0849
0.942098 3.56067 462 91.6912
0.947697 3.56843 600 91.8909
0.95445 3.85416 504 99.2488
0.96178 3.48893 324 89.8437
0.966657 3.37776 744 86.981
0.973282 3.26308 456 84.0279
0.979174 3.65873 432 94.2162
0.98607 3.44084 720 88.6054
0.994526 3.08172 534 79.3575
1.00005 3.19366 536 82.2403
1.00695 3.12493 624 80.4702
1.01254 3.06313 600 78.8788
1.01915 2.92606 696 75.3493
1.02716 2.70427 456 69.6377
1.03311 2.78124 732 71.6199
1.04021 2.74631 600 70.7205
1.04746 2.68348 702 69.1025
1.05386 2.67843 672 68.9725
1.06134 2.69312 768 69.3508
1.06878 2.62126 768 67.5003
1.07508 2.60667 408 67.1245
1.08188 2.46668 1080 63.5195
1.09086 2.79491 632 71.972
1.09724 2.55813 750 65.8746
1.10427 2.42849 696 62.5362
1.11146 2.53455 876 65.2673
1.11946 2.48303 864 63.9407
1.12585 2.63821 768 67.9367
1.13353 2.42332 888 62.4031
1.14144 2.55066 816 65.6822
1.14947 2.44767 654 63.0302
1.15655 2.24638 1296 57.8466
1.16466 2.23278 816 57.4965
1.17201 2.41521 816 62.1942
1.17979 2.3234 1088 59.8301
1.18868 2.18461 1020 56.2561
1.19695 2.07051 1032 53.3179
1.2048 2.29539 942 59.1089
1.21235 1.99416 1032 51.3519
1.22125 1.95717 1128 50.3992
1.22758 2.13225 888 54.9076
1.23587 1.97092 1176 50.7534
1.24422 2.09029 960 53.8271
1.25132 1.97473 1110 50.8513
1.26083 1.8768 1116 48.3295
1.26841 1.88725 1352 48.5987
1.27694 1.84399 1200 47.4847
1.28569 1.95053 1224 50.2283
1.29494 1.78589 1320 45.9885
1.30323 1.86886 1128 48.1252
1.31205 1.74809 1518 45.0152
1.31993 1.65852 1080 42.7086
1.32925 1.68239 1524 43.3232
1.33806 1.70705 1416 43.9584
1.34776 1.68269 1704 43.3311
1.3575 1.68055 1088 43.2759
1.36503 1.59065 1446 40.961
1.37457 1.55964 1800 40.1623
1.38423 1.67631 1512 43.1669
1.39292 1.55702 1392 40.0949
1.40119 1.49306 1392 38.4479
1.41152 1.44728 1962 37.2691
1.42148 1.51195 1776 38.9343
1.4311 1.58443 1680 40.8007
1.44075 1.46498 1776 37.7249
1.4503 1.50044 1544 38.638
1.45906 1.36878 1896 35.2475
1.46881 1.35147 1662 34.8019
1.47857 1.41123 1908 36.3407
1.48825 1.36831 2184 35.2355
1.49906 1.34983 1848 34.7596
1.50823 1.28916 1848 33.1972
1.51928 1.36385 2238 35.1206
1.52892 1.30124 2088 33.5083
1.53945 1.34629 2192 34.6683
1.54826 1.2547 1536 32.3098
1.55799 1.20311 2412 30.9815
1.56909 1.2267 2262 31.5889
1.57956 1.24081 2448 31.9523
1.58993 1.23896 2040 31.9046
1.60098 1.14249 2976 29.4203
1.61239 1.1652 2184 30.0053
1.62326 1.11805 2550 28.7909
1.63365 1.13133 2396 29.133
1.64411 1.13695 2760 29.2777
1.65507 1.0311 2424 26.5519
1.66671 1.07945 2832 27.7969
1.67729 1.07737 2574 27.7435
1.68865 1.02617 3024 26.425
1.69926 1.03146 2484 26.5613
1.71073 1.01901 3168 26.2405
1.72232 1.06705 2894 27.4778
1.73367 0.991531 2856 25.533
1.74507 1.03971 3384 26.7737
1.75738 1.00412 3240 25.8571
1.76843 0.94645 2856 24.3721
1.78079 0.925804 3474 23.8405
1.79234 0.941248 3432 24.2381
1.80467 0.897616 3552 23.1146
1.81741 0.906272 3560 23.3375
1.82908 0.873112 3270 22.4836
1.84056 0.918946 3552 23.6638
1.85297 0.869278 3780 22.3848
1.86529 0.869468 3960 22.3897
1.87828 0.839295 3696 21.6128
1.89033 0.856281 3726 22.0501
1.90289 0.824946 4376 21.2432
1.91524 0.817963 3648 21.0634
1.92801 0.801298 4332 20.6343
1.94114 0.805477 4254 20.7419
1.95358 0.782035 4296 20.1382
1.96683 0.803717 4320 20.6966
1.97893 0.756455 4368 19.4795
1.99314 0.743463 4826 19.145
2.00669 0.736047 5016 18.954
2.02001 0.742955 4608 19.1319
2.03371 0.727294 4824 18.7286
2.0469 0.733251 4950 18.882
2.06043 0.684573 5232 17.6285
2.07427 0.690085 4980 17.7704
2.0873 0.690553 4838 17.7825
2.10142 0.665396 6024 17.1347
2.1162 0.67396 5520 17.3552
2.12987 0.656474 5400 16.9049
2.14398 0.63236 5538 16.2839
2.15842 0.645916 6456 16.633
2.17295 0.638979 5504 16.4544
2.18708 0.628422 6168 16.1825
2.2017 0.632428 5910 16.2857
2.21574 0.602255 6372 15.5087
2.23088 0.589368 6768 15.1769
2.246 0.597728 6294 15.3922
2.26057 0.59255 6656 15.2588
2.27558 0.584715 7224 15.057
2.29128 0.563352 6708 14.5069
2.30663 0.571225 7566 14.7097
2.32238 0.567256 7416 14.6074
2.33773 0.553789 6984 14.2607
2.35249 0.541725 7310 13.95
2.36851 0.530483 8148 13.6605
2.38413 0.532366 7632 13.709
2.40004 0.511371 8088 13.1684
2.41649 0.516179 8478 13.2922
2.43227 0.496056 8112 12.774
2.44806 0.506519 8108 13.0434
2.46464 0.503613 9510 12.9686
2.48167 0.471869 8472 12.1511
2.4972 0.486034 8832 12.5159
2.51377 0.47257 8898 12.1692
2.5304 0.465232 10008 11.9802
2.54769 0.459739 9392 11.8388
2.56498 0.448999 10206 11.5622
2.58178 0.447225 9528 11.5165
2.59871 0.425072 10236 10.9461
2.61602 0.442637 10398 11.3984
2.63365 0.436516 10784 11.2407
2.6509 0.418371 10584 10.7735
2.66899 0.415059 11346 10.6882
2.68677 0.417334 11400 10.7468
2.70438 0.40855 11016 10.5206
2.72238 0.401185 11870 10.3309
2.74093 0.396113 12516 10.2003
2.75923 0.394846 11880 10.1677
2.77729 0.383188 11886 9.8675
2.79526 0.382064 13104 9.83856
2.81432 0.379945 12764 9.784
2.833 0.374318 13446 9.63908
2.85202 0.372248 13464 9.58578
2.87073 0.36913 13398 9.50549
2.89013 0.357029 14628 9.19389
2.90936 0.356716 14024 9.18581
2.92925 0.354838 15054 9.13747
2.94838 0.350011 14496 9.01317
2.96782 0.334361 15012 8.61016
2.98749 0.33942 15422 8.74042
3.00704 0.327918 15624 8.44423
3.02719 0.332362 16146 8.55868
3.04759 0.331751 17064 8.54296
3.06788 0.320505 16152 8.25334
3.08831 0.316483 17510 8.14977
3.10884 0.305191 17172 7.859
3.12935 0.304887 17880 7.85116
3.15034 0.304509 18030 7.84144
3.17113 0.294186 18680 7.57561
3.19265 0.301752 19170 7.77044
3.21364 0.292719 18720 7.53782
3.23467 0.284934 19536 7.33736
3.25676 0.288714 20954 7.43469
3.27858 0.281478 20328 7.24836
3.3005 0.286852 20718 7.38674
3.32227 0.276957 21348 7.13193
3.34438 0.269994 21534 6.95263
3.36657 0.267427 22256 6.88652
3.38869 0.260247 22104 6.70164
3.41124 0.260132 23178 6.69867
3.43406 0.262618 23880 6.76269
3.45721 0.25453 24230 6.55443
3.48034 0.253671 24468 6.5323
3.50366 0.248282 25230 6.39353
3.5269 0.247011 25328 6.36081
3.5504 0.246146 25818 6.33852
3.57388 0.240252 26616 6.18675
3.59743 0.238873 26376 6.15123
3.62141 0.232656 28034 5.99113
3.64536 0.229092 27816 5.89936
3.66958 0.227018 28398 5.84596
3.69387 0.223964 29652 5.76732
3.71882 0.222189 30134 5.7216
3.74375 0.21993 30792 5.66344
3.76897 0.216202 31218 5.56743
3.79359 0.215311 30912 5.54448
3.81905 0.21106 33158 5.43503
3.84456 0.207533 32772 5.34419
3.86994 0.206823 33150 5.32591
3.89542 0.206567 34256 5.31932
3.92167 0.200856 35562 5.17225
3.9475 0.200002 34992 5.15028
3.97388 0.197439 37158 5.08428
4.00046 0.193189 36956 4.97483
4.0271 0.190967 37950 4.9176
4.05369 0.189083 38496 4.8691
4.08104 0.188943 40274 4.86549
4.10806 0.185735 39264 4.78287
4.13528 0.181241 41466 4.66716
4.16281 0.182794 41960 4.70715
4.19067 0.176845 42702 4.55396
4.2184 0.176639 43356 4.54864
4.24659 0.171915 44886 4.42699
4.27484 0.172157 45248 4.43322
4.30338 0.169206 46362 4.35725
4.33198 0.167193 46974 4.30539
4.36071 0.164631 48236 4.23943
4.3897 0.162867 48774 4.19401
4.4189 0.161361 50616 4.15521
4.44852 0.159315 51050 4.10254
4.4781 0.158411 52272 4.07925
4.50814 0.156924 53658 4.04097
4.53768 0.156112 52640 4.02006
4.56805 0.151967 57366 3.91332
4.59871 0.150075 55170 3.86459
4.62914 0.147994 58544 3.811
4.66021 0.147405 58506 3.79583
4.69082 0.145795 58968 3.75437
4.72214 0.142512 62366 3.66983
4.75359 0.142086 61266 3.65886
4.785 0.139129 63960 3.58272
4.81697 0.137721 64730 3.54647
4.84894 0.136559 66360 3.51654
4.88139 0.134658 67778 3.46758
4.91407 0.133325 69558 3.43326
4.94671 0.131566 69660 3.38797
4.97947 0.131432 71390 3.38452
5.01272 0.128578 73974 3.31101
5.04614 0.127141 74196 3.27403
5.07982 0.125029 76622 3.21962
5.11321 0.123912 75516 3.19088
5.14731 0.122823 81510 3.16282
5.18198 0.120191 80138 3.09506
5.21624 0.119888 82368 3.08725
5.25098 0.119167 84098 3.06869
5.28607 0.117268 86286 3.01978
5.32112 0.115652 86700 2.97816
5.35657 0.114664 90014 2.95273
5.39237 0.113525 90930 2.9234
5.42797 0.1127 91694 2.90213
5.46416 0.109658 96228 2.82382
5.5009 0.109235 97014 2.81291
5.53734 0.108712 97370 2.79945
5.57394 0.106061 100656 2.73119
5.61112 0.106036 102530 2.73054
5.64841 0.104858 104454 2.7002
5.68598 0.102696 107196 2.64454
5.72422 0.101764 110414 2.62053
5.76233 0.100116 109578 2.5781
5.80067 0.0996076 114974 2.565
5.83932 0.0981612 114396 2.52776
5.87805 0.0966738 118190 2.48945
5.91726 0.0966876 120498 2.48981
5.95666 0.0948353 122718 2.44211
5.99617 0.0937433 124604 2.41399
6.03605 0.0925871 127950 2.38422
6.07637 0.0914756 130826 2.3556
6.11683 0.0904602 132510 2.32945
6.15724 0.0896923 134180 2.30967
6.19831 0.0889486 140214 2.29052
6.23974 0.0875942 140018 2.25564
6.28136 0.0866883 145650 2.23232
6.32317 0.085959 145350 2.21354
6.3651 0.0845432 150188 2.17708
6.40747 0.0840537 152214 2.16447
6.45023 0.0830365 157226 2.13828
6.49325 0.0819279 158118 2.10973
6.53637 0.0804171 162338 2.07083
6.57987 0.080078 165378 2.06209
6.62371 0.0790507 169256 2.03564
6.66769 0.0778288 170682 2.00418
6.71213 0.0773006 177566 1.99057
6.75715 0.0770813 179610 1.98493
6.80213 0.0760981 182690 1.95961
6.8473 0.0751018 185694 1.93395
6.8928 0.074278 190346 1.91274
6.93857 0.0731174 192852 1.88285
6.98472 0.0725792 198806 1.86899
7.03127 0.0716554 201378 1.8452
7.07818 0.0708276 207446 1.82389
7.12517 0.0698911 207258 1.79977
7.17243 0.0691206 215762 1.77993
7.22044 0.0683351 219702 1.7597
7.26849 0.0676227 221522 1.74136
7.31672 0.0669858 227754 1.72496
7.3654 0.0663694 231710 1.70908
7.41433 0.0653586 235994 1.68305
7.4637 0.0651052 242346 1.67653
7.51349 0.0641226 246704 1.65123
7.56347 0.063525 250410 1.63584
7.61393 0.0628816 258410 1.61927
7.66479 0.0621563 261414 1.60059
7.71574 0.0611785 265874 1.57541
7.76711 0.0608208 273450 1.5662
7.81889 0.060028 276974 1.54579
7.87101 0.0593677 284402 1.52878
7.92338 0.0590516 287754 1.52064
7.97606 0.0579816 295010 1.49309
8.0293 0.0575952 302142 1.48314
8.08275 0.0568974 304946 1.46517
8.13628 0.0564063 311642 1.45252
8.19037 0.055872 319326 1.43876
8.24475 0.0551139 323618 1.41924
8.29961 0.0546368 333744 1.40696
8.35495 0.0540394 337970 1.39157
8.41075 0.0533698 348758 1.37433
8.46683 0.0526604 350346 1.35606
8.52295 0.052259 358778 1.34573
8.57991 0.0517497 370578 1.33261
8.63732 0.0514497 374258 1.32488
8.69471 0.0508282 380558 1.30888
8.75245 0.0502215 388434 1.29326
8.81071 0.0497281 398522 1.28055
8.8694 0.0491976 404042 1.26689
8.92825 0.0486623 412164 1.25311
8.98764 0.0483223 422258 1.24435
9.04755 0.0477482 430754 1.22957
9.10782 0.0472967 438906 1.21794
9.16841 0.0467065 446738 1.20274
9.22955 0.0461393 459098 1.18814
9.29099 0.0457974 463380 1.17933
9.35274 0.0452636 476138 1.16559
9.41504 0.044682 484322 1.15061
9.47775 0.0443234 495738 1.14137
9.54092 0.0439438 504266 1.1316
9.60451 0.0433451 515696 1.11618
9.66826 0.0428427 520974 1.10325
9.73246 0.0426198 536882 1.09751
9.79738 0.0422364 546818 1.08763
9.86258 0.0416819 556178 1.07335
9.92813 0.0411909 567672 1.06071
9.99431 0.0406727 582314 1.04737
10.0611 0.0404743 593138 1.04226
10.128 0.0399794 600920 1.02951
10.1952 0.0394997 614274 1.01716
10.2631 0.0392791 630050 1.01148
10.3315 0.0388052 638678 0.999275
10.4002 0.0383652 653984 0.987945
10.4696 0.0380857 669618 0.980748
10.5393 0.0376427 676922 0.969341
10.6093 0.0373253 692552 0.961167
10.6799 0.0369441 709178 0.951349
10.7511 0.0365066 721416 0.940083
10.8226 0.0363052 735698 0.934897
10.8947 0.0358994 752546 0.924449
10.9672 0.035534 763760 0.91504
11.0401 0.0350352 782498 0.902193
11.1137 0.0347982 797178 0.89609
11.1877 0.0345343 814976 0.889296
11.2623 0.0341409 831266 0.879165
11.3374 0.0338543 845696 0.871785
11.4126 0.033481 860234 0.862172
11.4886 0.0331628 883928 0.853978
11.5652 0.032894 898338 0.847055
11.6423 0.0325549 917576 0.838323
11.7197 0.0323256 933194 0.832418
11.7976 0.032136 952736 0.827537
11.8762 0.0316883 974522 0.816009
11.9552 0.0313226 990032 0.80659
12.0348 0.0311607 1013438 0.802423
12.1149 0.0308768 1031168 0.79511
12.1955 0.0305934 1055610 0.787813
12.2768 0.030288 1074440 0.779949
12.3584 0.0299906 1095146 0.772289
12.4407 0.0297569 1119584 0.766273
12.5236 0.0294344 1141922 0.757968
12.6069 0.029258 1160216 0.753426
12.6907 0.0290173 1185992 0.747227
12.7753 0.0287269 1215422 0.739749
12.8604 0.0285345 1235072 0.734795
12.946 0.0282426 1259024 0.727277
13.0322 0.0280008 1286210 0.721052
13.1189 0.0277195 1310960 0.713807
13.2063 0.0275758 1338056 0.710107
13.2942 0.0273762 1364966 0.704967
13.3827 0.0271961 1391768 0.700328
13.4718 0.0269591 1420448 0.694227
13.5615 0.0267172 1448858 0.687996
13.6518 0.0265191 1477952 0.682894
13.7426 0.0263357 1506308 0.678173
13.8341 0.0261537 1538144 0.673487
13.9261 0.0258865 1567562 0.666606
14.0187 0.025794 1596704 0.664224
14.112 0.0256901 1635572 0.661547
14.2061 0.0254836 1666520 0.656229
14.3007 0.0252351 1699304 0.64983
14.396 0.0251117 1734278 0.646652
14.4918 0.0249993 1764392 0.643759
14.5882 0.0248476 1804904 0.639852
14.6854 0.024683 1841024 0.635613
14.7831 0.0244938 1873820 0.630742
14.8815 0.0244378 1913600 0.629299
14.9805 0.0242747 1952864 0.625101
15.0803 0.0241419 1994966 0.62168
15.1808 0.0240145 2032160 0.6184
15.2818 0.0238982 2070124 0.615404
15.3835 0.0238269 2117456 0.613567
15.486 0.0237025 2156600 0.610364
15.5891 0.0235901 2200316 0.60747
15.6929 0.0235599 2247272 0.606694
15.7974 0.0234713 2287460 0.60441
15.9025 0.0233602 2335424 0.601551
16.0083 0.0233422 2383216 0.601087
16.1149 0.0232722 2430548 0.599284
16.2221 0.0231773 2474288 0.596841
16.3301 0.0231412 2533724 0.595911
16.4388 0.0230804 2578544 0.594346
16.5483 0.0230861 2634154 0.594493
16.6585 0.0230472 2685200 0.59349
16.7694 0.0230365 2740268 0.593214
16.881 0.0229745 2791568 0.591619
16.9934 0.0229181 2854940 0.590165
17.1066 0.0229087 2904208 0.589924
17.2204 0.0229118 2965964 0.590003
17.335 0.0229099 3022550 0.589954
17.4504 0.0229584 3089068 0.591203
17.5666 0.0229831 3148604 0.591839
17.6835 0.022965 3210680 0.591373
17.8012 0.022993 3275210 0.592094
17.9197 0.0230079 3346312 0.592477
18.0391 0.0229947 3408932 0.592139
18.1591 0.0230516 3475196 0.593603
18.28 0.0230906 3550342 0.594607
18.4017 0.0231164 3618788 0.595273
18.5242 0.0231351 3690872 0.595753
18.6475 0.0231826 3765538 0.596977
18.7716 0.0232228 3838964 0.598011
18.8965 0.0232801 3920362 0.599487
19.0224 0.023328 4000832 0.600721
19.149 0.0233257 4077428 0.600661
19.2765 0.0234052 4160626 0.60271
19.4048 0.0234069 4243208 0.602752
19.5341 0.0234966 4335538 0.605063
19.6642 0.023506 4413500 0.605304
19.795 0.0235807 4505450 0.607229
19.9268 0.0235923 4596040 0.607528
20.0594 0.0236931 4684418 0.610123
20.1929 0.0237102 4784836 0.610562
20.3274 0.0238209 4877354 0.613414
20.4627 0.0238343 4975786 0.613758
20.5989 0.0238933 5078756 0.615278
20.736 0.0239546 5177662 0.616856
20.874 0.0239442 5280932 0.61659
21.013 0.0240642 5391274 0.619679
21.153 0.0241226 5500906 0.621183
21.2938 0.0241281 5604530 0.621324
21.4354 0.0242607 5715700 0.624738
21.5782 0.0242903 5842058 0.625501
21.7219 0.0243445 5955226 0.626896
21.8664 0.0243812 6063770 0.627842
22.012 0.0244938 6202156 0.630741
22.1586 0.0245209 6320530 0.631441
22.3061 0.0245854 6442874 0.6331
22.4546 0.0246513 6578986 0.634797
22.6041 0.0247381 6707818 0.637033
22.7545 0.0248511 6838082 0.639944
22.906 0.02492 6987316 0.641717
23.0585 0.0250229 7117018 0.644366
23.2119 0.0250948 7259306 0.646218
23.3665 0.0252168 7415650 0.649359
23.5221 0.0253357 7558810 0.652422
23.6787 0.0254185 7716338 0.654555
23.8363 0.025538 7860058 0.65763
23.9949 0.0256754 8022286 0.66117
24.1547 0.0257872 8191498 0.664049
24.3155 0.025934 8341402 0.667829
24.4773 0.0261322 8524784 0.672931
24.6403 0.0263339 8686018 0.678125
24.8043 0.0264937 8865142 0.682241
24.9694 0.0266819 9040714 0.687089
25.1357 0.0268723 9225754 0.69199
25.303 0.0270725 9409058 0.697147
25.4715 0.0273094 9599212 0.703246
25.641 0.0276011 9792874 0.710757
25.8118 0.0278621 9989362 0.71748
25.9836 0.0281446 10185502 0.724753
26.1565 0.0284589 10394392 0.732848
26.3307 0.0287999 10607554 0.741628
26.506 0.0291334 10813990 0.750216
26.6824 0.0295064 11029240 0.75982
26.8598 0.0293843 11191111 0.756678
27.0386 0.0283698 11185948 0.730553
27.2186 0.0275177 11191384 0.70861
27.3998 0.0268516 11166280 0.691457
27.5821 0.0263128 11162812 0.677584
27.7658 0.0259414 11148064 0.668018
27.9506 0.0256381 11122480 0.66021
28.1366 0.0254362 11104984 0.655011
28.3239 0.0253218 11085376 0.652064
28.5125 0.0252422 11049712 0.650013
28.7023 0.0252053 11013328 0.649065
28.8933 0.0252449 10970140 0.650082
29.0857 0.0253251 10943872 0.652149
29.2794 0.0254141 10885456 0.654439
29.4742 0.025538 10833720 0.657631
29.6704 0.0257266 10777816 0.662488
29.8679 0.0258927 10724320 0.666765
30.0668 0.0261226 10657576 0.672685
30.2669 0.0263621 10579924 0.678853
30.4684 0.026633 10508784 0.685827
30.6712 0.0269069 10422700 0.692882
30.8754 0.0271937 10345720 0.700268
31.081 0.0275082 10248148 0.708366
31.2878 0.0277999 10144776 0.715877
31.4961 0.0281288 10050904 0.724346
31.7058 0.0284547 9924772 0.732739
31.9167 0.0288295 9816636 0.74239
32.1292 0.029223 9692764 0.752523
32.3431 0.0295825 9567688 0.761782
32.5585 0.0299643 9424104 0.771612
32.7752 0.0303826 9278716 0.782384
32.9933 0.0307663 9127788 0.792266
33.2129 0.0312398 8968792 0.804457
33.434 0.0316793 8801068 0.815776
33.6565 0.0321459 8626764 0.82779
33.8806 0.032628 8444740 0.840205
34.1061 0.0330945 8248812 0.85222
34.3331 0.0336053 8050900 0.865372
34.5617 0.0341175 7840044 0.878563
34.7917 0.0346688 7621816 0.892758
35.0232 0.0352603 7391184 0.907991
35.2564 0.0358258 7158996 0.922553
35.491 0.0363803 6904924 0.936831
35.7272 0.0369996 6649248 0.952779
35.965 0.0376204 6384676 0.968765
36.2044 0.0382612 6098844 0.985267
36.4453 0.0388095 5811012 0.999386
36.6878 0.0393972 5508112 1.01452
36.9319 0.0398785 5195916 1.02691
37.1776 0.0403345 4872228 1.03866
37.425 0.040511 4531392 1.0432
37.6739 0.0405378 4181068 1.04389
37.9246 0.0402374 3827115 1.03616
38.1772 0.04025 3511752 1.03648
38.4314 0.0406895 3240696 1.0478
38.6872 0.0412198 2990682 1.06145
38.9448 0.0419306 2763190 1.07976
39.2041 0.0427984 2544444 1.10211
39.465 0.0436901 2340936 1.12507
39.7277 0.0447034 2149530 1.15116
39.9921 0.0457772 1967724 1.17881
40.2582 0.0470645 1794918 1.21196
40.5261 0.0483899 1632468 1.24609
40.7957 0.049723 1477728 1.28042
41.0671 0.0511676 1333008 1.31762
41.3404 0.0528242 1194306 1.36028
41.6155 0.054689 1064754 1.4083
41.8925 0.0566121 941964 1.45782
42.1712 0.0585741 826020 1.50835
42.4515 0.0606555 718284 1.56194
42.7339 0.0631388 619944 1.62589
43.0181 0.0662148 524820 1.7051
43.3041 0.0690501 441182 1.77811
43.5916 0.0723638 360702 1.86345
43.8811 0.0757968 292782 1.95185
44.1732 0.0799488 228006 2.05877
44.4652 0.0840026 171158 2.16316
44.7587 0.0897382 124494 2.31085
45.0552 0.0948652 84168 2.44288
45.3521 0.101731 51006 2.61968
45.6466 0.107189 26360 2.76024
45.9351 0.119952 9960 3.0889
46.1972 0.127705 1561 3.28855
