# in Mpc/h Units 
# D1 = 1 
# k P N P(z=0)
0.0523599 1.08252e-09 12 1.08252e-09
0.074048 8.15863e-10 24 8.15863e-10
0.09069 1.25332e-09 16 1.25332e-09
0.10472 1.02774e-09 12 1.02774e-09
0.11708 1.19895e-09 48 1.19895e-09
0.128255 2.33414e-09 48 2.33414e-09
0.148096 2.93834e-09 24 2.93834e-09
0.15708 4.10732e-09 60 4.10732e-09
0.165576 2.93396e-09 48 2.93396e-09
0.173658 6.05525e-09 48 6.05525e-09
0.18138 1.34165e-09 16 1.34165e-09
0.188786 5.41434e-09 48 5.41434e-09
0.195913 4.78629e-09 96 4.78629e-09
0.20944 9.67014e-09 12 9.67014e-09
0.215885 6.41913e-09 96 6.41913e-09
0.222144 5.8855e-09 72 5.8855e-09
0.228231 6.91395e-09 48 6.91395e-09
0.23416 5.25825e-09 48 5.25825e-09
0.239943 7.40913e-09 96 7.40913e-09
0.24559 8.98836e-09 48 8.98836e-09
0.25651 9.86767e-09 48 9.86767e-09
0.261799 1.37166e-08 60 1.37166e-08
0.266984 9.35189e-09 144 9.35189e-09
0.27207 1.14499e-08 64 1.14499e-08
0.281967 1.08282e-08 144 1.08282e-08
0.286787 9.77672e-09 96 9.77672e-09
0.296192 1.00611e-08 24 1.00611e-08
0.300785 1.66512e-08 96 1.66512e-08
0.305308 1.03722e-08 96 1.03722e-08
0.309765 1.58261e-08 96 1.58261e-08
0.314159 1.90384e-08 60 1.90384e-08
0.318493 1.29432e-08 48 1.29432e-08
0.322768 1.33331e-08 144 1.33331e-08
0.331153 1.46199e-08 48 1.46199e-08
0.335267 2.08531e-08 192 2.08531e-08
0.339331 1.44723e-08 96 1.44723e-08
0.343347 2.36356e-08 48 2.36356e-08
0.347316 2.85288e-08 48 2.85288e-08
0.351241 1.40688e-08 144 1.40688e-08
0.355122 1.50155e-08 96 1.50155e-08
0.36276 1.43542e-08 16 1.43542e-08
0.366519 3.1805e-08 108 3.1805e-08
0.37024 1.94536e-08 168 1.94536e-08
0.373924 2.2774e-08 96 2.2774e-08
0.377572 1.46649e-08 48 1.46649e-08
0.381186 1.66606e-08 144 1.66606e-08
0.384765 2.23359e-08 192 2.23359e-08
0.391825 2.26155e-08 96 2.26155e-08
0.395308 1.4433e-08 96 1.4433e-08
0.398761 1.16764e-08 48 1.16764e-08
0.402184 2.0804e-08 144 2.0804e-08
0.408944 3.45519e-08 144 3.45519e-08
0.412282 2.28874e-08 192 2.28874e-08
0.418879 1.11823e-08 12 1.11823e-08
0.422139 2.0615e-08 192 2.0615e-08
0.425374 2.8167e-08 192 2.8167e-08
0.428584 2.96904e-08 48 2.96904e-08
0.431771 2.8258e-08 96 2.8258e-08
0.434934 2.72038e-08 192 2.72038e-08
0.438074 2.32376e-08 96 2.32376e-08
0.444288 2.1979e-08 72 2.1979e-08
0.447363 3.87434e-08 96 3.87434e-08
0.450417 3.72073e-08 240 3.72073e-08
0.45345 2.26202e-08 112 2.26202e-08
0.456463 2.17601e-08 48 2.17601e-08
0.459456 2.49508e-08 192 2.49508e-08
0.46243 3.00699e-08 96 3.00699e-08
0.468321 2.75368e-08 48 2.75368e-08
0.471239 3.32183e-08 204 3.32183e-08
0.475868 2.72059e-08 240 2.72059e-08
0.479886 2.61359e-08 96 2.61359e-08
0.482734 3.35876e-08 96 3.35876e-08
0.485566 4.10438e-08 240 4.10438e-08
0.491179 1.99583e-08 48 1.99583e-08
0.493962 2.94531e-08 288 2.94531e-08
0.497516 3.14192e-08 336 3.14192e-08
0.50494 3.46781e-08 96 3.46781e-08
0.507648 3.5801e-08 192 3.5801e-08
0.51302 4.1214e-08 48 4.1214e-08
0.515685 4.59913e-08 96 4.59913e-08
0.518336 3.26534e-08 216 3.26534e-08
0.520974 4.00751e-08 144 4.00751e-08
0.525815 4.87038e-08 396 4.87038e-08
0.528809 4.40566e-08 96 4.40566e-08
0.533968 3.99977e-08 144 3.99977e-08
0.536529 4.19508e-08 192 4.19508e-08
0.539078 4.43487e-08 144 4.43487e-08
0.542392 4.16539e-08 208 4.16539e-08
0.546653 5.80803e-08 144 5.80803e-08
0.549155 3.42366e-08 288 3.42366e-08
0.557822 5.04685e-08 384 5.04685e-08
0.561497 6.64575e-08 96 6.64575e-08
0.565449 5.00184e-08 384 5.00184e-08
0.568774 5.44006e-08 144 5.44006e-08
0.573574 5.75666e-08 96 5.75666e-08
0.575959 4.89059e-08 156 4.89059e-08
0.57901 4.31262e-08 336 4.31262e-08
0.585401 4.38355e-08 288 4.38355e-08
0.587738 5.50493e-08 288 5.50493e-08
0.592384 2.50909e-08 24 2.50909e-08
0.595269 4.47986e-08 384 4.47986e-08
0.599938 5.62039e-08 336 5.62039e-08
0.603844 4.01336e-08 96 4.01336e-08
0.606109 5.61484e-08 336 5.61484e-08
0.61211 5.8786e-08 288 5.8786e-08
0.616043 5.88313e-08 336 5.88313e-08
0.621003 5.74967e-08 288 5.74967e-08
0.62394 4.96937e-08 96 4.96937e-08
0.628319 8.76398e-08 60 8.76398e-08
0.631943 5.4841e-08 576 5.4841e-08
0.635476 4.91811e-08 160 4.91811e-08
0.640026 6.39018e-08 576 6.39018e-08
0.645536 5.86192e-08 144 5.86192e-08
0.648501 6.34524e-08 480 6.34524e-08
0.651875 6.24196e-08 192 6.24196e-08
0.657259 5.61819e-08 336 5.61819e-08
0.664143 6.16677e-08 432 6.16677e-08
0.666806 6.6775e-08 264 6.6775e-08
0.671554 6.50173e-08 384 6.50173e-08
0.67461 8.20471e-08 240 8.20471e-08
0.67991 6.09569e-08 252 6.09569e-08
0.683858 6.65665e-08 576 6.65665e-08
0.689604 7.11459e-08 624 7.11459e-08
0.694632 5.53623e-08 48 5.53623e-08
0.699101 7.79539e-08 528 7.79539e-08
0.703699 7.18167e-08 384 7.18167e-08
0.707341 6.5254e-08 384 6.5254e-08
0.712995 7.47179e-08 672 7.47179e-08
0.716011 6.11835e-08 96 6.11835e-08
0.72021 7.61024e-08 480 7.61024e-08
0.728882 7.82361e-08 592 7.82361e-08
0.73184 7.23385e-08 300 7.23385e-08
0.735837 7.45477e-08 480 7.45477e-08
0.741648 7.17153e-08 456 7.17153e-08
0.745808 8.02091e-08 432 8.02091e-08
0.750984 7.8143e-08 672 7.8143e-08
0.757319 8.20573e-08 720 8.20573e-08
0.761471 7.52518e-08 288 7.52518e-08
0.764935 9.09172e-08 336 9.09172e-08
0.771444 7.75711e-08 624 7.75711e-08
0.777209 8.04394e-08 576 8.04394e-08
0.781021 7.91227e-08 384 7.91227e-08
0.786997 9.61794e-08 732 9.61794e-08
0.793162 8.69654e-08 816 8.69654e-08
0.798994 8.7841e-08 336 8.7841e-08
0.801928 1.01563e-07 672 1.01563e-07
0.80675 8.90032e-08 480 8.90032e-08
0.81435 9.42608e-08 760 9.42608e-08
0.819874 1.10587e-07 768 1.10587e-07
0.825561 1.07145e-07 480 1.07145e-07
0.829315 9.3465e-08 720 9.3465e-08
0.834578 1.00199e-07 396 1.00199e-07
0.840616 1.01829e-07 768 1.01829e-07
0.845798 1.08365e-07 768 1.08365e-07
0.852892 1.02098e-07 864 1.02098e-07
0.858982 1.07816e-07 1056 1.07816e-07
0.865654 1.23658e-07 576 1.23658e-07
0.869604 1.0902e-07 576 1.0902e-07
0.875816 1.16523e-07 912 1.16523e-07
0.882071 1.16426e-07 720 1.16426e-07
0.886104 1.36356e-07 360 1.36356e-07
0.89194 1.25118e-07 972 1.25118e-07
0.897856 1.17597e-07 1008 1.17597e-07
0.904202 1.20134e-07 1024 1.20134e-07
0.909643 1.189e-07 528 1.189e-07
0.916102 1.24517e-07 1200 1.24517e-07
0.921642 1.51719e-07 576 1.51719e-07
0.928714 1.2667e-07 1344 1.2667e-07
0.936467 1.22374e-07 816 1.22374e-07
0.942098 1.35314e-07 924 1.35314e-07
0.947697 1.40365e-07 1200 1.40365e-07
0.95445 1.38842e-07 1008 1.38842e-07
0.96178 1.2442e-07 648 1.2442e-07
0.966657 1.29592e-07 1488 1.29592e-07
0.973282 1.36204e-07 912 1.36204e-07
0.979174 1.37068e-07 864 1.37068e-07
0.98607 1.45779e-07 1440 1.45779e-07
0.994526 1.5014e-07 1068 1.5014e-07
1.00005 1.538e-07 1072 1.538e-07
1.00695 1.56277e-07 1248 1.56277e-07
1.01254 1.45083e-07 1200 1.45083e-07
1.01915 1.65269e-07 1392 1.65269e-07
1.02716 1.60842e-07 912 1.60842e-07
1.03311 1.60824e-07 1464 1.60824e-07
1.04021 1.67516e-07 1200 1.67516e-07
1.04746 1.72411e-07 1404 1.72411e-07
1.05386 1.71776e-07 1344 1.71776e-07
1.06134 1.64796e-07 1536 1.64796e-07
1.06878 1.73124e-07 1536 1.73124e-07
1.07508 1.83622e-07 816 1.83622e-07
1.08188 1.88508e-07 2160 1.88508e-07
1.09086 1.72094e-07 1264 1.72094e-07
1.09724 1.56523e-07 1500 1.56523e-07
1.10427 1.84252e-07 1392 1.84252e-07
1.11146 1.88665e-07 1752 1.88665e-07
1.11946 1.82117e-07 1728 1.82117e-07
1.12585 2.03615e-07 1536 2.03615e-07
1.13353 1.90137e-07 1776 1.90137e-07
1.14144 1.95867e-07 1632 1.95867e-07
1.14947 1.9469e-07 1308 1.9469e-07
1.15655 2.02536e-07 2592 2.02536e-07
1.16466 1.99307e-07 1632 1.99307e-07
1.17201 2.00069e-07 1632 2.00069e-07
1.17979 2.02608e-07 2176 2.02608e-07
1.18868 1.99768e-07 2040 1.99768e-07
1.19695 2.21136e-07 2064 2.21136e-07
1.2048 2.1363e-07 1884 2.1363e-07
1.21235 2.31477e-07 2064 2.31477e-07
1.22125 2.2185e-07 2256 2.2185e-07
1.22758 2.37139e-07 1776 2.37139e-07
1.23587 2.19744e-07 2352 2.19744e-07
1.24422 2.24137e-07 1920 2.24137e-07
1.25132 2.49866e-07 2220 2.49866e-07
1.26083 2.48108e-07 2232 2.48108e-07
1.26841 2.40089e-07 2704 2.40089e-07
1.27694 2.50899e-07 2400 2.50899e-07
1.28569 2.4466e-07 2448 2.4466e-07
1.29494 2.6278e-07 2640 2.6278e-07
1.30323 2.69081e-07 2256 2.69081e-07
1.31205 2.66583e-07 3036 2.66583e-07
1.31993 2.75015e-07 2160 2.75015e-07
1.32925 2.6849e-07 3048 2.6849e-07
1.33806 2.98359e-07 2832 2.98359e-07
1.34776 2.77028e-07 3408 2.77028e-07
1.3575 2.96392e-07 2176 2.96392e-07
1.36503 2.79777e-07 2892 2.79777e-07
1.37457 2.9187e-07 3600 2.9187e-07
1.38423 2.94473e-07 3024 2.94473e-07
1.39292 3.02933e-07 2784 3.02933e-07
1.40119 3.17511e-07 2784 3.17511e-07
1.41152 3.06332e-07 3924 3.06332e-07
1.42148 3.27249e-07 3552 3.27249e-07
1.4311 3.19824e-07 3360 3.19824e-07
1.44075 3.30329e-07 3552 3.30329e-07
1.4503 3.34349e-07 3088 3.34349e-07
1.45906 3.40585e-07 3792 3.40585e-07
1.46881 3.49768e-07 3324 3.49768e-07
1.47857 3.48336e-07 3816 3.48336e-07
1.48825 3.35026e-07 4368 3.35026e-07
1.49906 3.54006e-07 3696 3.54006e-07
1.50823 3.75534e-07 3696 3.75534e-07
1.51928 3.75585e-07 4476 3.75585e-07
1.52892 3.63592e-07 4176 3.63592e-07
1.53945 3.65205e-07 4384 3.65205e-07
1.54826 4.09282e-07 3072 4.09282e-07
1.55799 3.73869e-07 4824 3.73869e-07
1.56909 4.08368e-07 4524 4.08368e-07
1.57956 3.8205e-07 4896 3.8205e-07
1.58993 4.05524e-07 4080 4.05524e-07
1.60098 4.162e-07 5952 4.162e-07
1.61239 4.2637e-07 4368 4.2637e-07
1.62326 4.10943e-07 5100 4.10943e-07
1.63365 4.20362e-07 4792 4.20362e-07
1.64411 4.33071e-07 5520 4.33071e-07
1.65507 4.3949e-07 4848 4.3949e-07
1.66671 4.46321e-07 5664 4.46321e-07
1.67729 4.69344e-07 5148 4.69344e-07
1.68865 4.65175e-07 6048 4.65175e-07
1.69926 4.48838e-07 4968 4.48838e-07
1.71073 4.68337e-07 6336 4.68337e-07
1.72232 4.82745e-07 5788 4.82745e-07
1.73367 4.95175e-07 5712 4.95175e-07
1.74507 4.81882e-07 6768 4.81882e-07
1.75738 5.0333e-07 6480 5.0333e-07
1.76843 5.18014e-07 5712 5.18014e-07
1.78079 5.26276e-07 6948 5.26276e-07
1.79234 5.36408e-07 6864 5.36408e-07
1.80467 5.49061e-07 7104 5.49061e-07
1.81741 5.35558e-07 7120 5.35558e-07
1.82908 5.42251e-07 6540 5.42251e-07
1.84056 5.74967e-07 7104 5.74967e-07
1.85297 5.54411e-07 7560 5.54411e-07
1.86529 5.8273e-07 7920 5.8273e-07
1.87828 5.9923e-07 7392 5.9923e-07
1.89033 5.98868e-07 7452 5.98868e-07
1.90289 6.26809e-07 8752 6.26809e-07
1.91524 6.21633e-07 7296 6.21633e-07
1.92801 6.17802e-07 8664 6.17802e-07
1.94114 6.06436e-07 8508 6.06436e-07
1.95358 6.36143e-07 8592 6.36143e-07
1.96683 6.69895e-07 8640 6.69895e-07
1.97893 6.50538e-07 8736 6.50538e-07
1.99314 6.78242e-07 9652 6.78242e-07
2.00669 6.88542e-07 10032 6.88542e-07
2.02001 6.98285e-07 9216 6.98285e-07
2.03371 7.06086e-07 9648 7.06086e-07
2.0469 6.87701e-07 9900 6.87701e-07
2.06043 7.28291e-07 10464 7.28291e-07
2.07427 7.40418e-07 9960 7.40418e-07
2.0873 7.60084e-07 9676 7.60084e-07
2.10142 7.61661e-07 12048 7.61661e-07
2.1162 7.76179e-07 11040 7.76179e-07
2.12987 7.93127e-07 10800 7.93127e-07
2.14398 7.6585e-07 11076 7.6585e-07
2.15842 8.2201e-07 12912 8.2201e-07
2.17295 8.10888e-07 11008 8.10888e-07
2.18708 8.36041e-07 12336 8.36041e-07
2.2017 8.50421e-07 11820 8.50421e-07
2.21574 8.70992e-07 12744 8.70992e-07
2.23088 8.64445e-07 13536 8.64445e-07
2.246 8.78277e-07 12588 8.78277e-07
2.26057 9.39843e-07 13312 9.39843e-07
2.27558 9.20295e-07 14448 9.20295e-07
2.29128 9.32991e-07 13416 9.32991e-07
2.30663 9.67001e-07 15132 9.67001e-07
2.32238 9.56798e-07 14832 9.56798e-07
2.33773 9.92761e-07 13968 9.92761e-07
2.35249 1.01069e-06 14620 1.01069e-06
2.36851 1.00832e-06 16296 1.00832e-06
2.38413 1.02666e-06 15264 1.02666e-06
2.40004 1.04722e-06 16176 1.04722e-06
2.41649 1.05675e-06 16956 1.05675e-06
2.43227 1.10241e-06 16224 1.10241e-06
2.44806 1.10383e-06 16216 1.10383e-06
2.46464 1.14104e-06 19020 1.14104e-06
2.48167 1.1532e-06 16944 1.1532e-06
2.4972 1.16119e-06 17664 1.16119e-06
2.51377 1.17284e-06 17796 1.17284e-06
2.5304 1.18311e-06 20016 1.18311e-06
2.54769 1.19253e-06 18784 1.19253e-06
2.56498 1.23666e-06 20412 1.23666e-06
2.58178 1.27323e-06 19056 1.27323e-06
2.59871 1.27267e-06 20472 1.27267e-06
2.61602 1.29917e-06 20796 1.29917e-06
2.63365 1.33267e-06 21568 1.33267e-06
2.6509 1.33692e-06 21168 1.33692e-06
2.66899 1.37476e-06 22692 1.37476e-06
2.68677 1.40423e-06 22800 1.40423e-06
2.70438 1.42943e-06 22032 1.42943e-06
2.72238 1.42224e-06 23740 1.42224e-06
2.74093 1.47453e-06 25032 1.47453e-06
2.75923 1.5156e-06 23760 1.5156e-06
2.77729 1.48675e-06 23772 1.48675e-06
2.79526 1.54728e-06 26208 1.54728e-06
2.81432 1.57885e-06 25528 1.57885e-06
2.833 1.61236e-06 26892 1.61236e-06
2.85202 1.65107e-06 26928 1.65107e-06
2.87073 1.61286e-06 26796 1.61286e-06
2.89013 1.69329e-06 29256 1.69329e-06
2.90936 1.71829e-06 28048 1.71829e-06
2.92925 1.73371e-06 30108 1.73371e-06
2.94838 1.83086e-06 28992 1.83086e-06
2.96782 1.78832e-06 30024 1.78832e-06
2.98749 1.86136e-06 30844 1.86136e-06
3.00704 1.89364e-06 31248 1.89364e-06
3.02719 1.89828e-06 32292 1.89828e-06
3.04759 1.94372e-06 34128 1.94372e-06
3.06788 1.98883e-06 32304 1.98883e-06
3.08831 2.04156e-06 35020 2.04156e-06
3.10884 2.08198e-06 34344 2.08198e-06
3.12935 2.04878e-06 35760 2.04878e-06
3.15034 2.14888e-06 36060 2.14888e-06
3.17113 2.17591e-06 37360 2.17591e-06
3.19265 2.22421e-06 38340 2.22421e-06
3.21364 2.25828e-06 37440 2.25828e-06
3.23467 2.29597e-06 39072 2.29597e-06
3.25676 2.33535e-06 41908 2.33535e-06
3.27858 2.38122e-06 40656 2.38122e-06
3.3005 2.45492e-06 41436 2.45492e-06
3.32227 2.52148e-06 42696 2.52148e-06
3.34438 2.55994e-06 43068 2.55994e-06
3.36657 2.57988e-06 44512 2.57988e-06
3.38869 2.6388e-06 44208 2.6388e-06
3.41124 2.67781e-06 46356 2.67781e-06
3.43406 2.72757e-06 47760 2.72757e-06
3.45721 2.81839e-06 48460 2.81839e-06
3.48034 2.79633e-06 48936 2.79633e-06
3.50366 2.84894e-06 50460 2.84894e-06
3.5269 2.93788e-06 50656 2.93788e-06
3.5504 2.9693e-06 51636 2.9693e-06
3.57388 3.10975e-06 53232 3.10975e-06
3.59743 3.12858e-06 52752 3.12858e-06
3.62141 3.19036e-06 56068 3.19036e-06
3.64536 3.20418e-06 55632 3.20418e-06
3.66958 3.37012e-06 56796 3.37012e-06
3.69387 3.32817e-06 59304 3.32817e-06
3.71882 3.44638e-06 60268 3.44638e-06
3.74375 3.47607e-06 61584 3.47607e-06
3.76897 3.54128e-06 62436 3.54128e-06
3.79359 3.59671e-06 61824 3.59671e-06
3.81905 3.7016e-06 66316 3.7016e-06
3.84456 3.74898e-06 65544 3.74898e-06
3.86994 3.8731e-06 66300 3.8731e-06
3.89542 3.9181e-06 68512 3.9181e-06
3.92167 4.00822e-06 71124 4.00822e-06
3.9475 4.1269e-06 69984 4.1269e-06
3.97388 4.18621e-06 74316 4.18621e-06
4.00046 4.24426e-06 73912 4.24426e-06
4.0271 4.37443e-06 75900 4.37443e-06
4.05369 4.46408e-06 76992 4.46408e-06
4.08104 4.53009e-06 80548 4.53009e-06
4.10806 4.5921e-06 78528 4.5921e-06
4.13528 4.66779e-06 82932 4.66779e-06
4.16281 4.79954e-06 83920 4.79954e-06
4.19067 4.89313e-06 85404 4.89313e-06
4.2184 5.03184e-06 86712 5.03184e-06
4.24659 5.06602e-06 89772 5.06602e-06
4.27484 5.25195e-06 90496 5.25195e-06
4.30338 5.42416e-06 92724 5.42416e-06
4.33198 5.42363e-06 93948 5.42363e-06
4.36071 5.66255e-06 96472 5.66255e-06
4.3897 5.69228e-06 97548 5.69228e-06
4.4189 5.81423e-06 101232 5.81423e-06
4.44852 5.93558e-06 102100 5.93558e-06
4.4781 6.04938e-06 104544 6.04938e-06
4.50814 6.17602e-06 107316 6.17602e-06
4.53768 6.32329e-06 105280 6.32329e-06
4.56805 6.47774e-06 114732 6.47774e-06
4.59871 6.56344e-06 110340 6.56344e-06
4.62914 6.72863e-06 117088 6.72863e-06
4.66021 6.91884e-06 117012 6.91884e-06
4.69082 6.99029e-06 117936 6.99029e-06
4.72214 7.22462e-06 124732 7.22462e-06
4.75359 7.3698e-06 122532 7.3698e-06
4.785 7.49073e-06 127920 7.49073e-06
4.81697 7.67636e-06 129460 7.67636e-06
4.84894 7.84711e-06 132720 7.84711e-06
4.88139 8.02094e-06 135556 8.02094e-06
4.91407 8.18391e-06 139116 8.18391e-06
4.94671 8.36554e-06 139320 8.36554e-06
4.97947 8.46375e-06 142780 8.46375e-06
5.01272 8.69945e-06 147948 8.69945e-06
5.04614 8.88357e-06 148392 8.88357e-06
5.07982 9.09702e-06 153244 9.09702e-06
5.11321 9.2754e-06 151032 9.2754e-06
5.14731 9.54495e-06 163020 9.54495e-06
5.18198 9.83361e-06 160276 9.83361e-06
5.21624 9.95535e-06 164736 9.95535e-06
5.25098 1.03387e-05 168196 1.03387e-05
5.28607 1.0512e-05 172572 1.0512e-05
5.32112 1.08056e-05 173400 1.08056e-05
5.35657 1.09859e-05 180028 1.09859e-05
5.39237 1.11833e-05 181860 1.11833e-05
5.42797 1.14494e-05 183388 1.14494e-05
5.46416 1.17648e-05 192456 1.17648e-05
5.5009 1.19597e-05 194028 1.19597e-05
5.53734 1.22562e-05 194740 1.22562e-05
5.57394 1.24817e-05 201312 1.24817e-05
5.61112 1.28788e-05 205060 1.28788e-05
5.64841 1.30411e-05 208908 1.30411e-05
5.68598 1.34534e-05 214392 1.34534e-05
5.72422 1.37683e-05 220828 1.37683e-05
5.76233 1.40942e-05 219156 1.40942e-05
5.80067 1.44986e-05 229948 1.44986e-05
5.83932 1.47002e-05 228792 1.47002e-05
5.87805 1.50413e-05 236380 1.50413e-05
5.91726 1.53738e-05 240996 1.53738e-05
5.95666 1.55646e-05 245436 1.55646e-05
5.99617 1.60469e-05 249208 1.60469e-05
6.03605 1.64957e-05 255900 1.64957e-05
6.07637 1.68805e-05 261652 1.68805e-05
6.11683 1.73144e-05 265020 1.73144e-05
6.15724 1.76434e-05 268360 1.76434e-05
6.19831 1.81592e-05 280428 1.81592e-05
6.23974 1.84562e-05 280036 1.84562e-05
6.28136 1.88889e-05 291300 1.88889e-05
6.32317 1.94247e-05 290700 1.94247e-05
6.3651 1.99149e-05 300376 1.99149e-05
6.40747 2.04097e-05 304428 2.04097e-05
6.45023 2.0981e-05 314452 2.0981e-05
6.49325 2.14395e-05 316236 2.14395e-05
6.53637 2.1921e-05 324676 2.1921e-05
6.57987 2.25153e-05 330756 2.25153e-05
6.62371 2.29031e-05 338512 2.29031e-05
6.66769 2.36673e-05 341364 2.36673e-05
6.71213 2.40094e-05 355132 2.40094e-05
6.75715 2.46484e-05 359220 2.46484e-05
6.80213 2.52108e-05 365380 2.52108e-05
6.8473 2.58452e-05 371388 2.58452e-05
6.8928 2.64925e-05 380692 2.64925e-05
6.93857 2.7387e-05 385704 2.7387e-05
6.98472 2.77498e-05 397612 2.77498e-05
7.03127 2.85301e-05 402756 2.85301e-05
7.07818 2.92945e-05 414892 2.92945e-05
7.12517 2.98851e-05 414516 2.98851e-05
7.17243 3.07669e-05 431524 3.07669e-05
7.22044 3.14659e-05 439404 3.14659e-05
7.26849 3.21227e-05 443044 3.21227e-05
7.31672 3.30217e-05 455508 3.30217e-05
7.3654 3.36849e-05 463420 3.36849e-05
7.41433 3.4712e-05 471988 3.4712e-05
7.4637 3.54031e-05 484692 3.54031e-05
7.51349 3.63747e-05 493408 3.63747e-05
7.56347 3.73131e-05 500820 3.73131e-05
7.61393 3.80362e-05 516820 3.80362e-05
7.66479 3.92891e-05 522828 3.92891e-05
7.71574 4.02463e-05 531748 4.02463e-05
7.76711 4.10551e-05 546900 4.10551e-05
7.81889 4.20148e-05 553948 4.20148e-05
7.87101 4.31248e-05 568804 4.31248e-05
7.92338 4.43079e-05 575508 4.43079e-05
7.97606 4.53411e-05 590020 4.53411e-05
8.0293 4.67633e-05 604284 4.67633e-05
8.08275 4.77141e-05 609892 4.77141e-05
8.13628 4.87953e-05 623284 4.87953e-05
8.19037 4.9891e-05 638652 4.9891e-05
8.24475 5.1334e-05 647236 5.1334e-05
8.29961 5.25746e-05 667488 5.25746e-05
8.35495 5.36548e-05 675940 5.36548e-05
8.41075 5.5606e-05 697516 5.5606e-05
8.46683 5.65507e-05 700692 5.65507e-05
8.52295 5.81317e-05 717556 5.81317e-05
8.57991 5.99541e-05 741156 5.99541e-05
8.63732 6.11777e-05 748516 6.11777e-05
8.69471 6.2653e-05 761116 6.2653e-05
8.75245 6.45558e-05 776868 6.45558e-05
8.81071 6.59761e-05 797044 6.59761e-05
8.8694 6.80551e-05 808084 6.80551e-05
8.92825 6.97921e-05 824328 6.97921e-05
8.98764 7.15e-05 844516 7.15e-05
9.04755 7.32185e-05 861508 7.32185e-05
9.10782 7.48752e-05 877812 7.48752e-05
9.16841 7.72295e-05 893476 7.72295e-05
9.22955 7.91446e-05 918196 7.91446e-05
9.29099 8.11045e-05 926760 8.11045e-05
9.35274 8.35718e-05 952276 8.35718e-05
9.41504 8.54182e-05 968644 8.54182e-05
9.47775 8.8183e-05 991476 8.8183e-05
9.54092 9.03061e-05 1008532 9.03061e-05
9.60451 9.25783e-05 1031392 9.25783e-05
9.66826 9.512e-05 1041948 9.512e-05
9.73246 9.76744e-05 1073764 9.76744e-05
9.79738 0.000100236 1093636 0.000100236
9.86258 0.000102952 1112356 0.000102952
9.92813 0.000105956 1135344 0.000105956
9.99431 0.000108573 1164628 0.000108573
10.0611 0.000111671 1186276 0.000111671
10.128 0.00011484 1201840 0.00011484
10.1952 0.000118339 1228548 0.000118339
10.2631 0.000121312 1260100 0.000121312
10.3315 0.000124461 1277356 0.000124461
10.4002 0.00012863 1307968 0.00012863
10.4696 0.000131788 1339236 0.000131788
10.5393 0.000135936 1353844 0.000135936
10.6093 0.000139783 1385104 0.000139783
10.6799 0.00014346 1418356 0.00014346
10.7511 0.000147652 1442832 0.000147652
10.8226 0.000152027 1471396 0.000152027
10.8947 0.000155952 1505092 0.000155952
10.9672 0.000161055 1527520 0.000161055
11.0401 0.000165416 1564996 0.000165416
11.1137 0.000170786 1594356 0.000170786
11.1877 0.000175459 1629952 0.000175459
11.2623 0.000180544 1662532 0.000180544
11.3374 0.000186511 1691392 0.000186511
11.4126 0.00019174 1720468 0.00019174
11.4886 0.000197683 1767856 0.000197683
11.5652 0.000203996 1796676 0.000203996
11.6423 0.000209891 1835152 0.000209891
11.7197 0.000216828 1866388 0.000216828
11.7976 0.000223503 1905472 0.000223503
11.8762 0.000230281 1949044 0.000230281
11.9552 0.00023709 1980064 0.00023709
12.0348 0.000245484 2026876 0.000245484
12.1149 0.000252879 2062336 0.000252879
12.1955 0.000261359 2111220 0.000261359
12.2768 0.000269637 2148880 0.000269637
12.3584 0.000277699 2190292 0.000277699
12.4407 0.000287059 2239168 0.000287059
12.5236 0.000296583 2283844 0.000296583
12.6069 0.000306601 2320432 0.000306601
12.6907 0.000316671 2371984 0.000316671
12.7753 0.000327976 2430844 0.000327976
12.8604 0.000338267 2470144 0.000338267
12.946 0.000350655 2518048 0.000350655
13.0322 0.000361572 2572420 0.000361572
13.1189 0.000374776 2621920 0.000374776
13.2063 0.000387422 2676112 0.000387422
13.2942 0.000400997 2729932 0.000400997
13.3827 0.000414938 2783536 0.000414938
13.4718 0.000430028 2840896 0.000430028
13.5615 0.000445374 2897716 0.000445374
13.6518 0.000461781 2955904 0.000461781
13.7426 0.000478447 3012616 0.000478447
13.8341 0.000495692 3076288 0.000495692
13.9261 0.00051379 3135124 0.00051379
14.0187 0.000532945 3193408 0.000532945
14.112 0.000552854 3271144 0.000552854
14.2061 0.00057323 3333040 0.00057323
14.3007 0.000594237 3398608 0.000594237
14.396 0.000617549 3468556 0.000617549
14.4918 0.000641893 3528784 0.000641893
14.5882 0.000663875 3609808 0.000663875
14.6854 0.000690348 3682048 0.000690348
14.7831 0.000718091 3747640 0.000718091
14.8815 0.000745064 3827200 0.000745064
14.9805 0.000773643 3905728 0.000773643
15.0803 0.000804217 3989932 0.000804217
15.1808 0.000836431 4064320 0.000836431
15.2818 0.000868629 4140248 0.000868629
15.3835 0.000901515 4234912 0.000901515
15.486 0.000937634 4313200 0.000937634
15.5891 0.000975513 4400632 0.000975513
15.6929 0.00101387 4494544 0.00101387
15.7974 0.0010547 4574920 0.0010547
15.9025 0.00109701 4670848 0.00109701
16.0083 0.00114044 4766432 0.00114044
16.1149 0.00118883 4861096 0.00118883
16.2221 0.00123266 4948576 0.00123266
16.3301 0.0012839 5067448 0.0012839
16.4388 0.00133229 5157088 0.00133229
16.5483 0.00138919 5268308 0.00138919
16.6585 0.00144299 5370400 0.00144299
16.7694 0.00150309 5480536 0.00150309
16.881 0.00156382 5583136 0.00156382
16.9934 0.00162474 5709880 0.00162474
17.1066 0.00168823 5808416 0.00168823
17.2204 0.00175756 5931928 0.00175756
17.335 0.00183115 6045100 0.00183115
17.4504 0.0019003 6178136 0.0019003
17.5666 0.0019751 6297208 0.0019751
17.6835 0.00205052 6421360 0.00205052
17.8012 0.00212948 6550420 0.00212948
17.9197 0.00221402 6692624 0.00221402
18.0391 0.00229734 6817864 0.00229734
18.1591 0.00238997 6950392 0.00238997
18.28 0.00248135 7100684 0.00248135
18.4017 0.00257399 7237576 0.00257399
18.5242 0.00267617 7381744 0.00267617
18.6475 0.00277543 7531076 0.00277543
18.7716 0.00287518 7677928 0.00287518
18.8965 0.00298545 7840724 0.00298545
19.0224 0.00309209 8001664 0.00309209
19.149 0.00320454 8154856 0.00320454
19.2765 0.00332582 8321252 0.00332582
19.4048 0.00343697 8486416 0.00343697
19.5341 0.00356335 8671076 0.00356335
19.6642 0.00368751 8827000 0.00368751
19.795 0.00381097 9010900 0.00381097
19.9268 0.00394624 9192080 0.00394624
20.0594 0.00407435 9368836 0.00407435
20.1929 0.00421378 9569672 0.00421378
20.3274 0.00435565 9754708 0.00435565
20.4627 0.00448957 9951572 0.00448957
20.5989 0.00464124 10157512 0.00464124
20.736 0.00478312 10355324 0.00478312
20.874 0.00494197 10561864 0.00494197
21.013 0.00509253 10782548 0.00509253
21.153 0.00524638 11001812 0.00524638
21.2938 0.00540153 11209060 0.00540153
21.4354 0.00556947 11431400 0.00556947
21.5782 0.00571717 11684116 0.00571717
21.7219 0.00588163 11910452 0.00588163
21.8664 0.00604722 12127540 0.00604722
22.012 0.00621928 12404312 0.00621928
22.1586 0.00639041 12641060 0.00639041
22.3061 0.00655298 12885748 0.00655298
22.4546 0.00671927 13157972 0.00671927
22.6041 0.00689776 13415636 0.00689776
22.7545 0.0070682 13676164 0.0070682
22.906 0.00724904 13974632 0.00724904
23.0585 0.00742993 14234036 0.00742993
23.2119 0.00760195 14518612 0.00760195
23.3665 0.00778276 14831300 0.00778276
23.5221 0.00796152 15117620 0.00796152
23.6787 0.00813682 15432676 0.00813682
23.8363 0.0083164 15720116 0.0083164
23.9949 0.00850059 16044572 0.00850059
24.1547 0.0086826 16382996 0.0086826
24.3155 0.00886451 16682804 0.00886451
24.4773 0.00904753 17049568 0.00904753
24.6403 0.00923514 17372036 0.00923514
24.8043 0.00942498 17730284 0.00942498
24.9694 0.00960506 18081428 0.00960506
25.1357 0.00979679 18451508 0.00979679
25.303 0.00998383 18818116 0.00998383
25.4715 0.0101593 19198424 0.0101593
25.641 0.0103671 19585748 0.0103671
25.8118 0.0105509 19978724 0.0105509
25.9836 0.0107433 20371004 0.0107433
26.1565 0.0109496 20788784 0.0109496
26.3307 0.0111452 21215108 0.0111452
26.506 0.0113476 21627980 0.0113476
26.6824 0.0115498 22058480 0.0115498
26.8598 0.0117021 22382222 0.0117021
27.0386 0.0116782 22371896 0.0116782
27.2186 0.011684 22382768 0.011684
27.3998 0.0116967 22332560 0.0116967
27.5821 0.0117051 22325624 0.0117051
27.7658 0.0117121 22296128 0.0117121
27.9506 0.0117442 22244960 0.0117442
28.1366 0.0117681 22209968 0.0117681
28.3239 0.0117925 22170752 0.0117925
28.5125 0.0118262 22099424 0.0118262
28.7023 0.0118464 22026656 0.0118464
28.8933 0.0118912 21940280 0.0118912
29.0857 0.0119329 21887744 0.0119329
29.2794 0.0119756 21770912 0.0119756
29.4742 0.0120161 21667440 0.0120161
29.6704 0.0120684 21555632 0.0120684
29.8679 0.0121124 21448640 0.0121124
30.0668 0.0121709 21315152 0.0121709
30.2669 0.0122187 21159848 0.0122187
30.4684 0.0122886 21017568 0.0122886
30.6712 0.0123538 20845400 0.0123538
30.8754 0.0124089 20691440 0.0124089
31.081 0.0124856 20496296 0.0124856
31.2878 0.012546 20289552 0.012546
31.4961 0.012619 20101808 0.012619
31.7058 0.0127023 19849544 0.0127023
31.9167 0.0127749 19633272 0.0127749
32.1292 0.0128523 19385528 0.0128523
32.3431 0.0129471 19135376 0.0129471
32.5585 0.0130423 18848208 0.0130423
32.7752 0.013141 18557432 0.013141
32.9933 0.0132324 18255576 0.0132324
33.2129 0.0133358 17937584 0.0133358
33.434 0.0134452 17602136 0.0134452
33.6565 0.0135659 17253528 0.0135659
33.8806 0.0136972 16889480 0.0136972
34.1061 0.0138424 16497624 0.0138424
34.3331 0.0139686 16101800 0.0139686
34.5617 0.0141081 15680088 0.0141081
34.7917 0.0142712 15243632 0.0142712
35.0232 0.014443 14782368 0.014443
35.2564 0.0146155 14317992 0.0146155
35.491 0.0147845 13809848 0.0147845
35.7272 0.0149769 13298496 0.0149769
35.965 0.0151655 12769352 0.0151655
36.2044 0.0153493 12197688 0.0153493
36.4453 0.0155536 11622024 0.0155536
36.6878 0.0157283 11016224 0.0157283
36.9319 0.0158915 10391832 0.0158915
37.1776 0.0160263 9744456 0.0160263
37.425 0.016127 9062784 0.016127
37.6739 0.0161266 8362136 0.0161266
37.9246 0.0160537 7654230 0.0160537
38.1772 0.0160167 7023504 0.0160167
38.4314 0.0160713 6481392 0.0160713
38.6872 0.0161481 5981364 0.0161481
38.9448 0.016265 5526380 0.016265
39.2041 0.0163851 5088888 0.0163851
39.465 0.0165776 4681872 0.0165776
39.7277 0.0167557 4299060 0.0167557
39.9921 0.0169919 3935448 0.0169919
40.2582 0.0172457 3589836 0.0172457
40.5261 0.0175342 3264936 0.0175342
40.7957 0.017846 2955456 0.017846
41.0671 0.0182308 2666016 0.0182308
41.3404 0.0185824 2388612 0.0185824
41.6155 0.0191334 2129508 0.0191334
41.8925 0.0195837 1883928 0.0195837
42.1712 0.0201526 1652040 0.0201526
42.4515 0.0208665 1436568 0.0208665
42.7339 0.0214706 1239888 0.0214706
43.0181 0.022291 1049640 0.022291
43.3041 0.0231837 882364 0.0231837
43.5916 0.0242334 721404 0.0242334
43.8811 0.025239 585564 0.025239
44.1732 0.0265332 456012 0.0265332
44.4652 0.027891 342316 0.027891
44.7587 0.0293725 248988 0.0293725
45.0552 0.0311473 168336 0.0311473
45.3521 0.033091 102012 0.033091
45.6466 0.0355242 52720 0.0355242
45.9351 0.0374142 19920 0.0374142
46.1972 0.0384119 3122 0.0384119
