# in Mpc/h Units 
# D1 = 0.0272539 
# k P N P(z=0)
0.0523599 3.83881 6 5168.18
0.074048 6.39662 12 8611.77
0.09069 7.0739 8 9523.59
0.10472 1.06901 6 1439.21
0.11708 4.22627 24 5689.83
0.128255 2.35516 24 3170.75
0.148096 4.70408 12 6333.11
0.15708 1.92122 30 2586.53
0.165576 2.15314 24 2898.77
0.173658 2.09246 24 2817.08
0.18138 0.760251 8 1023.53
0.188786 2.02156 24 2721.63
0.195913 1.62714 48 2190.62
0.20944 0.520464 6 700.7
0.215885 1.18863 48 1600.25
0.222144 1.09756 36 1477.65
0.228231 0.597024 24 803.773
0.23416 1.27388 24 1715.02
0.239943 0.831576 48 1119.55
0.24559 1.20385 24 1620.74
0.25651 0.931607 24 1254.22
0.261799 0.613877 30 826.462
0.266984 0.699021 72 941.092
0.27207 1.13817 32 1532.32
0.281967 0.765258 72 1030.27
0.286787 0.904841 48 1218.19
0.296192 0.458626 12 617.448
0.300785 0.831288 48 1119.16
0.305308 0.646411 48 870.263
0.309765 0.604656 48 814.048
0.314159 0.455569 30 613.332
0.318493 0.670088 24 902.139
0.322768 0.603222 72 812.118
0.331153 0.583943 24 786.163
0.335267 0.497675 96 670.02
0.339331 0.663278 48 892.971
0.343347 0.570628 24 768.236
0.347316 0.574098 24 772.908
0.351241 0.515244 72 693.673
0.355122 0.401157 48 540.078
0.36276 0.728672 8 981.011
0.366519 0.614582 54 827.412
0.37024 0.452811 84 609.619
0.373924 0.44127 48 594.081
0.377572 0.443105 24 596.553
0.381186 0.365374 72 491.903
0.384765 0.50037 96 673.648
0.391825 0.383983 48 516.956
0.395308 0.383649 48 516.507
0.398761 0.337679 24 454.617
0.402184 0.313737 72 422.384
0.408944 0.308361 72 415.146
0.412282 0.348046 96 468.574
0.418879 0.226367 6 304.758
0.422139 0.270712 96 364.46
0.425374 0.3466 96 466.628
0.428584 0.2423 24 326.208
0.431771 0.235449 48 316.985
0.434934 0.297805 96 400.935
0.438074 0.299597 48 403.347
0.444288 0.36676 36 493.768
0.447363 0.173509 48 233.595
0.450417 0.289221 120 389.378
0.45345 0.180584 56 243.12
0.456463 0.245659 24 330.73
0.459456 0.247247 96 332.869
0.46243 0.356906 48 480.502
0.468321 0.12637 24 170.132
0.471239 0.233835 102 314.812
0.475868 0.229939 120 309.567
0.479886 0.342425 48 461.007
0.482734 0.180201 48 242.605
0.485566 0.250826 120 337.687
0.491179 0.247357 24 333.017
0.493962 0.262935 144 353.989
0.497516 0.210623 168 283.561
0.50494 0.23835 48 320.89
0.507648 0.184926 96 248.966
0.51302 0.241713 24 325.419
0.515685 0.24502 48 329.871
0.518336 0.169043 108 227.583
0.520974 0.117048 72 157.582
0.525815 0.22004 198 296.24
0.528809 0.20657 48 278.105
0.533968 0.151804 72 204.373
0.536529 0.173365 96 233.401
0.539078 0.242244 72 326.133
0.542392 0.144312 104 194.288
0.546653 0.194109 72 261.328
0.549155 0.154052 144 207.401
0.557822 0.193416 192 260.396
0.561497 0.150199 48 202.213
0.565449 0.174869 192 235.426
0.568774 0.168229 72 226.487
0.573574 0.156079 48 210.129
0.575959 0.163421 78 220.013
0.57901 0.184722 168 248.691
0.585401 0.156923 144 211.265
0.587738 0.16119 144 217.01
0.592384 0.156787 12 211.082
0.595269 0.164075 192 220.894
0.599938 0.18657 168 251.179
0.603844 0.134037 48 180.454
0.606109 0.132412 168 178.266
0.61211 0.159525 144 214.768
0.616043 0.163757 168 220.466
0.621003 0.130804 144 176.101
0.62394 0.152332 48 205.084
0.628319 0.0905196 30 121.866
0.631943 0.133371 288 179.557
0.635476 0.140467 80 189.111
0.640026 0.130839 288 176.149
0.645536 0.117779 72 158.565
0.648501 0.115906 240 156.044
0.651875 0.110033 96 148.137
0.657259 0.154961 168 208.624
0.664143 0.0985 216 132.61
0.666806 0.139477 132 187.777
0.671554 0.111081 192 149.549
0.67461 0.123171 120 165.826
0.67991 0.115042 126 154.881
0.683858 0.113031 288 152.174
0.689604 0.101613 312 136.801
0.694632 0.106209 24 142.989
0.699101 0.106325 264 143.146
0.703699 0.0811959 192 109.314
0.707341 0.128149 192 172.527
0.712995 0.101905 336 137.194
0.716011 0.122647 48 165.119
0.72021 0.0903006 240 121.572
0.728882 0.0915406 296 123.241
0.73184 0.0922948 150 124.256
0.735837 0.0954202 240 128.464
0.741648 0.12003 228 161.596
0.745808 0.0967175 216 130.211
0.750984 0.0865888 336 116.574
0.757319 0.0841705 360 113.319
0.761471 0.0938041 144 126.288
0.764935 0.0832196 168 112.039
0.771444 0.0946801 312 127.468
0.777209 0.0790841 288 106.471
0.781021 0.062025 192 83.5042
0.786997 0.0726729 366 97.8394
0.793162 0.0800273 408 107.741
0.798994 0.0693606 168 93.3801
0.801928 0.0837349 336 112.732
0.80675 0.0816877 240 109.976
0.81435 0.0763405 380 102.777
0.819874 0.0630632 384 84.902
0.825561 0.0760457 240 102.38
0.829315 0.0720266 360 96.9694
0.834578 0.0718568 198 96.7408
0.840616 0.0779159 384 104.898
0.845798 0.0813001 384 109.454
0.852892 0.066163 432 89.0752
0.858982 0.0760349 528 102.366
0.865654 0.0639125 288 86.0453
0.869604 0.0603221 288 81.2117
0.875816 0.0605994 456 81.5849
0.882071 0.06808 360 91.6561
0.886104 0.0622851 180 83.8544
0.89194 0.0690653 486 92.9826
0.897856 0.0570984 504 76.8716
0.904202 0.0598733 512 80.6074
0.909643 0.0600886 264 80.8973
0.916102 0.0634364 600 85.4044
0.921642 0.0630399 288 84.8706
0.928714 0.0592629 672 79.7856
0.936467 0.047304 408 63.6854
0.942098 0.0628901 462 84.6689
0.947697 0.0576485 600 77.6121
0.95445 0.054024 504 72.7324
0.96178 0.0563861 324 75.9125
0.966657 0.0524134 744 70.5642
0.973282 0.0509979 456 68.6584
0.979174 0.0519135 432 69.8911
0.98607 0.0563948 720 75.9244
0.994526 0.0440951 534 59.3652
1.00005 0.0486907 536 65.5523
1.00695 0.0458427 624 61.7179
1.01254 0.048534 600 65.3414
1.01915 0.0453837 696 61.1
1.02716 0.0377843 456 50.869
1.03311 0.0425934 732 57.3434
1.04021 0.0428615 600 57.7044
1.04746 0.0438048 702 58.9744
1.05386 0.0415549 672 55.9453
1.06134 0.0427381 768 57.5383
1.06878 0.0393566 768 52.9858
1.07508 0.0414266 408 55.7727
1.08188 0.0366677 1080 49.3658
1.09086 0.0375859 632 50.6019
1.09724 0.0417466 750 56.2034
1.10427 0.0369127 696 49.6956
1.11146 0.0404203 876 54.4178
1.11946 0.0417611 864 56.2229
1.12585 0.0404153 768 54.4111
1.13353 0.0385269 888 51.8687
1.14144 0.0394159 816 53.0656
1.14947 0.0377595 654 50.8356
1.15655 0.0337162 1296 45.3921
1.16466 0.0351649 816 47.3425
1.17201 0.0331162 816 44.5843
1.17979 0.0342598 1088 46.124
1.18868 0.0313178 1020 42.1632
1.19695 0.0326491 1032 43.9555
1.2048 0.0335143 942 45.1203
1.21235 0.0318783 1032 42.9177
1.22125 0.0311019 1128 41.8725
1.22758 0.0263059 888 35.4157
1.23587 0.0297226 1176 40.0155
1.24422 0.0295559 960 39.7911
1.25132 0.0309542 1110 41.6737
1.26083 0.0300696 1116 40.4828
1.26841 0.0281768 1352 37.9344
1.27694 0.0271812 1200 36.5941
1.28569 0.0291298 1224 39.2174
1.29494 0.0263036 1320 35.4126
1.30323 0.0260858 1128 35.1192
1.31205 0.0265311 1518 35.7189
1.31993 0.0239736 1080 32.2757
1.32925 0.0249264 1524 33.5584
1.33806 0.0234801 1416 31.6113
1.34776 0.0244745 1704 32.95
1.3575 0.0224934 1088 30.2829
1.36503 0.0234832 1446 31.6155
1.37457 0.0228383 1800 30.7471
1.38423 0.0220369 1512 29.6683
1.39292 0.0226791 1392 30.5328
1.40119 0.0215034 1392 28.95
1.41152 0.0211634 1962 28.4923
1.42148 0.0209984 1776 28.2701
1.4311 0.021749 1680 29.2807
1.44075 0.0205592 1776 27.6789
1.4503 0.0209815 1544 28.2474
1.45906 0.0200429 1896 26.9837
1.46881 0.0183655 1662 24.7255
1.47857 0.0193902 1908 26.1051
1.48825 0.0194672 2184 26.2087
1.49906 0.0187372 1848 25.2258
1.50823 0.0196403 1848 26.4418
1.51928 0.0183555 2238 24.712
1.52892 0.0180622 2088 24.3171
1.53945 0.0169827 2192 22.8639
1.54826 0.0181471 1536 24.4314
1.55799 0.0172859 2412 23.272
1.56909 0.0160257 2262 21.5754
1.57956 0.016104 2448 21.6808
1.58993 0.0151718 2040 20.4258
1.60098 0.0159381 2976 21.4574
1.61239 0.0155276 2184 20.9048
1.62326 0.0153105 2550 20.6125
1.63365 0.0158839 2396 21.3845
1.64411 0.0156746 2760 21.1027
1.65507 0.0154973 2424 20.8641
1.66671 0.0155845 2832 20.9814
1.67729 0.0146252 2574 19.6899
1.68865 0.0132612 3024 17.8536
1.69926 0.013752 2484 18.5143
1.71073 0.0135273 3168 18.2119
1.72232 0.0130698 2894 17.5959
1.73367 0.0136098 2856 18.3229
1.74507 0.0132587 3384 17.8502
1.75738 0.0126854 3240 17.0783
1.76843 0.0126247 2856 16.9966
1.78079 0.0119722 3474 16.1182
1.79234 0.0117758 3432 15.8537
1.80467 0.0120774 3552 16.2599
1.81741 0.0116051 3560 15.624
1.82908 0.0118234 3270 15.9178
1.84056 0.0117231 3552 15.7828
1.85297 0.0113031 3780 15.2174
1.86529 0.0113824 3960 15.3241
1.87828 0.0109424 3696 14.7317
1.89033 0.0106292 3726 14.3101
1.90289 0.010344 4376 13.9261
1.91524 0.0103521 3648 13.9371
1.92801 0.0100802 4332 13.571
1.94114 0.0105829 4254 14.2477
1.95358 0.00977638 4296 13.1619
1.96683 0.00954366 4320 12.8486
1.97893 0.00960639 4368 12.9331
1.99314 0.00906821 4826 12.2085
2.00669 0.00955618 5016 12.8655
2.02001 0.00944806 4608 12.7199
2.03371 0.00862496 4824 11.6118
2.0469 0.00871209 4950 11.7291
2.06043 0.00883003 5232 11.8879
2.07427 0.00853972 4980 11.497
2.0873 0.00874915 4838 11.779
2.10142 0.00822132 6024 11.0684
2.1162 0.00823373 5520 11.0851
2.12987 0.00786465 5400 10.5882
2.14398 0.00794073 5538 10.6906
2.15842 0.00796575 6456 10.7243
2.17295 0.00769218 5504 10.356
2.18708 0.00770239 6168 10.3697
2.2017 0.00735751 5910 9.90541
2.21574 0.0074419 6372 10.019
2.23088 0.00729128 6768 9.81625
2.246 0.00721183 6294 9.70928
2.26057 0.00681311 6656 9.17248
2.27558 0.00691462 7224 9.30915
2.29128 0.00648009 6708 8.72415
2.30663 0.00666656 7566 8.97518
2.32238 0.0063161 7416 8.50337
2.33773 0.00626748 6984 8.43791
2.35249 0.0063644 7310 8.56839
2.36851 0.00604485 8148 8.13818
2.38413 0.00597252 7632 8.04081
2.40004 0.00600974 8088 8.09091
2.41649 0.00600829 8478 8.08896
2.43227 0.00567996 8112 7.64692
2.44806 0.00552752 8108 7.4417
2.46464 0.0056064 9510 7.54789
2.48167 0.00546876 8472 7.36259
2.4972 0.00544063 8832 7.32472
2.51377 0.00534708 8898 7.19876
2.5304 0.00513844 10008 6.91788
2.54769 0.0050744 9392 6.83166
2.56498 0.00487924 10206 6.56892
2.58178 0.00490446 9528 6.60288
2.59871 0.00490059 10236 6.59766
2.61602 0.00481446 10398 6.48171
2.63365 0.00465304 10784 6.26439
2.6509 0.00463882 10584 6.24525
2.66899 0.00449156 11346 6.04698
2.68677 0.0045688 11400 6.15097
2.70438 0.00441994 11016 5.95057
2.72238 0.00434467 11870 5.84923
2.74093 0.00434734 12516 5.85282
2.75923 0.00425744 11880 5.73178
2.77729 0.00412478 11886 5.55319
2.79526 0.00415247 13104 5.59047
2.81432 0.00391495 12764 5.27069
2.833 0.00398298 13446 5.36228
2.85202 0.00385455 13464 5.18938
2.87073 0.00384254 13398 5.17322
2.89013 0.00375463 14628 5.05485
2.90936 0.00372591 14024 5.01619
2.92925 0.00368176 15054 4.95675
2.94838 0.00361505 14496 4.86694
2.96782 0.00346744 15012 4.66821
2.98749 0.00352057 15422 4.73974
3.00704 0.00336956 15624 4.53644
3.02719 0.003336 16146 4.49125
3.04759 0.00330966 17064 4.45579
3.06788 0.00320696 16152 4.31753
3.08831 0.00319808 17510 4.30557
3.10884 0.00314411 17172 4.23291
3.12935 0.00305779 17880 4.11671
3.15034 0.00299736 18030 4.03534
3.17113 0.00297179 18680 4.00092
3.19265 0.00287276 19170 3.8676
3.21364 0.00289489 18720 3.89739
3.23467 0.00282709 19536 3.80611
3.25676 0.0027376 20954 3.68563
3.27858 0.00265971 20328 3.58077
3.3005 0.00268297 20718 3.61208
3.32227 0.00262328 21348 3.53173
3.34438 0.00260727 21534 3.51017
3.36657 0.00255026 22256 3.43342
3.38869 0.00250366 22104 3.37068
3.41124 0.00250832 23178 3.37695
3.43406 0.00244767 23880 3.2953
3.45721 0.00238835 24230 3.21543
3.48034 0.00233728 24468 3.14669
3.50366 0.00234108 25230 3.1518
3.5269 0.00225215 25328 3.03207
3.5504 0.00220382 25818 2.967
3.57388 0.0021964 26616 2.95701
3.59743 0.00213063 26376 2.86847
3.62141 0.00210771 28034 2.83761
3.64536 0.00210064 27816 2.8281
3.66958 0.00206325 28398 2.77775
3.69387 0.00201422 29652 2.71174
3.71882 0.00196803 30134 2.64956
3.74375 0.0019669 30792 2.64803
3.76897 0.00191404 31218 2.57687
3.79359 0.00186675 30912 2.5132
3.81905 0.00185405 33158 2.49611
3.84456 0.00180266 32772 2.42691
3.86994 0.00179387 33150 2.41509
3.89542 0.00175453 34256 2.36212
3.92167 0.00173685 35562 2.33833
3.9475 0.00169901 34992 2.28738
3.97388 0.00168774 37158 2.2722
4.00046 0.00167064 36956 2.24919
4.0271 0.00162158 37950 2.18314
4.05369 0.00160291 38496 2.158
4.08104 0.00155726 40274 2.09654
4.10806 0.00153484 39264 2.06635
4.13528 0.00150843 41466 2.0308
4.16281 0.00145799 41960 1.96289
4.19067 0.00146646 42702 1.97429
4.2184 0.00143828 43356 1.93636
4.24659 0.00139502 44886 1.87812
4.27484 0.0013889 45248 1.86988
4.30338 0.00136997 46362 1.84439
4.33198 0.00132976 46974 1.79026
4.36071 0.00132658 48236 1.78597
4.3897 0.00129612 48774 1.74497
4.4189 0.00128361 50616 1.72813
4.44852 0.00124956 51050 1.68229
4.4781 0.00123402 52272 1.66137
4.50814 0.00121827 53658 1.64015
4.53768 0.00117936 52640 1.58778
4.56805 0.00117393 57366 1.58047
4.59871 0.00114251 55170 1.53816
4.62914 0.00112266 58544 1.51144
4.66021 0.00110468 58506 1.48724
4.69082 0.00109636 58968 1.47603
4.72214 0.00106686 62366 1.43632
4.75359 0.00106233 61266 1.43021
4.785 0.00102276 63960 1.37695
4.81697 0.00101216 64730 1.36268
4.84894 0.000995476 66360 1.34021
4.88139 0.000984419 67778 1.32532
4.91407 0.000955074 69558 1.28582
4.94671 0.000944715 69660 1.27187
4.97947 0.000924694 71390 1.24492
5.01272 0.000907404 73974 1.22164
5.04614 0.000897639 74196 1.20849
5.07982 0.000884708 76622 1.19108
5.11321 0.00086955 75516 1.17068
5.14731 0.000844583 81510 1.13706
5.18198 0.000829158 80138 1.1163
5.21624 0.000821085 82368 1.10543
5.25098 0.000805279 84098 1.08415
5.28607 0.000796805 86286 1.07274
5.32112 0.000780522 86700 1.05082
5.35657 0.000762381 90014 1.02639
5.39237 0.000760689 90930 1.02412
5.42797 0.000738252 91694 0.993908
5.46416 0.00072397 96228 0.97468
5.5009 0.000716303 97014 0.964358
5.53734 0.000698287 97370 0.940104
5.57394 0.000691154 100656 0.9305
5.61112 0.000672007 102530 0.904723
5.64841 0.000663314 104454 0.893019
5.68598 0.000647124 107196 0.871222
5.72422 0.000639749 110414 0.861293
5.76233 0.000630729 109578 0.84915
5.80067 0.000621307 114974 0.836466
5.83932 0.00061326 114396 0.825632
5.87805 0.000599743 118190 0.807434
5.91726 0.000584896 120498 0.787445
5.95666 0.000577931 122718 0.778068
5.99617 0.000568356 124604 0.765177
6.03605 0.000551022 127950 0.741841
6.07637 0.000550727 130826 0.741444
6.11683 0.0005338 132510 0.718655
6.15724 0.000525956 134180 0.708094
6.19831 0.000521108 140214 0.701568
6.23974 0.000510404 140018 0.687156
6.28136 0.000497947 145650 0.670386
6.32317 0.000491253 145350 0.661374
6.3651 0.000482363 150188 0.649405
6.40747 0.00047714 152214 0.642373
6.45023 0.000464389 157226 0.625207
6.49325 0.000455582 158118 0.61335
6.53637 0.000452817 162338 0.609627
6.57987 0.000440817 165378 0.593472
6.62371 0.000434165 169256 0.584516
6.66769 0.000428473 170682 0.576854
6.71213 0.000419202 177566 0.564372
6.75715 0.000411543 179610 0.55406
6.80213 0.000403697 182690 0.543497
6.8473 0.00039599 185694 0.533122
6.8928 0.000389551 190346 0.524453
6.93857 0.000379565 192852 0.511009
6.98472 0.000375755 198806 0.505878
7.03127 0.000369544 201378 0.497517
7.07818 0.000362686 207446 0.488284
7.12517 0.000355737 207258 0.478929
7.17243 0.000348698 215762 0.469453
7.22044 0.000343437 219702 0.46237
7.26849 0.000336322 221522 0.45279
7.31672 0.000329714 227754 0.443894
7.3654 0.000324751 231710 0.437212
7.41433 0.000318303 235994 0.428531
7.4637 0.000314606 242346 0.423553
7.51349 0.000307426 246704 0.413888
7.56347 0.000303002 250410 0.407932
7.61393 0.000296886 258410 0.399698
7.66479 0.000290389 261414 0.390951
7.71574 0.000286927 265874 0.386289
7.76711 0.000280959 273450 0.378255
7.81889 0.000277081 276974 0.373034
7.87101 0.000271977 284402 0.366162
7.92338 0.000265848 287754 0.357911
7.97606 0.000260986 295010 0.351365
8.0293 0.000256839 302142 0.345782
8.08275 0.00025158 304946 0.338702
8.13628 0.000247673 311642 0.333442
8.19037 0.000242048 319326 0.32587
8.24475 0.000238196 323618 0.320683
8.29961 0.000234859 333744 0.31619
8.35495 0.000229085 337970 0.308417
8.41075 0.000225504 348758 0.303596
8.46683 0.000221356 350346 0.298012
8.52295 0.000217753 358778 0.293161
8.57991 0.000214567 370578 0.288871
8.63732 0.000210317 374258 0.28315
8.69471 0.000206057 380558 0.277415
8.75245 0.000202533 388434 0.272671
8.81071 0.000199324 398522 0.26835
8.8694 0.000195686 404042 0.263452
8.92825 0.000192525 412164 0.259196
8.98764 0.000188112 422258 0.253255
9.04755 0.000184935 430754 0.248978
9.10782 0.000181146 438906 0.243877
9.16841 0.000179175 446738 0.241223
9.22955 0.000175502 459098 0.236278
9.29099 0.000172969 463380 0.232868
9.35274 0.000169223 476138 0.227824
9.41504 0.000166186 484322 0.223737
9.47775 0.000163161 495738 0.219664
9.54092 0.000161016 504266 0.216775
9.60451 0.000158082 515696 0.212826
9.66826 0.000155341 520974 0.209135
9.73246 0.000152851 536882 0.205784
9.79738 0.00014938 546818 0.20111
9.86258 0.00014758 556178 0.198686
9.92813 0.000145277 567672 0.195586
9.99431 0.000142273 582314 0.191542
10.0611 0.000140091 593138 0.188605
10.128 0.00013796 600920 0.185736
10.1952 0.000135281 614274 0.182129
10.2631 0.000133099 630050 0.179191
10.3315 0.00013053 638678 0.175732
10.4002 0.000128658 653984 0.173212
10.4696 0.000126628 669618 0.17048
10.5393 0.000124711 676922 0.167898
10.6093 0.000122877 692552 0.16543
10.6799 0.000120812 709178 0.16265
10.7511 0.000118541 721416 0.159592
10.8226 0.000116857 735698 0.157324
10.8947 0.000114934 752546 0.154735
10.9672 0.000113452 763760 0.15274
11.0401 0.000111734 782498 0.150428
11.1137 0.000110048 797178 0.148158
11.1877 0.000108366 814976 0.145893
11.2623 0.00010681 831266 0.143799
11.3374 0.000105335 845696 0.141812
11.4126 0.00010404 860234 0.140069
11.4886 0.000102345 883928 0.137787
11.5652 0.000101425 898338 0.136548
11.6423 9.97417e-05 917576 0.134282
11.7197 9.84633e-05 933194 0.132561
11.7976 9.71719e-05 952736 0.130822
11.8762 9.61343e-05 974522 0.129426
11.9552 9.49309e-05 990032 0.127805
12.0348 9.39985e-05 1013438 0.12655
12.1149 9.27746e-05 1031168 0.124902
12.1955 9.18096e-05 1055610 0.123603
12.2768 9.09023e-05 1074440 0.122382
12.3584 9.02572e-05 1095146 0.121513
12.4407 8.91802e-05 1119584 0.120063
12.5236 8.81042e-05 1141922 0.118615
12.6069 8.7326e-05 1160216 0.117567
12.6907 8.67229e-05 1185992 0.116755
12.7753 8.63152e-05 1215422 0.116206
12.8604 8.56169e-05 1235072 0.115266
12.946 8.48936e-05 1259024 0.114292
13.0322 8.42584e-05 1286210 0.113437
13.1189 8.38377e-05 1310960 0.112871
13.2063 8.36775e-05 1338056 0.112655
13.2942 8.3298e-05 1364966 0.112144
13.3827 8.2991e-05 1391768 0.111731
13.4718 8.28631e-05 1420448 0.111558
13.5615 8.26533e-05 1448858 0.111276
13.6518 8.24047e-05 1477952 0.110941
13.7426 8.22988e-05 1506308 0.110799
13.8341 8.22286e-05 1538144 0.110704
13.9261 8.23776e-05 1567562 0.110905
14.0187 8.23923e-05 1596704 0.110925
14.112 8.2597e-05 1635572 0.1112
14.2061 8.28489e-05 1666520 0.111539
14.3007 8.29673e-05 1699304 0.111699
14.396 8.34842e-05 1734278 0.112395
14.4918 8.38701e-05 1764392 0.112914
14.5882 8.44691e-05 1804904 0.113721
14.6854 8.49583e-05 1841024 0.114379
14.7831 8.56116e-05 1873820 0.115259
14.8815 8.63871e-05 1913600 0.116303
14.9805 8.72945e-05 1952864 0.117524
15.0803 8.82151e-05 1994966 0.118764
15.1808 8.929e-05 2032160 0.120211
15.2818 9.04908e-05 2070124 0.121828
15.3835 9.17115e-05 2117456 0.123471
15.486 9.31109e-05 2156600 0.125355
15.5891 9.45045e-05 2200316 0.127231
15.6929 9.61887e-05 2247272 0.129499
15.7974 9.78876e-05 2287460 0.131786
15.9025 9.98269e-05 2335424 0.134397
16.0083 0.000101543 2383216 0.136708
16.1149 0.000103916 2430548 0.139903
16.2221 0.000106065 2474288 0.142795
16.3301 0.000108698 2533724 0.14634
16.4388 0.000110887 2578544 0.149287
16.5483 0.000113933 2634154 0.153388
16.6585 0.000116952 2685200 0.157452
16.7694 0.000120275 2740268 0.161926
16.881 0.000123264 2791568 0.16595
16.9934 0.000127421 2854940 0.171547
17.1066 0.000131027 2904208 0.176401
17.2204 0.000134848 2965964 0.181546
17.335 0.000139888 3022550 0.188331
17.4504 0.000144548 3089068 0.194604
17.5666 0.000149407 3148604 0.201146
17.6835 0.000154821 3210680 0.208436
17.8012 0.000160796 3275210 0.21648
17.9197 0.000167266 3346312 0.22519
18.0391 0.000173603 3408932 0.233722
18.1591 0.000180564 3475196 0.243093
18.28 0.000188879 3550342 0.254288
18.4017 0.000196593 3618788 0.264673
18.5242 0.000204559 3690872 0.275397
18.6475 0.000215168 3765538 0.28968
18.7716 0.000224439 3838964 0.302162
18.8965 0.000235462 3920362 0.317002
19.0224 0.000247758 4000832 0.333557
19.149 0.000258854 4077428 0.348495
19.2765 0.000274461 4160626 0.369507
19.4048 0.000287794 4243208 0.387457
19.5341 0.000303223 4335538 0.408229
19.6642 0.000320499 4413500 0.431488
19.795 0.000339899 4505450 0.457605
19.9268 0.000359156 4596040 0.483532
20.0594 0.000381974 4684418 0.514251
20.1929 0.000404826 4784836 0.545017
20.3274 0.000433951 4877354 0.584228
20.4627 0.000456678 4975786 0.614826
20.5989 0.000493102 5078756 0.663864
20.736 0.000525803 5177662 0.707889
20.874 0.000558912 5280932 0.752463
21.013 0.00060698 5391274 0.817177
21.153 0.000647967 5500906 0.872358
21.2938 0.000693599 5604530 0.933792
21.4354 0.000760205 5715700 1.02346
21.5782 0.000818188 5842058 1.10153
21.7219 0.000885418 5955226 1.19204
21.8664 0.00095531 6063770 1.28613
22.012 0.00105632 6202156 1.42213
22.1586 0.00115143 6320530 1.55017
22.3061 0.00125967 6442874 1.69589
22.4546 0.0013838 6578986 1.86301
22.6041 0.00151983 6707818 2.04615
22.7545 0.0016824 6838082 2.26501
22.906 0.00187697 6987316 2.52696
23.0585 0.00211092 7117018 2.84192
23.2119 0.0023563 7259306 3.17229
23.3665 0.00266573 7415650 3.58887
23.5221 0.00301943 7558810 4.06505
23.6787 0.00342581 7716338 4.61217
23.8363 0.00389729 7860058 5.24692
23.9949 0.00451051 8022286 6.07249
24.1547 0.00522117 8191498 7.02926
24.3155 0.00608553 8341402 8.19294
24.4773 0.00726744 8524784 9.78415
24.6403 0.00882032 8686018 11.8748
24.8043 0.0107726 8865142 14.5032
24.9694 0.0128558 9040714 17.3077
25.1357 0.0154558 9225754 20.8081
25.303 0.0185497 9409058 24.9735
25.4715 0.0251232 9599212 33.8233
25.641 0.0330814 9792874 44.5375
25.8118 0.0392817 9989362 52.8849
25.9836 0.0479874 10185502 64.6054
26.1565 0.0780942 10394392 105.138
26.3307 0.0825614 10607554 111.152
26.506 0.096212 10813990 129.53
26.6824 0.140817 11029240 189.582
26.8598 0.024312 11191111 32.7312
27.0386 0.0015933 11185948 2.14506
27.2186 0.00137004 11191384 1.84449
27.3998 0.00130232 11166280 1.75332
27.5821 0.00127151 11162812 1.71184
27.7658 0.00125931 11148064 1.69541
27.9506 0.00125356 11122480 1.68767
28.1366 0.0012599 11104984 1.69621
28.3239 0.00126875 11085376 1.70812
28.5125 0.00128302 11049712 1.72733
28.7023 0.00130244 11013328 1.75347
28.8933 0.00132533 10970140 1.78429
29.0857 0.00135635 10943872 1.82605
29.2794 0.00138843 10885456 1.86924
29.4742 0.0014269 10833720 1.92104
29.6704 0.00147194 10777816 1.98167
29.8679 0.0015253 10724320 2.05351
30.0668 0.00158332 10657576 2.13162
30.2669 0.00165217 10579924 2.22432
30.4684 0.0017298 10508784 2.32883
30.6712 0.00182019 10422700 2.45052
30.8754 0.00192626 10345720 2.59332
31.081 0.00204675 10248148 2.75554
31.2878 0.00218573 10144776 2.94264
31.4961 0.00235437 10050904 3.16968
31.7058 0.00254557 9924772 3.4271
31.9167 0.00277623 9816636 3.73764
32.1292 0.00305655 9692764 4.11503
32.3431 0.00337917 9567688 4.54937
32.5585 0.00377491 9424104 5.08217
32.7752 0.00424554 9278716 5.71577
32.9933 0.0048258 9127788 6.49697
33.2129 0.00555189 8968792 7.4745
33.434 0.00645288 8801068 8.68752
33.6565 0.00758892 8626764 10.217
33.8806 0.00903697 8444740 12.1665
34.1061 0.0108641 8248812 14.6263
34.3331 0.0132613 8050900 17.8537
34.5617 0.0163284 7840044 21.9829
34.7917 0.0204081 7621816 27.4754
35.0232 0.0260473 7391184 35.0675
35.2564 0.0338932 7158996 45.6304
35.491 0.0434495 6904924 58.496
35.7272 0.0585331 6649248 78.8031
35.965 0.0783775 6384676 105.52
36.2044 0.106055 6098844 142.782
36.4453 0.145736 5811012 196.205
36.6878 0.201502 5508112 271.282
36.9319 0.257486 5195916 346.653
37.1776 0.362174 4872228 487.594
37.425 0.402921 4531392 542.452
37.6739 0.278198 4181068 374.537
37.9246 0.0603318 3827115 81.2246
38.1772 0.00427345 3511752 5.75335
38.4314 0.0045888 3240696 6.1779
38.6872 0.0050952 2990682 6.85967
38.9448 0.00574779 2763190 7.73824
39.2041 0.00661206 2544444 8.90181
39.465 0.00770785 2340936 10.3771
39.7277 0.00914386 2149530 12.3104
39.9921 0.0109975 1967724 14.8059
40.2582 0.013439 1794918 18.0929
40.5261 0.0167349 1632468 22.5301
40.7957 0.0211037 1477728 28.4119
41.0671 0.0270802 1333008 36.4581
41.3404 0.0354762 1194306 47.7616
41.6155 0.0471568 1064754 63.4872
41.8925 0.0641586 941964 86.3766
42.1712 0.0886243 826020 119.315
42.4515 0.124725 718284 167.917
42.7339 0.181599 619944 244.487
43.0181 0.26621 524820 358.398
43.3041 0.407893 441182 549.147
43.5916 0.626785 360702 843.84
43.8811 1.0202 292782 1373.5
44.1732 1.69154 228006 2277.32
44.4652 2.8576 171158 3847.18
44.7587 5.06809 124494 6823.16
45.0552 9.20272 84168 12389.6
45.3521 17.1886 51006 23141
45.6466 31.5556 26360 42483.3
45.9351 53.6564 9960 72237.6
46.1972 80.3385 1561 108160
