# in Mpc/h Units 
# D1 = 0.0155258 
# k P N P(z=0)
0.0523599 1.24223 6 5153.41
0.074048 2.07455 12 8606.27
0.09069 2.29273 8 9511.41
0.10472 0.347105 6 1439.97
0.11708 1.36916 24 5679.97
0.128255 0.761714 24 3159.97
0.148096 1.5266 12 6333.09
0.15708 0.621988 30 2580.32
0.165576 0.696001 24 2887.36
0.173658 0.679292 24 2818.04
0.18138 0.244765 8 1015.41
0.188786 0.655499 24 2719.34
0.195913 0.528523 48 2192.58
0.20944 0.164915 6 684.149
0.215885 0.385185 48 1597.94
0.222144 0.354044 36 1468.75
0.228231 0.192796 24 799.814
0.23416 0.409824 24 1700.16
0.239943 0.267694 48 1110.53
0.24559 0.391221 24 1622.98
0.25651 0.302832 24 1256.3
0.261799 0.200841 30 833.188
0.266984 0.2256 72 935.903
0.27207 0.366476 32 1520.33
0.281967 0.248537 72 1031.06
0.286787 0.294163 48 1220.34
0.296192 0.145952 12 605.482
0.300785 0.269064 48 1116.21
0.305308 0.207996 48 862.873
0.309765 0.195936 48 812.842
0.314159 0.147363 30 611.335
0.318493 0.216629 24 898.686
0.322768 0.195305 72 810.222
0.331153 0.18944 24 785.891
0.335267 0.161933 96 671.778
0.339331 0.21477 48 890.972
0.343347 0.184959 24 767.304
0.347316 0.18668 24 774.441
0.351241 0.168354 72 698.418
0.355122 0.131027 48 543.567
0.36276 0.233973 8 970.638
0.366519 0.198032 54 821.537
0.37024 0.146527 84 607.867
0.373924 0.143343 48 594.657
0.377572 0.143189 24 594.018
0.381186 0.118869 72 493.129
0.384765 0.161701 96 670.816
0.391825 0.124424 48 516.173
0.395308 0.125044 48 518.744
0.398761 0.107489 24 445.92
0.402184 0.10129 72 420.204
0.408944 0.0991833 72 411.462
0.412282 0.112024 96 464.733
0.418879 0.0754018 6 312.805
0.422139 0.087474 96 362.886
0.425374 0.111651 96 463.183
0.428584 0.0787354 24 326.634
0.431771 0.0759762 48 315.187
0.434934 0.0956726 96 396.898
0.438074 0.0963078 48 399.533
0.444288 0.119038 36 493.828
0.447363 0.0558931 48 231.873
0.450417 0.093908 120 389.578
0.45345 0.0572537 56 237.517
0.456463 0.0795463 24 329.998
0.459456 0.079593 96 330.192
0.46243 0.116367 48 482.749
0.468321 0.0403622 24 167.443
0.471239 0.0763297 102 316.654
0.475868 0.0747923 120 310.276
0.479886 0.110646 48 459.015
0.482734 0.0579645 48 240.466
0.485566 0.0820162 120 340.244
0.491179 0.0798057 24 331.074
0.493962 0.0847372 144 351.533
0.497516 0.0689902 168 286.206
0.50494 0.0774172 48 321.165
0.507648 0.0598275 96 248.194
0.51302 0.0776427 24 322.101
0.515685 0.0791943 48 328.538
0.518336 0.0541611 108 224.687
0.520974 0.0376654 72 156.255
0.525815 0.0711847 198 295.31
0.528809 0.0673975 48 279.599
0.533968 0.0492496 72 204.312
0.536529 0.0559789 96 232.229
0.539078 0.0775447 72 321.694
0.542392 0.0467305 104 193.862
0.546653 0.062987 72 261.302
0.549155 0.050098 144 207.832
0.557822 0.0631756 192 262.084
0.561497 0.0486636 48 201.881
0.565449 0.0563946 192 233.953
0.568774 0.0544509 72 225.89
0.573574 0.0500288 48 207.545
0.575959 0.0525261 78 217.905
0.57901 0.0601769 168 249.644
0.585401 0.0506086 144 209.95
0.587738 0.0523374 144 217.122
0.592384 0.0531099 12 220.327
0.595269 0.0531218 192 220.376
0.599938 0.060575 168 251.296
0.603844 0.0428044 48 177.574
0.606109 0.0426842 168 177.075
0.61211 0.0512253 144 212.508
0.616043 0.0531216 168 220.375
0.621003 0.0424324 144 176.031
0.62394 0.0490848 48 203.628
0.628319 0.0292614 30 121.391
0.631943 0.0431574 288 179.039
0.635476 0.0455865 80 189.116
0.640026 0.0424118 288 175.946
0.645536 0.0386045 72 160.151
0.648501 0.0374528 240 155.373
0.651875 0.0357203 96 148.186
0.657259 0.0501889 168 208.209
0.664143 0.0319142 216 132.396
0.666806 0.0450269 132 186.794
0.671554 0.0355486 192 147.473
0.67461 0.0398366 120 165.262
0.67991 0.0373777 126 155.061
0.683858 0.03668 288 152.167
0.689604 0.0326576 312 135.48
0.694632 0.0346084 24 143.573
0.699101 0.034101 264 141.468
0.703699 0.0261317 192 108.407
0.707341 0.0412564 192 171.152
0.712995 0.0329531 336 136.706
0.716011 0.0398301 48 165.235
0.72021 0.0291423 240 120.897
0.728882 0.0297996 296 123.624
0.73184 0.0298063 150 123.651
0.735837 0.0308937 240 128.163
0.741648 0.0386643 228 160.399
0.745808 0.0314198 216 130.345
0.750984 0.0281873 336 116.935
0.757319 0.0271051 360 112.445
0.761471 0.0305846 144 126.88
0.764935 0.026661 168 110.603
0.771444 0.0310085 312 128.639
0.777209 0.025682 288 106.542
0.781021 0.0199043 192 82.5731
0.786997 0.0236981 366 98.3115
0.793162 0.0259653 408 107.717
0.798994 0.0229401 168 95.1671
0.801928 0.0267302 336 110.89
0.80675 0.0264832 240 109.866
0.81435 0.0246244 380 102.154
0.819874 0.0203697 384 84.5039
0.825561 0.0244623 240 101.482
0.829315 0.0233954 360 97.0558
0.834578 0.0232582 198 96.4867
0.840616 0.0252946 384 104.935
0.845798 0.0261733 384 108.58
0.852892 0.021521 432 89.2798
0.858982 0.0245784 528 101.963
0.865654 0.0204961 288 85.0281
0.869604 0.0195175 288 80.9682
0.875816 0.0194819 456 80.8208
0.882071 0.0218874 360 90.8001
0.886104 0.0201735 180 83.6897
0.89194 0.0225347 486 93.4853
0.897856 0.0184086 504 76.3682
0.904202 0.0193994 512 80.4785
0.909643 0.0195829 264 81.2397
0.916102 0.0205808 600 85.3796
0.921642 0.0201666 288 83.6611
0.928714 0.0191478 672 79.4349
0.936467 0.0151636 408 62.9063
0.942098 0.0204609 462 84.8819
0.947697 0.0185972 600 77.1504
0.95445 0.0172856 504 71.7092
0.96178 0.0182246 324 75.6046
0.966657 0.0170158 744 70.59
0.973282 0.01638 456 67.9525
0.979174 0.0167639 432 69.5452
0.98607 0.0183813 720 76.255
0.994526 0.0142888 534 59.2772
1.00005 0.0157183 536 65.2074
1.00695 0.0148221 624 61.4894
1.01254 0.0157766 600 65.4493
1.01915 0.0146752 696 60.8802
1.02716 0.0121925 456 50.5806
1.03311 0.0137402 732 57.0014
1.04021 0.0139633 600 57.9266
1.04746 0.0142595 702 59.1557
1.05386 0.0134659 672 55.8634
1.06134 0.0137426 768 57.0111
1.06878 0.0127379 768 52.8433
1.07508 0.0134668 408 55.8672
1.08188 0.01189 1080 49.3256
1.09086 0.0120838 632 50.1297
1.09724 0.0135591 750 56.2499
1.10427 0.0119813 696 49.7046
1.11146 0.0130348 876 54.075
1.11946 0.0135107 864 56.0492
1.12585 0.0131263 768 54.4546
1.13353 0.0123865 888 51.3855
1.14144 0.0127734 816 52.9904
1.14947 0.0122621 654 50.8694
1.15655 0.0109162 1296 45.2858
1.16466 0.0112897 816 46.8352
1.17201 0.0107105 816 44.4325
1.17979 0.0109631 1088 45.4806
1.18868 0.0101244 1020 42.0011
1.19695 0.0106048 1032 43.9938
1.2048 0.0107956 942 44.7857
1.21235 0.0103815 1032 43.0678
1.22125 0.0100976 1128 41.8899
1.22758 0.00843658 888 34.9992
1.23587 0.00961624 1176 39.893
1.24422 0.00953642 960 39.5619
1.25132 0.0100275 1110 41.5992
1.26083 0.00978016 1116 40.573
1.26841 0.00916067 1352 38.0031
1.27694 0.00877929 1200 36.4209
1.28569 0.00939671 1224 38.9823
1.29494 0.00856529 1320 35.5331
1.30323 0.00838376 1128 34.7801
1.31205 0.00859996 1518 35.6769
1.31993 0.00774137 1080 32.1151
1.32925 0.00807134 1524 33.484
1.33806 0.00758389 1416 31.4618
1.34776 0.00796513 1704 33.0434
1.3575 0.00725767 1088 30.1084
1.36503 0.00759386 1446 31.5032
1.37457 0.00739634 1800 30.6837
1.38423 0.00709533 1512 29.435
1.39292 0.00738376 1392 30.6315
1.40119 0.00693582 1392 28.7733
1.41152 0.00684934 1962 28.4145
1.42148 0.00675171 1776 28.0095
1.4311 0.00701973 1680 29.1214
1.44075 0.00662059 1776 27.4655
1.4503 0.00677346 1544 28.0997
1.45906 0.00650933 1896 27.004
1.46881 0.00596132 1662 24.7305
1.47857 0.00626838 1908 26.0044
1.48825 0.00627918 2184 26.0492
1.49906 0.00604694 1848 25.0858
1.50823 0.0063883 1848 26.5019
1.51928 0.00591484 2238 24.5377
1.52892 0.00583055 2088 24.188
1.53945 0.00548035 2192 22.7352
1.54826 0.0058649 1536 24.3305
1.55799 0.00559084 2412 23.1936
1.56909 0.00517984 2262 21.4886
1.57956 0.00518848 2448 21.5244
1.58993 0.00491433 2040 20.3871
1.60098 0.00519398 2976 21.5472
1.61239 0.00500169 2184 20.7495
1.62326 0.00493288 2550 20.4641
1.63365 0.00515299 2396 21.3772
1.64411 0.00508571 2760 21.0981
1.65507 0.00502053 2424 20.8277
1.66671 0.00501389 2832 20.8001
1.67729 0.0047252 2574 19.6025
1.68865 0.00430552 3024 17.8615
1.69926 0.00445973 2484 18.5012
1.71073 0.00439489 3168 18.2322
1.72232 0.00423567 2894 17.5717
1.73367 0.00436462 2856 18.1066
1.74507 0.00429399 3384 17.8136
1.75738 0.00408246 3240 16.9361
1.76843 0.0040862 2856 16.9516
1.78079 0.0038873 3474 16.1265
1.79234 0.00380421 3432 15.7818
1.80467 0.00390603 3552 16.2042
1.81741 0.00375471 3560 15.5764
1.82908 0.00384349 3270 15.9447
1.84056 0.00379628 3552 15.7489
1.85297 0.00365839 3780 15.1768
1.86529 0.00367458 3960 15.244
1.87828 0.00355306 3696 14.7399
1.89033 0.0034278 3726 14.2203
1.90289 0.00335303 4376 13.91
1.91524 0.00332879 3648 13.8095
1.92801 0.00325351 4332 13.4972
1.94114 0.00342553 4254 14.2108
1.95358 0.00315212 4296 13.0766
1.96683 0.00308196 4320 12.7855
1.97893 0.00312809 4368 12.9769
1.99314 0.00292703 4826 12.1428
2.00669 0.00308136 5016 12.783
2.02001 0.0030606 4608 12.6969
2.03371 0.00278409 4824 11.5498
2.0469 0.00280925 4950 11.6542
2.06043 0.00284869 5232 11.8178
2.07427 0.00278432 4980 11.5508
2.0873 0.00283246 4838 11.7505
2.10142 0.00266423 6024 11.0526
2.1162 0.00266944 5520 11.0742
2.12987 0.0025413 5400 10.5426
2.14398 0.00257974 5538 10.702
2.15842 0.0025794 6456 10.7007
2.17295 0.00249473 5504 10.3494
2.18708 0.00249385 6168 10.3457
2.2017 0.00238412 5910 9.89054
2.21574 0.00240222 6372 9.96562
2.23088 0.00237174 6768 9.83919
2.246 0.0023403 6294 9.70872
2.26057 0.00221289 6656 9.18016
2.27558 0.00223656 7224 9.27836
2.29128 0.00209887 6708 8.70717
2.30663 0.00215253 7566 8.92977
2.32238 0.0020503 7416 8.50566
2.33773 0.0020334 6984 8.43556
2.35249 0.0020676 7310 8.57743
2.36851 0.0019499 8148 8.08918
2.38413 0.00193264 7632 8.01754
2.40004 0.00193961 8088 8.04649
2.41649 0.00194519 8478 8.06962
2.43227 0.00185486 8112 7.69489
2.44806 0.00179202 8108 7.43422
2.46464 0.00180417 9510 7.48462
2.48167 0.00177716 8472 7.37254
2.4972 0.00176781 8832 7.33376
2.51377 0.0017413 8898 7.22377
2.5304 0.00166774 10008 6.91864
2.54769 0.0016429 9392 6.81556
2.56498 0.0015801 10206 6.55504
2.58178 0.00159256 9528 6.60675
2.59871 0.00158606 10236 6.57979
2.61602 0.00155294 10398 6.44239
2.63365 0.00149811 10784 6.21492
2.6509 0.00150504 10584 6.24365
2.66899 0.00146159 11346 6.06343
2.68677 0.00148178 11400 6.14716
2.70438 0.00143366 11016 5.94754
2.72238 0.00140809 11870 5.84148
2.74093 0.00139741 12516 5.79716
2.75923 0.00137906 11880 5.72105
2.77729 0.00134161 11886 5.56566
2.79526 0.00134515 13104 5.58038
2.81432 0.00127489 12764 5.28888
2.833 0.0012971 13446 5.38101
2.85202 0.0012553 13464 5.20759
2.87073 0.00124724 13398 5.1742
2.89013 0.00121524 14628 5.04143
2.90936 0.00120235 14024 4.98797
2.92925 0.00118469 15054 4.9147
2.94838 0.00116915 14496 4.85024
2.96782 0.00112017 15012 4.64704
2.98749 0.00114156 15422 4.73575
3.00704 0.00108929 15624 4.51891
3.02719 0.00107808 16146 4.4724
3.04759 0.00106965 17064 4.43746
3.06788 0.00103929 16152 4.31149
3.08831 0.00103723 17510 4.30296
3.10884 0.00101946 17172 4.22924
3.12935 0.000988367 17880 4.10024
3.15034 0.00097563 18030 4.0474
3.17113 0.00096048 18680 3.98455
3.19265 0.000932382 19170 3.86799
3.21364 0.000937696 18720 3.89003
3.23467 0.000915814 19536 3.79925
3.25676 0.000890059 20954 3.69241
3.27858 0.000864089 20328 3.58468
3.3005 0.000867623 20718 3.59934
3.32227 0.000852037 21348 3.53468
3.34438 0.000844095 21534 3.50173
3.36657 0.000825438 22256 3.42433
3.38869 0.000812866 22104 3.37218
3.41124 0.000810783 23178 3.36354
3.43406 0.000792388 23880 3.28722
3.45721 0.000773958 24230 3.21077
3.48034 0.000759714 24468 3.15167
3.50366 0.000762695 25230 3.16404
3.5269 0.000733271 25328 3.04197
3.5504 0.000715393 25818 2.96781
3.57388 0.000712404 26616 2.95541
3.59743 0.000691544 26376 2.86887
3.62141 0.00068078 28034 2.82422
3.64536 0.000679899 27816 2.82056
3.66958 0.000669567 28398 2.7777
3.69387 0.000654985 29652 2.71721
3.71882 0.000636613 30134 2.64099
3.74375 0.000638324 30792 2.64809
3.76897 0.000620991 31218 2.57618
3.79359 0.00060514 30912 2.51042
3.81905 0.000601069 33158 2.49354
3.84456 0.000585277 32772 2.42802
3.86994 0.000582321 33150 2.41576
3.89542 0.000567649 34256 2.35489
3.92167 0.000561712 35562 2.33026
3.9475 0.000550886 34992 2.28535
3.97388 0.000550498 37158 2.28374
4.00046 0.00054162 36956 2.24691
4.0271 0.000527739 37950 2.18933
4.05369 0.000519383 38496 2.15466
4.08104 0.000507164 40274 2.10397
4.10806 0.00049673 39264 2.06068
4.13528 0.000489724 41466 2.03162
4.16281 0.000473298 41960 1.96348
4.19067 0.000475062 42702 1.97079
4.2184 0.000468545 43356 1.94376
4.24659 0.000453591 44886 1.88173
4.27484 0.000453107 45248 1.87972
4.30338 0.000445228 46362 1.84703
4.33198 0.000430698 46974 1.78675
4.36071 0.000431983 48236 1.79208
4.3897 0.000422349 48774 1.75212
4.4189 0.000417442 50616 1.73176
4.44852 0.000405438 51050 1.68196
4.4781 0.000400728 52272 1.66242
4.50814 0.000395125 53658 1.63918
4.53768 0.000384309 52640 1.59431
4.56805 0.000381974 57366 1.58462
4.59871 0.000371835 55170 1.54256
4.62914 0.000364329 58544 1.51142
4.66021 0.000357698 58506 1.48391
4.69082 0.000356105 58968 1.4773
4.72214 0.000345024 62366 1.43133
4.75359 0.000345123 61266 1.43174
4.785 0.000333757 63960 1.38459
4.81697 0.000329154 64730 1.3655
4.84894 0.000323899 66360 1.3437
4.88139 0.000321763 67778 1.33483
4.91407 0.000310932 69558 1.2899
4.94671 0.000308393 69660 1.27937
4.97947 0.000299863 71390 1.24398
5.01272 0.000294457 73974 1.22156
5.04614 0.000292684 74196 1.2142
5.07982 0.000288367 76622 1.19629
5.11321 0.000282992 75516 1.17399
5.14731 0.00027523 81510 1.14179
5.18198 0.000270532 80138 1.1223
5.21624 0.000267563 82368 1.10999
5.25098 0.00026221 84098 1.08778
5.28607 0.000260084 86286 1.07896
5.32112 0.000254849 86700 1.05724
5.35657 0.000248189 90014 1.02961
5.39237 0.000247974 90930 1.02872
5.42797 0.000240403 91694 0.997312
5.46416 0.000236471 96228 0.981
5.5009 0.000233419 97014 0.968341
5.53734 0.000227572 97370 0.944082
5.57394 0.000225615 100656 0.935963
5.61112 0.000219277 102530 0.909673
5.64841 0.000216827 104454 0.899507
5.68598 0.000211228 107196 0.876279
5.72422 0.000208248 110414 0.863917
5.76233 0.00020555 109578 0.852725
5.80067 0.000203295 114974 0.843369
5.83932 0.000201131 114396 0.834391
5.87805 0.000196318 118190 0.814427
5.91726 0.000191419 120498 0.7941
5.95666 0.000188895 122718 0.783632
5.99617 0.000186517 124604 0.773766
6.03605 0.000181277 127950 0.752027
6.07637 0.000179673 130826 0.745374
6.11683 0.000175233 132510 0.726954
6.15724 0.000172692 134180 0.716412
6.19831 0.000170554 140214 0.707543
6.23974 0.00016741 140018 0.694499
6.28136 0.000163001 145650 0.676211
6.32317 0.000161481 145350 0.669904
6.3651 0.00015843 150188 0.657246
6.40747 0.000156228 152214 0.648113
6.45023 0.000152433 157226 0.632369
6.49325 0.000149662 158118 0.620874
6.53637 0.000149196 162338 0.61894
6.57987 0.000144671 165378 0.600169
6.62371 0.000143265 169256 0.594337
6.66769 0.000140723 170682 0.58379
6.71213 0.000137905 177566 0.572098
6.75715 0.000135259 179610 0.561122
6.80213 0.000132789 182690 0.550876
6.8473 0.000130435 185694 0.54111
6.8928 0.000128727 190346 0.534025
6.93857 0.000125541 192852 0.520807
6.98472 0.000123917 198806 0.514069
7.03127 0.000122099 201378 0.50653
7.07818 0.000119649 207446 0.496366
7.12517 0.000117838 207258 0.488853
7.17243 0.00011506 215762 0.477328
7.22044 0.000113382 219702 0.470363
7.26849 0.000111244 221522 0.461494
7.31672 0.000109523 227754 0.454356
7.3654 0.00010773 231710 0.446917
7.41433 0.000105368 235994 0.437121
7.4637 0.000104212 242346 0.432325
7.51349 0.000102155 246704 0.423788
7.56347 0.000100638 250410 0.417496
7.61393 9.86931e-05 258410 0.409429
7.66479 9.66744e-05 261414 0.401054
7.71574 9.53199e-05 265874 0.395435
7.76711 9.32498e-05 273450 0.386847
7.81889 9.21023e-05 276974 0.382087
7.87101 9.05551e-05 284402 0.375668
7.92338 8.85282e-05 287754 0.367259
7.97606 8.72124e-05 295010 0.361801
8.0293 8.58221e-05 302142 0.356033
8.08275 8.40946e-05 304946 0.348867
8.13628 8.27996e-05 311642 0.343494
8.19037 8.09897e-05 319326 0.335986
8.24475 8.00693e-05 323618 0.332168
8.29961 7.88155e-05 333744 0.326966
8.35495 7.70643e-05 337970 0.319702
8.41075 7.57921e-05 348758 0.314424
8.46683 7.44782e-05 350346 0.308973
8.52295 7.32408e-05 358778 0.30384
8.57991 7.22674e-05 370578 0.299802
8.63732 7.09916e-05 374258 0.294509
8.69471 6.96102e-05 380558 0.288778
8.75245 6.84851e-05 388434 0.284111
8.81071 6.74249e-05 398522 0.279712
8.8694 6.65296e-05 404042 0.275998
8.92825 6.53184e-05 412164 0.270973
8.98764 6.39129e-05 422258 0.265143
9.04755 6.29768e-05 430754 0.26126
9.10782 6.18158e-05 438906 0.256443
9.16841 6.098e-05 446738 0.252976
9.22955 6.00259e-05 459098 0.249018
9.29099 5.91747e-05 463380 0.245486
9.35274 5.81611e-05 476138 0.241281
9.41504 5.70932e-05 484322 0.236851
9.47775 5.61799e-05 495738 0.233063
9.54092 5.55212e-05 504266 0.23033
9.60451 5.44721e-05 515696 0.225977
9.66826 5.38668e-05 520974 0.223466
9.73246 5.29072e-05 536882 0.219486
9.79738 5.18641e-05 546818 0.215158
9.86258 5.13434e-05 556178 0.212998
9.92813 5.06093e-05 567672 0.209953
9.99431 4.97574e-05 582314 0.206419
10.0611 4.89308e-05 593138 0.202989
10.128 4.83828e-05 600920 0.200716
10.1952 4.75769e-05 614274 0.197373
10.2631 4.69643e-05 630050 0.194831
10.3315 4.61795e-05 638678 0.191576
10.4002 4.56067e-05 653984 0.189199
10.4696 4.492e-05 669618 0.186351
10.5393 4.43535e-05 676922 0.184001
10.6093 4.37962e-05 692552 0.181689
10.6799 4.32586e-05 709178 0.179459
10.7511 4.25872e-05 721416 0.176673
10.8226 4.20124e-05 735698 0.174289
10.8947 4.14644e-05 752546 0.172015
10.9672 4.11354e-05 763760 0.17065
11.0401 4.06538e-05 782498 0.168652
11.1137 4.01799e-05 797178 0.166686
11.1877 3.96852e-05 814976 0.164634
11.2623 3.9168e-05 831266 0.162489
11.3374 3.8805e-05 845696 0.160983
11.4126 3.84372e-05 860234 0.159457
11.4886 3.80304e-05 883928 0.157769
11.5652 3.77534e-05 898338 0.15662
11.6423 3.72305e-05 917576 0.154451
11.7197 3.70057e-05 933194 0.153518
11.7976 3.66428e-05 952736 0.152013
11.8762 3.63117e-05 974522 0.150639
11.9552 3.59535e-05 990032 0.149153
12.0348 3.59116e-05 1013438 0.148979
12.1149 3.54703e-05 1031168 0.147149
12.1955 3.52945e-05 1055610 0.146419
12.2768 3.51065e-05 1074440 0.14564
12.3584 3.4983e-05 1095146 0.145127
12.4407 3.4688e-05 1119584 0.143903
12.5236 3.45231e-05 1141922 0.143219
12.6069 3.43733e-05 1160216 0.142598
12.6907 3.42802e-05 1185992 0.142212
12.7753 3.4211e-05 1215422 0.141924
12.8604 3.41722e-05 1235072 0.141763
12.946 3.40121e-05 1259024 0.141099
13.0322 3.3951e-05 1286210 0.140846
13.1189 3.39887e-05 1310960 0.141002
13.2063 3.40324e-05 1338056 0.141183
13.2942 3.39819e-05 1364966 0.140974
13.3827 3.39923e-05 1391768 0.141017
13.4718 3.41381e-05 1420448 0.141622
13.5615 3.41918e-05 1448858 0.141845
13.6518 3.42485e-05 1477952 0.14208
13.7426 3.44135e-05 1506308 0.142765
13.8341 3.45924e-05 1538144 0.143507
13.9261 3.47132e-05 1567562 0.144008
14.0187 3.49518e-05 1596704 0.144998
14.112 3.51091e-05 1635572 0.14565
14.2061 3.54309e-05 1666520 0.146985
14.3007 3.56734e-05 1699304 0.147991
14.396 3.60263e-05 1734278 0.149455
14.4918 3.62896e-05 1764392 0.150548
14.5882 3.67885e-05 1804904 0.152617
14.6854 3.70924e-05 1841024 0.153878
14.7831 3.75113e-05 1873820 0.155616
14.8815 3.79807e-05 1913600 0.157563
14.9805 3.84736e-05 1952864 0.159608
15.0803 3.90743e-05 1994966 0.1621
15.1808 3.96867e-05 2032160 0.16464
15.2818 4.03316e-05 2070124 0.167316
15.3835 4.09839e-05 2117456 0.170022
15.486 4.16689e-05 2156600 0.172863
15.5891 4.24218e-05 2200316 0.175987
15.6929 4.3159e-05 2247272 0.179045
15.7974 4.41534e-05 2287460 0.183171
15.9025 4.50113e-05 2335424 0.18673
16.0083 4.58215e-05 2383216 0.190091
16.1149 4.70764e-05 2430548 0.195297
16.2221 4.80782e-05 2474288 0.199453
16.3301 4.93157e-05 2533724 0.204586
16.4388 5.03537e-05 2578544 0.208892
16.5483 5.18322e-05 2634154 0.215026
16.6585 5.31047e-05 2685200 0.220305
16.7694 5.46671e-05 2740268 0.226787
16.881 5.61897e-05 2791568 0.233103
16.9934 5.78137e-05 2854940 0.23984
17.1066 5.95016e-05 2904208 0.246842
17.2204 6.12398e-05 2965964 0.254054
17.335 6.34691e-05 3022550 0.263302
17.4504 6.54217e-05 3089068 0.271402
17.5666 6.7569e-05 3148604 0.28031
17.6835 6.98665e-05 3210680 0.289841
17.8012 7.24246e-05 3275210 0.300454
17.9197 7.51601e-05 3346312 0.311802
18.0391 7.78391e-05 3408932 0.322916
18.1591 8.08658e-05 3475196 0.335472
18.28 8.44026e-05 3550342 0.350144
18.4017 8.7526e-05 3618788 0.363102
18.5242 9.09487e-05 3690872 0.377301
18.6475 9.52908e-05 3765538 0.395314
18.7716 9.94248e-05 3838964 0.412464
18.8965 0.000103715 3920362 0.430261
19.0224 0.000108641 4000832 0.450696
19.149 0.000113141 4077428 0.469364
19.2765 0.000119324 4160626 0.495017
19.4048 0.00012478 4243208 0.517652
19.5341 0.000131383 4335538 0.545042
19.6642 0.00013793 4413500 0.572204
19.795 0.000145504 4505450 0.603622
19.9268 0.000153094 4596040 0.635111
20.0594 0.00016227 4684418 0.673177
20.1929 0.000171405 4784836 0.711074
20.3274 0.000182036 4877354 0.755178
20.4627 0.0001919 4975786 0.796098
20.5989 0.000205258 5078756 0.851512
20.736 0.000217465 5177662 0.902154
20.874 0.000230537 5280932 0.956385
21.013 0.000249553 5391274 1.03527
21.153 0.000263868 5500906 1.09466
21.2938 0.000282316 5604530 1.17119
21.4354 0.000306607 5715700 1.27196
21.5782 0.000328827 5842058 1.36414
21.7219 0.000352725 5955226 1.46328
21.8664 0.000378914 6063770 1.57193
22.012 0.000417019 6202156 1.73
22.1586 0.000450921 6320530 1.87065
22.3061 0.000490881 6442874 2.03642
22.4546 0.00053588 6578986 2.2231
22.6041 0.000583706 6707818 2.42151
22.7545 0.000640179 6838082 2.65578
22.906 0.000708853 6987316 2.94068
23.0585 0.000789468 7117018 3.27511
23.2119 0.000875801 7259306 3.63326
23.3665 0.000977133 7415650 4.05364
23.5221 0.00109872 7558810 4.55804
23.6787 0.00123386 7716338 5.11865
23.8363 0.00139871 7860058 5.80254
23.9949 0.00159212 8022286 6.60493
24.1547 0.00182381 8191498 7.56606
24.3155 0.00211084 8341402 8.75682
24.4773 0.00249934 8524784 10.3685
24.6403 0.00301757 8686018 12.5184
24.8043 0.00363344 8865142 15.0733
24.9694 0.00439578 9040714 18.2359
25.1357 0.00538204 9225754 22.3274
25.303 0.00667068 9409058 27.6733
25.4715 0.00921541 9599212 38.2302
25.641 0.0129925 9792874 53.8993
25.8118 0.0165515 9989362 68.664
25.9836 0.0224909 10185502 93.3037
26.1565 0.0471459 10394392 195.585
26.3307 0.0625471 10607554 259.477
26.506 0.112235 10813990 465.608
26.6824 0.25765 11029240 1068.86
26.8598 0.0709885 11191111 294.496
27.0386 0.00100751 11185948 4.17966
27.2186 0.00095383 11191384 3.95696
27.3998 0.000934056 11166280 3.87493
27.5821 0.000924992 11162812 3.83733
27.7658 0.000922712 11148064 3.82787
27.9506 0.000922802 11122480 3.82824
28.1366 0.000927042 11104984 3.84584
28.3239 0.000934557 11085376 3.87701
28.5125 0.000942976 11049712 3.91194
28.7023 0.000954319 11013328 3.959
28.8933 0.000968774 10970140 4.01896
29.0857 0.000984047 10943872 4.08232
29.2794 0.00100297 10885456 4.16081
29.4742 0.00102279 10833720 4.24303
29.6704 0.00104642 10777816 4.34107
29.8679 0.00107163 10724320 4.44568
30.0668 0.0011009 10657576 4.56707
30.2669 0.00113244 10579924 4.69794
30.4684 0.00116666 10508784 4.83989
30.6712 0.00120651 10422700 5.00522
30.8754 0.00125114 10345720 5.19037
31.081 0.00130071 10248148 5.39599
31.2878 0.00135803 10144776 5.63381
31.4961 0.00142453 10050904 5.90966
31.7058 0.00149688 9924772 6.20981
31.9167 0.00158174 9816636 6.56187
32.1292 0.00168514 9692764 6.99082
32.3431 0.0018036 9567688 7.48226
32.5585 0.00193974 9424104 8.04701
32.7752 0.00210464 9278716 8.73112
32.9933 0.0023025 9127788 9.55192
33.2129 0.00254279 8968792 10.5488
33.434 0.00284075 8801068 11.7848
33.6565 0.00320739 8626764 13.3059
33.8806 0.00367708 8444740 15.2544
34.1061 0.00426781 8248812 17.705
34.3331 0.00502185 8050900 20.8332
34.5617 0.00601965 7840044 24.9725
34.7917 0.00731314 7621816 30.3386
35.0232 0.00918847 7391184 38.1184
35.2564 0.0118904 7158996 49.3272
35.491 0.0153394 6904924 63.6356
35.7272 0.0211 6649248 87.5332
35.965 0.0294743 6384676 122.274
36.2044 0.0431417 6098844 178.973
36.4453 0.0659466 5811012 273.58
36.6878 0.107932 5508112 447.755
36.9319 0.167879 5195916 696.446
37.1776 0.327003 4872228 1356.57
37.425 0.635946 4531392 2638.22
37.6739 0.85302 4181068 3538.76
37.9246 0.316378 3827115 1312.5
38.1772 0.00259831 3511752 10.7791
38.4314 0.00273097 3240696 11.3294
38.6872 0.00292616 2990682 12.1392
38.9448 0.00317818 2763190 13.1847
39.2041 0.00349287 2544444 14.4902
39.465 0.00389692 2340936 16.1664
39.7277 0.00439743 2149530 18.2428
39.9921 0.005045 1967724 20.9292
40.2582 0.00587812 1794918 24.3854
40.5261 0.00696264 1632468 28.8845
40.7957 0.0083861 1477728 34.7897
41.0671 0.0102894 1333008 42.6857
41.3404 0.0129643 1194306 53.7825
41.6155 0.0165875 1064754 68.8133
41.8925 0.0217938 941964 90.4116
42.1712 0.0293783 826020 121.876
42.4515 0.0408415 718284 169.431
42.7339 0.0590824 619944 245.104
43.0181 0.0873006 524820 362.167
43.3041 0.13569 441182 562.91
43.5916 0.216724 360702 899.079
43.8811 0.373831 292782 1550.84
44.1732 0.674896 228006 2799.81
44.4652 1.28358 171158 5324.94
44.7587 2.71144 124494 11248.4
45.0552 6.31297 84168 26189.4
45.3521 16.8483 51006 69895
45.6466 53.3628 26360 221376
45.9351 206.668 9960 857364
46.1972 708.554 1561 2.93944e+06
