# in Mpc/h Units 
# D1 = 1 
# k P N P(z=0)
0.0523599 9.09888e-15 12 9.09888e-15
0.074048 1.33623e-14 24 1.33623e-14
0.09069 1.79223e-15 16 1.79223e-15
0.10472 4.28496e-14 12 4.28496e-14
0.11708 1.3734e-13 48 1.3734e-13
0.128255 1.19159e-13 48 1.19159e-13
0.148096 9.02e-14 24 9.02e-14
0.15708 2.39901e-13 60 2.39901e-13
0.165576 7.01192e-13 48 7.01192e-13
0.173658 6.52845e-13 48 6.52845e-13
0.18138 4.98793e-14 16 4.98793e-14
0.188786 3.33187e-13 48 3.33187e-13
0.195913 3.24468e-13 96 3.24468e-13
0.20944 1.45606e-12 12 1.45606e-12
0.215885 1.44678e-12 96 1.44678e-12
0.222144 2.34193e-12 72 2.34193e-12
0.228231 1.08977e-12 48 1.08977e-12
0.23416 2.7442e-12 48 2.7442e-12
0.239943 2.54134e-12 96 2.54134e-12
0.24559 4.03981e-13 48 4.03981e-13
0.25651 1.87354e-12 48 1.87354e-12
0.261799 1.66478e-12 60 1.66478e-12
0.266984 2.09617e-12 144 2.09617e-12
0.27207 4.76866e-12 64 4.76866e-12
0.281967 2.67251e-12 144 2.67251e-12
0.286787 5.62769e-12 96 5.62769e-12
0.296192 1.00543e-12 24 1.00543e-12
0.300785 3.28518e-12 96 3.28518e-12
0.305308 2.15209e-12 96 2.15209e-12
0.309765 4.16094e-12 96 4.16094e-12
0.314159 5.149e-12 60 5.149e-12
0.318493 1.30032e-11 48 1.30032e-11
0.322768 6.51162e-12 144 6.51162e-12
0.331153 4.58664e-12 48 4.58664e-12
0.335267 7.79104e-12 192 7.79104e-12
0.339331 3.75094e-12 96 3.75094e-12
0.343347 3.24734e-12 48 3.24734e-12
0.347316 9.65833e-12 48 9.65833e-12
0.351241 4.49963e-12 144 4.49963e-12
0.355122 1.21255e-11 96 1.21255e-11
0.36276 4.96599e-13 16 4.96599e-13
0.366519 1.02647e-11 108 1.02647e-11
0.37024 1.10577e-11 168 1.10577e-11
0.373924 1.30991e-11 96 1.30991e-11
0.377572 7.45023e-12 48 7.45023e-12
0.381186 1.82855e-11 144 1.82855e-11
0.384765 1.27879e-11 192 1.27879e-11
0.391825 7.5378e-12 96 7.5378e-12
0.395308 1.62332e-11 96 1.62332e-11
0.398761 1.79891e-11 48 1.79891e-11
0.402184 1.90297e-11 144 1.90297e-11
0.408944 7.87397e-12 144 7.87397e-12
0.412282 1.53794e-11 192 1.53794e-11
0.418879 6.02511e-11 12 6.02511e-11
0.422139 1.70762e-11 192 1.70762e-11
0.425374 1.93516e-11 192 1.93516e-11
0.428584 2.07824e-11 48 2.07824e-11
0.431771 1.73785e-11 96 1.73785e-11
0.434934 4.33302e-11 192 4.33302e-11
0.438074 6.05288e-12 96 6.05288e-12
0.444288 2.51301e-11 72 2.51301e-11
0.447363 1.83229e-11 96 1.83229e-11
0.450417 2.19009e-11 240 2.19009e-11
0.45345 1.39803e-11 112 1.39803e-11
0.456463 1.58789e-11 48 1.58789e-11
0.459456 2.57762e-11 192 2.57762e-11
0.46243 1.4973e-11 96 1.4973e-11
0.468321 4.33306e-11 48 4.33306e-11
0.471239 1.95079e-11 204 1.95079e-11
0.475868 3.01405e-11 240 3.01405e-11
0.479886 4.98231e-11 96 4.98231e-11
0.482734 3.43148e-11 96 3.43148e-11
0.485566 3.16932e-11 240 3.16932e-11
0.491179 6.62349e-12 48 6.62349e-12
0.493962 3.82959e-11 288 3.82959e-11
0.497516 4.46978e-11 336 4.46978e-11
0.50494 3.99484e-11 96 3.99484e-11
0.507648 3.48683e-11 192 3.48683e-11
0.51302 2.91192e-11 48 2.91192e-11
0.515685 5.63704e-11 96 5.63704e-11
0.518336 4.77884e-11 216 4.77884e-11
0.520974 2.35948e-11 144 2.35948e-11
0.525815 5.58683e-11 396 5.58683e-11
0.528809 7.64562e-11 96 7.64562e-11
0.533968 4.27972e-11 144 4.27972e-11
0.536529 6.08584e-11 192 6.08584e-11
0.539078 5.43023e-11 144 5.43023e-11
0.542392 6.15313e-11 208 6.15313e-11
0.546653 5.07603e-11 144 5.07603e-11
0.549155 4.75706e-11 288 4.75706e-11
0.557822 4.60602e-11 384 4.60602e-11
0.561497 4.13095e-11 96 4.13095e-11
0.565449 5.61493e-11 384 5.61493e-11
0.568774 8.74615e-11 144 8.74615e-11
0.573574 7.9644e-11 96 7.9644e-11
0.575959 3.36598e-11 156 3.36598e-11
0.57901 6.54439e-11 336 6.54439e-11
0.585401 8.24716e-11 288 8.24716e-11
0.587738 9.52424e-11 288 9.52424e-11
0.592384 2.69132e-11 24 2.69132e-11
0.595269 6.68595e-11 384 6.68595e-11
0.599938 6.92205e-11 336 6.92205e-11
0.603844 3.3762e-11 96 3.3762e-11
0.606109 8.10422e-11 336 8.10422e-11
0.61211 7.5463e-11 288 7.5463e-11
0.616043 8.78881e-11 336 8.78881e-11
0.621003 1.0415e-10 288 1.0415e-10
0.62394 4.0933e-11 96 4.0933e-11
0.628319 4.10938e-11 60 4.10938e-11
0.631943 1.13238e-10 576 1.13238e-10
0.635476 1.14703e-10 160 1.14703e-10
0.640026 1.03286e-10 576 1.03286e-10
0.645536 1.50196e-10 144 1.50196e-10
0.648501 1.24021e-10 480 1.24021e-10
0.651875 7.13952e-11 192 7.13952e-11
0.657259 1.38962e-10 336 1.38962e-10
0.664143 1.38854e-10 432 1.38854e-10
0.666806 8.87698e-11 264 8.87698e-11
0.671554 9.78686e-11 384 9.78686e-11
0.67461 6.09497e-11 240 6.09497e-11
0.67991 1.80969e-10 252 1.80969e-10
0.683858 1.32022e-10 576 1.32022e-10
0.689604 1.49609e-10 624 1.49609e-10
0.694632 1.2305e-10 48 1.2305e-10
0.699101 1.71892e-10 528 1.71892e-10
0.703699 9.13504e-11 384 9.13504e-11
0.707341 1.53805e-10 384 1.53805e-10
0.712995 1.48129e-10 672 1.48129e-10
0.716011 1.76092e-10 96 1.76092e-10
0.72021 1.58038e-10 480 1.58038e-10
0.728882 1.67224e-10 592 1.67224e-10
0.73184 1.73034e-10 300 1.73034e-10
0.735837 1.8454e-10 480 1.8454e-10
0.741648 1.77094e-10 456 1.77094e-10
0.745808 1.69788e-10 432 1.69788e-10
0.750984 1.86993e-10 672 1.86993e-10
0.757319 1.76178e-10 720 1.76178e-10
0.761471 1.2882e-10 288 1.2882e-10
0.764935 2.04301e-10 336 2.04301e-10
0.771444 1.77071e-10 624 1.77071e-10
0.777209 2.52169e-10 576 2.52169e-10
0.781021 2.41147e-10 384 2.41147e-10
0.786997 2.39971e-10 732 2.39971e-10
0.793162 2.66435e-10 816 2.66435e-10
0.798994 3.15634e-10 336 3.15634e-10
0.801928 2.76161e-10 672 2.76161e-10
0.80675 2.84619e-10 480 2.84619e-10
0.81435 2.8407e-10 760 2.8407e-10
0.819874 2.26823e-10 768 2.26823e-10
0.825561 2.08118e-10 480 2.08118e-10
0.829315 2.85607e-10 720 2.85607e-10
0.834578 3.55746e-10 396 3.55746e-10
0.840616 3.02385e-10 768 3.02385e-10
0.845798 3.38602e-10 768 3.38602e-10
0.852892 3.27361e-10 864 3.27361e-10
0.858982 2.57379e-10 1056 2.57379e-10
0.865654 3.5823e-10 576 3.5823e-10
0.869604 4.42088e-10 576 4.42088e-10
0.875816 3.49663e-10 912 3.49663e-10
0.882071 3.35557e-10 720 3.35557e-10
0.886104 3.87336e-10 360 3.87336e-10
0.89194 4.57202e-10 972 4.57202e-10
0.897856 4.54701e-10 1008 4.54701e-10
0.904202 4.72462e-10 1024 4.72462e-10
0.909643 4.37942e-10 528 4.37942e-10
0.916102 4.03072e-10 1200 4.03072e-10
0.921642 5.7211e-10 576 5.7211e-10
0.928714 4.42099e-10 1344 4.42099e-10
0.936467 4.53645e-10 816 4.53645e-10
0.942098 4.3196e-10 924 4.3196e-10
0.947697 5.4878e-10 1200 5.4878e-10
0.95445 5.45753e-10 1008 5.45753e-10
0.96178 5.37202e-10 648 5.37202e-10
0.966657 5.44082e-10 1488 5.44082e-10
0.973282 4.89015e-10 912 4.89015e-10
0.979174 6.05643e-10 864 6.05643e-10
0.98607 5.8201e-10 1440 5.8201e-10
0.994526 5.41173e-10 1068 5.41173e-10
1.00005 7.13645e-10 1072 7.13645e-10
1.00695 6.15914e-10 1248 6.15914e-10
1.01254 7.40669e-10 1200 7.40669e-10
1.01915 6.9005e-10 1392 6.9005e-10
1.02716 6.46867e-10 912 6.46867e-10
1.03311 6.83189e-10 1464 6.83189e-10
1.04021 5.94213e-10 1200 5.94213e-10
1.04746 7.09474e-10 1404 7.09474e-10
1.05386 7.88132e-10 1344 7.88132e-10
1.06134 8.2579e-10 1536 8.2579e-10
1.06878 7.88916e-10 1536 7.88916e-10
1.07508 7.93316e-10 816 7.93316e-10
1.08188 8.33369e-10 2160 8.33369e-10
1.09086 9.20786e-10 1264 9.20786e-10
1.09724 7.47784e-10 1500 7.47784e-10
1.10427 9.97599e-10 1392 9.97599e-10
1.11146 1.08019e-09 1752 1.08019e-09
1.11946 8.79676e-10 1728 8.79676e-10
1.12585 9.71922e-10 1536 9.71922e-10
1.13353 9.56244e-10 1776 9.56244e-10
1.14144 1.13836e-09 1632 1.13836e-09
1.14947 1.1307e-09 1308 1.1307e-09
1.15655 1.1611e-09 2592 1.1611e-09
1.16466 1.23872e-09 1632 1.23872e-09
1.17201 1.40579e-09 1632 1.40579e-09
1.17979 1.20883e-09 2176 1.20883e-09
1.18868 1.08449e-09 2040 1.08449e-09
1.19695 1.25684e-09 2064 1.25684e-09
1.2048 1.10244e-09 1884 1.10244e-09
1.21235 1.43964e-09 2064 1.43964e-09
1.22125 1.30411e-09 2256 1.30411e-09
1.22758 1.29157e-09 1776 1.29157e-09
1.23587 1.5067e-09 2352 1.5067e-09
1.24422 1.32866e-09 1920 1.32866e-09
1.25132 1.3837e-09 2220 1.3837e-09
1.26083 1.76342e-09 2232 1.76342e-09
1.26841 1.62734e-09 2704 1.62734e-09
1.27694 1.56004e-09 2400 1.56004e-09
1.28569 1.61385e-09 2448 1.61385e-09
1.29494 1.79366e-09 2640 1.79366e-09
1.30323 1.57777e-09 2256 1.57777e-09
1.31205 1.97212e-09 3036 1.97212e-09
1.31993 1.96024e-09 2160 1.96024e-09
1.32925 1.84162e-09 3048 1.84162e-09
1.33806 1.94445e-09 2832 1.94445e-09
1.34776 2.01019e-09 3408 2.01019e-09
1.3575 1.93589e-09 2176 1.93589e-09
1.36503 2.0349e-09 2892 2.0349e-09
1.37457 2.43289e-09 3600 2.43289e-09
1.38423 2.27705e-09 3024 2.27705e-09
1.39292 2.23385e-09 2784 2.23385e-09
1.40119 2.0973e-09 2784 2.0973e-09
1.41152 2.55643e-09 3924 2.55643e-09
1.42148 2.42475e-09 3552 2.42475e-09
1.4311 2.72403e-09 3360 2.72403e-09
1.44075 2.59331e-09 3552 2.59331e-09
1.4503 2.65683e-09 3088 2.65683e-09
1.45906 2.61272e-09 3792 2.61272e-09
1.46881 2.98154e-09 3324 2.98154e-09
1.47857 3.25284e-09 3816 3.25284e-09
1.48825 2.88369e-09 4368 2.88369e-09
1.49906 2.79195e-09 3696 2.79195e-09
1.50823 3.04204e-09 3696 3.04204e-09
1.51928 3.0927e-09 4476 3.0927e-09
1.52892 3.49512e-09 4176 3.49512e-09
1.53945 3.40425e-09 4384 3.40425e-09
1.54826 3.53521e-09 3072 3.53521e-09
1.55799 3.57364e-09 4824 3.57364e-09
1.56909 3.48503e-09 4524 3.48503e-09
1.57956 3.92701e-09 4896 3.92701e-09
1.58993 3.86438e-09 4080 3.86438e-09
1.60098 3.97204e-09 5952 3.97204e-09
1.61239 3.53791e-09 4368 3.53791e-09
1.62326 4.43692e-09 5100 4.43692e-09
1.63365 4.29787e-09 4792 4.29787e-09
1.64411 4.71703e-09 5520 4.71703e-09
1.65507 4.07109e-09 4848 4.07109e-09
1.66671 4.48709e-09 5664 4.48709e-09
1.67729 4.82382e-09 5148 4.82382e-09
1.68865 4.87976e-09 6048 4.87976e-09
1.69926 4.69758e-09 4968 4.69758e-09
1.71073 5.10537e-09 6336 5.10537e-09
1.72232 5.29208e-09 5788 5.29208e-09
1.73367 5.41547e-09 5712 5.41547e-09
1.74507 5.8558e-09 6768 5.8558e-09
1.75738 5.47279e-09 6480 5.47279e-09
1.76843 5.52546e-09 5712 5.52546e-09
1.78079 5.8762e-09 6948 5.8762e-09
1.79234 6.41948e-09 6864 6.41948e-09
1.80467 6.14884e-09 7104 6.14884e-09
1.81741 6.47455e-09 7120 6.47455e-09
1.82908 6.56526e-09 6540 6.56526e-09
1.84056 7.20731e-09 7104 7.20731e-09
1.85297 6.99299e-09 7560 6.99299e-09
1.86529 7.08942e-09 7920 7.08942e-09
1.87828 6.82498e-09 7392 6.82498e-09
1.89033 7.61151e-09 7452 7.61151e-09
1.90289 7.81713e-09 8752 7.81713e-09
1.91524 7.42313e-09 7296 7.42313e-09
1.92801 7.6688e-09 8664 7.6688e-09
1.94114 8.21613e-09 8508 8.21613e-09
1.95358 8.52625e-09 8592 8.52625e-09
1.96683 8.57873e-09 8640 8.57873e-09
1.97893 8.54057e-09 8736 8.54057e-09
1.99314 9.07943e-09 9652 9.07943e-09
2.00669 9.42102e-09 10032 9.42102e-09
2.02001 9.96561e-09 9216 9.96561e-09
2.03371 9.33118e-09 9648 9.33118e-09
2.0469 1.09426e-08 9900 1.09426e-08
2.06043 1.06236e-08 10464 1.06236e-08
2.07427 1.06882e-08 9960 1.06882e-08
2.0873 1.11163e-08 9676 1.11163e-08
2.10142 1.14142e-08 12048 1.14142e-08
2.1162 1.1313e-08 11040 1.1313e-08
2.12987 1.18071e-08 10800 1.18071e-08
2.14398 1.1806e-08 11076 1.1806e-08
2.15842 1.30544e-08 12912 1.30544e-08
2.17295 1.24047e-08 11008 1.24047e-08
2.18708 1.23836e-08 12336 1.23836e-08
2.2017 1.38769e-08 11820 1.38769e-08
2.21574 1.34426e-08 12744 1.34426e-08
2.23088 1.4083e-08 13536 1.4083e-08
2.246 1.39067e-08 12588 1.39067e-08
2.26057 1.54501e-08 13312 1.54501e-08
2.27558 1.47602e-08 14448 1.47602e-08
2.29128 1.52587e-08 13416 1.52587e-08
2.30663 1.65509e-08 15132 1.65509e-08
2.32238 1.73796e-08 14832 1.73796e-08
2.33773 1.62479e-08 13968 1.62479e-08
2.35249 1.65732e-08 14620 1.65732e-08
2.36851 1.76014e-08 16296 1.76014e-08
2.38413 1.73308e-08 15264 1.73308e-08
2.40004 1.71298e-08 16176 1.71298e-08
2.41649 1.95783e-08 16956 1.95783e-08
2.43227 1.89137e-08 16224 1.89137e-08
2.44806 1.89792e-08 16216 1.89792e-08
2.46464 2.03195e-08 19020 2.03195e-08
2.48167 2.05784e-08 16944 2.05784e-08
2.4972 2.0371e-08 17664 2.0371e-08
2.51377 2.1572e-08 17796 2.1572e-08
2.5304 2.17154e-08 20016 2.17154e-08
2.54769 2.18417e-08 18784 2.18417e-08
2.56498 2.32651e-08 20412 2.32651e-08
2.58178 2.4249e-08 19056 2.4249e-08
2.59871 2.3629e-08 20472 2.3629e-08
2.61602 2.39114e-08 20796 2.39114e-08
2.63365 2.5655e-08 21568 2.5655e-08
2.6509 2.5143e-08 21168 2.5143e-08
2.66899 2.58799e-08 22692 2.58799e-08
2.68677 2.70818e-08 22800 2.70818e-08
2.70438 2.75068e-08 22032 2.75068e-08
2.72238 2.85909e-08 23740 2.85909e-08
2.74093 2.87225e-08 25032 2.87225e-08
2.75923 2.95691e-08 23760 2.95691e-08
2.77729 3.08122e-08 23772 3.08122e-08
2.79526 3.06674e-08 26208 3.06674e-08
2.81432 3.16251e-08 25528 3.16251e-08
2.833 3.32446e-08 26892 3.32446e-08
2.85202 3.34925e-08 26928 3.34925e-08
2.87073 3.32319e-08 26796 3.32319e-08
2.89013 3.56364e-08 29256 3.56364e-08
2.90936 3.45475e-08 28048 3.45475e-08
2.92925 3.66903e-08 30108 3.66903e-08
2.94838 3.76163e-08 28992 3.76163e-08
2.96782 3.78617e-08 30024 3.78617e-08
2.98749 3.84599e-08 30844 3.84599e-08
3.00704 3.9633e-08 31248 3.9633e-08
3.02719 3.88426e-08 32292 3.88426e-08
3.04759 4.0634e-08 34128 4.0634e-08
3.06788 4.21089e-08 32304 4.21089e-08
3.08831 4.35305e-08 35020 4.35305e-08
3.10884 4.40422e-08 34344 4.40422e-08
3.12935 4.44324e-08 35760 4.44324e-08
3.15034 4.74923e-08 36060 4.74923e-08
3.17113 4.73243e-08 37360 4.73243e-08
3.19265 4.83248e-08 38340 4.83248e-08
3.21364 4.85148e-08 37440 4.85148e-08
3.23467 5.0231e-08 39072 5.0231e-08
3.25676 5.16419e-08 41908 5.16419e-08
3.27858 5.20325e-08 40656 5.20325e-08
3.3005 5.25182e-08 41436 5.25182e-08
3.32227 5.38801e-08 42696 5.38801e-08
3.34438 5.5641e-08 43068 5.5641e-08
3.36657 5.76543e-08 44512 5.76543e-08
3.38869 5.6459e-08 44208 5.6459e-08
3.41124 5.93978e-08 46356 5.93978e-08
3.43406 5.97576e-08 47760 5.97576e-08
3.45721 6.10573e-08 48460 6.10573e-08
3.48034 6.35989e-08 48936 6.35989e-08
3.50366 6.30151e-08 50460 6.30151e-08
3.5269 6.75642e-08 50656 6.75642e-08
3.5504 6.54715e-08 51636 6.54715e-08
3.57388 6.6858e-08 53232 6.6858e-08
3.59743 6.78225e-08 52752 6.78225e-08
3.62141 7.10465e-08 56068 7.10465e-08
3.64536 7.00941e-08 55632 7.00941e-08
3.66958 7.36056e-08 56796 7.36056e-08
3.69387 7.27945e-08 59304 7.27945e-08
3.71882 7.53472e-08 60268 7.53472e-08
3.74375 7.72459e-08 61584 7.72459e-08
3.76897 7.86494e-08 62436 7.86494e-08
3.79359 8.04739e-08 61824 8.04739e-08
3.81905 8.18136e-08 66316 8.18136e-08
3.84456 8.30972e-08 65544 8.30972e-08
3.86994 8.34872e-08 66300 8.34872e-08
3.89542 8.7596e-08 68512 8.7596e-08
3.92167 8.77174e-08 71124 8.77174e-08
3.9475 8.92473e-08 69984 8.92473e-08
3.97388 9.01149e-08 74316 9.01149e-08
4.00046 9.20795e-08 73912 9.20795e-08
4.0271 9.20272e-08 75900 9.20272e-08
4.05369 9.47476e-08 76992 9.47476e-08
4.08104 9.72445e-08 80548 9.72445e-08
4.10806 9.82518e-08 78528 9.82518e-08
4.13528 1.0033e-07 82932 1.0033e-07
4.16281 1.01562e-07 83920 1.01562e-07
4.19067 1.02764e-07 85404 1.02764e-07
4.2184 1.05344e-07 86712 1.05344e-07
4.24659 1.06399e-07 89772 1.06399e-07
4.27484 1.07719e-07 90496 1.07719e-07
4.30338 1.11706e-07 92724 1.11706e-07
4.33198 1.0957e-07 93948 1.0957e-07
4.36071 1.14229e-07 96472 1.14229e-07
4.3897 1.16056e-07 97548 1.16056e-07
4.4189 1.18163e-07 101232 1.18163e-07
4.44852 1.1972e-07 102100 1.1972e-07
4.4781 1.20896e-07 104544 1.20896e-07
4.50814 1.22873e-07 107316 1.22873e-07
4.53768 1.24915e-07 105280 1.24915e-07
4.56805 1.27961e-07 114732 1.27961e-07
4.59871 1.29273e-07 110340 1.29273e-07
4.62914 1.3282e-07 117088 1.3282e-07
4.66021 1.34606e-07 117012 1.34606e-07
4.69082 1.34329e-07 117936 1.34329e-07
4.72214 1.37365e-07 124732 1.37365e-07
4.75359 1.42083e-07 122532 1.42083e-07
4.785 1.41522e-07 127920 1.41522e-07
4.81697 1.44385e-07 129460 1.44385e-07
4.84894 1.44249e-07 132720 1.44249e-07
4.88139 1.47195e-07 135556 1.47195e-07
4.91407 1.48608e-07 139116 1.48608e-07
4.94671 1.51325e-07 139320 1.51325e-07
4.97947 1.54022e-07 142780 1.54022e-07
5.01272 1.55716e-07 147948 1.55716e-07
5.04614 1.57792e-07 148392 1.57792e-07
5.07982 1.61136e-07 153244 1.61136e-07
5.11321 1.62931e-07 151032 1.62931e-07
5.14731 1.65929e-07 163020 1.65929e-07
5.18198 1.67391e-07 160276 1.67391e-07
5.21624 1.69034e-07 164736 1.69034e-07
5.25098 1.71463e-07 168196 1.71463e-07
5.28607 1.7404e-07 172572 1.7404e-07
5.32112 1.75082e-07 173400 1.75082e-07
5.35657 1.79372e-07 180028 1.79372e-07
5.39237 1.82125e-07 181860 1.82125e-07
5.42797 1.80801e-07 183388 1.80801e-07
5.46416 1.86938e-07 192456 1.86938e-07
5.5009 1.87004e-07 194028 1.87004e-07
5.53734 1.89742e-07 194740 1.89742e-07
5.57394 1.93201e-07 201312 1.93201e-07
5.61112 1.95784e-07 205060 1.95784e-07
5.64841 1.9715e-07 208908 1.9715e-07
5.68598 2.00727e-07 214392 2.00727e-07
5.72422 2.04968e-07 220828 2.04968e-07
5.76233 2.06243e-07 219156 2.06243e-07
5.80067 2.0879e-07 229948 2.0879e-07
5.83932 2.10894e-07 228792 2.10894e-07
5.87805 2.14077e-07 236380 2.14077e-07
5.91726 2.14839e-07 240996 2.14839e-07
5.95666 2.18614e-07 245436 2.18614e-07
5.99617 2.21458e-07 249208 2.21458e-07
6.03605 2.2532e-07 255900 2.2532e-07
6.07637 2.26074e-07 261652 2.26074e-07
6.11683 2.29082e-07 265020 2.29082e-07
6.15724 2.31044e-07 268360 2.31044e-07
6.19831 2.36645e-07 280428 2.36645e-07
6.23974 2.40562e-07 280036 2.40562e-07
6.28136 2.41813e-07 291300 2.41813e-07
6.32317 2.44654e-07 290700 2.44654e-07
6.3651 2.47354e-07 300376 2.47354e-07
6.40747 2.52058e-07 304428 2.52058e-07
6.45023 2.55394e-07 314452 2.55394e-07
6.49325 2.58161e-07 316236 2.58161e-07
6.53637 2.62741e-07 324676 2.62741e-07
6.57987 2.65886e-07 330756 2.65886e-07
6.62371 2.68578e-07 338512 2.68578e-07
6.66769 2.74851e-07 341364 2.74851e-07
6.71213 2.77234e-07 355132 2.77234e-07
6.75715 2.80858e-07 359220 2.80858e-07
6.80213 2.83701e-07 365380 2.83701e-07
6.8473 2.8705e-07 371388 2.8705e-07
6.8928 2.91766e-07 380692 2.91766e-07
6.93857 2.96651e-07 385704 2.96651e-07
6.98472 3.01828e-07 397612 3.01828e-07
7.03127 3.07552e-07 402756 3.07552e-07
7.07818 3.10971e-07 414892 3.10971e-07
7.12517 3.14204e-07 414516 3.14204e-07
7.17243 3.20778e-07 431524 3.20778e-07
7.22044 3.23848e-07 439404 3.23848e-07
7.26849 3.28748e-07 443044 3.28748e-07
7.31672 3.35513e-07 455508 3.35513e-07
7.3654 3.39119e-07 463420 3.39119e-07
7.41433 3.44323e-07 471988 3.44323e-07
7.4637 3.5071e-07 484692 3.5071e-07
7.51349 3.57726e-07 493408 3.57726e-07
7.56347 3.63627e-07 500820 3.63627e-07
7.61393 3.66848e-07 516820 3.66848e-07
7.66479 3.73832e-07 522828 3.73832e-07
7.71574 3.7877e-07 531748 3.7877e-07
7.76711 3.8782e-07 546900 3.8782e-07
7.81889 3.93874e-07 553948 3.93874e-07
7.87101 4.00751e-07 568804 4.00751e-07
7.92338 4.08831e-07 575508 4.08831e-07
7.97606 4.13902e-07 590020 4.13902e-07
8.0293 4.22745e-07 604284 4.22745e-07
8.08275 4.30643e-07 609892 4.30643e-07
8.13628 4.36383e-07 623284 4.36383e-07
8.19037 4.4438e-07 638652 4.4438e-07
8.24475 4.52518e-07 647236 4.52518e-07
8.29961 4.60532e-07 667488 4.60532e-07
8.35495 4.68929e-07 675940 4.68929e-07
8.41075 4.79323e-07 697516 4.79323e-07
8.46683 4.88184e-07 700692 4.88184e-07
8.52295 4.97628e-07 717556 4.97628e-07
8.57991 5.04824e-07 741156 5.04824e-07
8.63732 5.14586e-07 748516 5.14586e-07
8.69471 5.25768e-07 761116 5.25768e-07
8.75245 5.3467e-07 776868 5.3467e-07
8.81071 5.47713e-07 797044 5.47713e-07
8.8694 5.56361e-07 808084 5.56361e-07
8.92825 5.67999e-07 824328 5.67999e-07
8.98764 5.78799e-07 844516 5.78799e-07
9.04755 5.92625e-07 861508 5.92625e-07
9.10782 6.0045e-07 877812 6.0045e-07
9.16841 6.13776e-07 893476 6.13776e-07
9.22955 6.2887e-07 918196 6.2887e-07
9.29099 6.42485e-07 926760 6.42485e-07
9.35274 6.52412e-07 952276 6.52412e-07
9.41504 6.71838e-07 968644 6.71838e-07
9.47775 6.8329e-07 991476 6.8329e-07
9.54092 6.96642e-07 1008532 6.96642e-07
9.60451 7.11574e-07 1031392 7.11574e-07
9.66826 7.27384e-07 1041948 7.27384e-07
9.73246 7.40709e-07 1073764 7.40709e-07
9.79738 7.5692e-07 1093636 7.5692e-07
9.86258 7.75489e-07 1112356 7.75489e-07
9.92813 7.97512e-07 1135344 7.97512e-07
9.99431 8.1046e-07 1164628 8.1046e-07
10.0611 8.25469e-07 1186276 8.25469e-07
10.128 8.48228e-07 1201840 8.48228e-07
10.1952 8.67752e-07 1228548 8.67752e-07
10.2631 8.85646e-07 1260100 8.85646e-07
10.3315 9.08145e-07 1277356 9.08145e-07
10.4002 9.28323e-07 1307968 9.28323e-07
10.4696 9.48603e-07 1339236 9.48603e-07
10.5393 9.69696e-07 1353844 9.69696e-07
10.6093 9.96323e-07 1385104 9.96323e-07
10.6799 1.01857e-06 1418356 1.01857e-06
10.7511 1.03862e-06 1442832 1.03862e-06
10.8226 1.06593e-06 1471396 1.06593e-06
10.8947 1.09103e-06 1505092 1.09103e-06
10.9672 1.11311e-06 1527520 1.11311e-06
11.0401 1.14294e-06 1564996 1.14294e-06
11.1137 1.16949e-06 1594356 1.16949e-06
11.1877 1.19836e-06 1629952 1.19836e-06
11.2623 1.22818e-06 1662532 1.22818e-06
11.3374 1.25929e-06 1691392 1.25929e-06
11.4126 1.28315e-06 1720468 1.28315e-06
11.4886 1.31469e-06 1767856 1.31469e-06
11.5652 1.35069e-06 1796676 1.35069e-06
11.6423 1.38345e-06 1835152 1.38345e-06
11.7197 1.41733e-06 1866388 1.41733e-06
11.7976 1.45534e-06 1905472 1.45534e-06
11.8762 1.49165e-06 1949044 1.49165e-06
11.9552 1.52643e-06 1980064 1.52643e-06
12.0348 1.56558e-06 2026876 1.56558e-06
12.1149 1.60444e-06 2062336 1.60444e-06
12.1955 1.64796e-06 2111220 1.64796e-06
12.2768 1.6914e-06 2148880 1.6914e-06
12.3584 1.73542e-06 2190292 1.73542e-06
12.4407 1.77646e-06 2239168 1.77646e-06
12.5236 1.82652e-06 2283844 1.82652e-06
12.6069 1.87253e-06 2320432 1.87253e-06
12.6907 1.9204e-06 2371984 1.9204e-06
12.7753 1.97441e-06 2430844 1.97441e-06
12.8604 2.02684e-06 2470144 2.02684e-06
12.946 2.07628e-06 2518048 2.07628e-06
13.0322 2.13694e-06 2572420 2.13694e-06
13.1189 2.19003e-06 2621920 2.19003e-06
13.2063 2.25331e-06 2676112 2.25331e-06
13.2942 2.313e-06 2729932 2.313e-06
13.3827 2.37376e-06 2783536 2.37376e-06
13.4718 2.44312e-06 2840896 2.44312e-06
13.5615 2.51152e-06 2897716 2.51152e-06
13.6518 2.58266e-06 2955904 2.58266e-06
13.7426 2.65566e-06 3012616 2.65566e-06
13.8341 2.73069e-06 3076288 2.73069e-06
13.9261 2.80303e-06 3135124 2.80303e-06
14.0187 2.88555e-06 3193408 2.88555e-06
14.112 2.96938e-06 3271144 2.96938e-06
14.2061 3.06018e-06 3333040 3.06018e-06
14.3007 3.14525e-06 3398608 3.14525e-06
14.396 3.24481e-06 3468556 3.24481e-06
14.4918 3.33166e-06 3528784 3.33166e-06
14.5882 3.43166e-06 3609808 3.43166e-06
14.6854 3.53541e-06 3682048 3.53541e-06
14.7831 3.65005e-06 3747640 3.65005e-06
14.8815 3.76463e-06 3827200 3.76463e-06
14.9805 3.87278e-06 3905728 3.87278e-06
15.0803 3.98716e-06 3989932 3.98716e-06
15.1808 4.11743e-06 4064320 4.11743e-06
15.2818 4.25365e-06 4140248 4.25365e-06
15.3835 4.38579e-06 4234912 4.38579e-06
15.486 4.52729e-06 4313200 4.52729e-06
15.5891 4.66068e-06 4400632 4.66068e-06
15.6929 4.82179e-06 4494544 4.82179e-06
15.7974 4.97221e-06 4574920 4.97221e-06
15.9025 5.14697e-06 4670848 5.14697e-06
16.0083 5.32341e-06 4766432 5.32341e-06
16.1149 5.49759e-06 4861096 5.49759e-06
16.2221 5.68431e-06 4948576 5.68431e-06
16.3301 5.88212e-06 5067448 5.88212e-06
16.4388 6.09391e-06 5157088 6.09391e-06
16.5483 6.30191e-06 5268308 6.30191e-06
16.6585 6.5373e-06 5370400 6.5373e-06
16.7694 6.76466e-06 5480536 6.76466e-06
16.881 7.00667e-06 5583136 7.00667e-06
16.9934 7.27756e-06 5709880 7.27756e-06
17.1066 7.53105e-06 5808416 7.53105e-06
17.2204 7.82131e-06 5931928 7.82131e-06
17.335 8.11201e-06 6045100 8.11201e-06
17.4504 8.42579e-06 6178136 8.42579e-06
17.5666 8.76227e-06 6297208 8.76227e-06
17.6835 9.09474e-06 6421360 9.09474e-06
17.8012 9.47138e-06 6550420 9.47138e-06
17.9197 9.83381e-06 6692624 9.83381e-06
18.0391 1.02351e-05 6817864 1.02351e-05
18.1591 1.06654e-05 6950392 1.06654e-05
18.28 1.11225e-05 7100684 1.11225e-05
18.4017 1.15748e-05 7237576 1.15748e-05
18.5242 1.20455e-05 7381744 1.20455e-05
18.6475 1.25802e-05 7531076 1.25802e-05
18.7716 1.31201e-05 7677928 1.31201e-05
18.8965 1.36906e-05 7840724 1.36906e-05
19.0224 1.4357e-05 8001664 1.4357e-05
19.149 1.49845e-05 8154856 1.49845e-05
19.2765 1.56799e-05 8321252 1.56799e-05
19.4048 1.64264e-05 8486416 1.64264e-05
19.5341 1.7216e-05 8671076 1.7216e-05
19.6642 1.8018e-05 8827000 1.8018e-05
19.795 1.89244e-05 9010900 1.89244e-05
19.9268 1.98795e-05 9192080 1.98795e-05
20.0594 2.08817e-05 9368836 2.08817e-05
20.1929 2.19603e-05 9569672 2.19603e-05
20.3274 2.31323e-05 9754708 2.31323e-05
20.4627 2.43104e-05 9951572 2.43104e-05
20.5989 2.57013e-05 10157512 2.57013e-05
20.736 2.71701e-05 10355324 2.71701e-05
20.874 2.86273e-05 10561864 2.86273e-05
21.013 3.02948e-05 10782548 3.02948e-05
21.153 3.20502e-05 11001812 3.20502e-05
21.2938 3.39377e-05 11209060 3.39377e-05
21.4354 3.60709e-05 11431400 3.60709e-05
21.5782 3.82537e-05 11684116 3.82537e-05
21.7219 4.06147e-05 11910452 4.06147e-05
21.8664 4.31684e-05 12127540 4.31684e-05
22.012 4.60307e-05 12404312 4.60307e-05
22.1586 4.91156e-05 12641060 4.91156e-05
22.3061 5.24048e-05 12885748 5.24048e-05
22.4546 5.59549e-05 13157972 5.59549e-05
22.6041 5.98552e-05 13415636 5.98552e-05
22.7545 6.40041e-05 13676164 6.40041e-05
22.906 6.86427e-05 13974632 6.86427e-05
23.0585 7.37475e-05 14234036 7.37475e-05
23.2119 7.90722e-05 14518612 7.90722e-05
23.3665 8.48723e-05 14831300 8.48723e-05
23.5221 9.10547e-05 15117620 9.10547e-05
23.6787 9.78811e-05 15432676 9.78811e-05
23.8363 0.00010539 15720116 0.00010539
23.9949 0.000113119 16044572 0.000113119
24.1547 0.000121818 16382996 0.000121818
24.3155 0.000131102 16682804 0.000131102
24.4773 0.000140996 17049568 0.000140996
24.6403 0.000152153 17372036 0.000152153
24.8043 0.000163702 17730284 0.000163702
24.9694 0.0001761 18081428 0.0001761
25.1357 0.000189332 18451508 0.000189332
25.303 0.000203466 18818116 0.000203466
25.4715 0.000218181 19198424 0.000218181
25.641 0.000234225 19585748 0.000234225
25.8118 0.000250798 19978724 0.000250798
25.9836 0.000267004 20371004 0.000267004
26.1565 0.000284557 20788784 0.000284557
26.3307 0.000301871 21215108 0.000301871
26.506 0.000319274 21627980 0.000319274
26.6824 0.000337759 22058480 0.000337759
26.8598 0.535317 22382222 0.535317
27.0386 0.000338798 22371896 0.000338798
27.2186 0.000333345 22382768 0.000333345
27.3998 0.000330159 22332560 0.000330159
27.5821 0.000328359 22325624 0.000328359
27.7658 0.000328396 22296128 0.000328396
27.9506 0.000329773 22244960 0.000329773
28.1366 0.000332226 22209968 0.000332226
28.3239 0.00033567 22170752 0.00033567
28.5125 0.000340113 22099424 0.000340113
28.7023 0.000345489 22026656 0.000345489
28.8933 0.000351623 21940280 0.000351623
29.0857 0.000358585 21887744 0.000358585
29.2794 0.000365739 21770912 0.000365739
29.4742 0.000374028 21667440 0.000374028
29.6704 0.000383413 21555632 0.000383413
29.8679 0.000393173 21448640 0.000393173
30.0668 0.000404134 21315152 0.000404134
30.2669 0.00041534 21159848 0.00041534
30.4684 0.000427572 21017568 0.000427572
30.6712 0.000440895 20845400 0.000440895
30.8754 0.000455112 20691440 0.000455112
31.081 0.000470431 20496296 0.000470431
31.2878 0.000487169 20289552 0.000487169
31.4961 0.000504483 20101808 0.000504483
31.7058 0.000523677 19849544 0.000523677
31.9167 0.000544171 19633272 0.000544171
32.1292 0.000566734 19385528 0.000566734
32.3431 0.000590781 19135376 0.000590781
32.5585 0.000616819 18848208 0.000616819
32.7752 0.000643044 18557432 0.000643044
32.9933 0.000672217 18255576 0.000672217
33.2129 0.000703468 17937584 0.000703468
33.434 0.000736906 17602136 0.000736906
33.6565 0.000770645 17253528 0.000770645
33.8806 0.000806012 16889480 0.000806012
34.1061 0.000842444 16497624 0.000842444
34.3331 0.000880089 16101800 0.000880089
34.5617 0.000917625 15680088 0.000917625
34.7917 0.000953412 15243632 0.000953412
35.0232 0.000990532 14782368 0.000990532
35.2564 0.00102701 14317992 0.00102701
35.491 0.0010582 13809848 0.0010582
35.7272 0.00108988 13298496 0.00108988
35.965 0.00111427 12769352 0.00111427
36.2044 0.00113223 12197688 0.00113223
36.4453 0.00114307 11622024 0.00114307
36.6878 0.00114191 11016224 0.00114191
36.9319 0.00113127 10391832 0.00113127
37.1776 0.00111229 9744456 0.00111229
37.425 0.0010977 9062784 0.0010977
37.6739 0.00109799 8362136 0.00109799
37.9246 3.74594 7654230 3.74594
38.1772 0.00117497 7023504 0.00117497
38.4314 0.0012414 6481392 0.0012414
38.6872 0.00132421 5981364 0.00132421
38.9448 0.00142188 5526380 0.00142188
39.2041 0.00154335 5088888 0.00154335
39.465 0.00168136 4681872 0.00168136
39.7277 0.00184329 4299060 0.00184329
39.9921 0.0020243 3935448 0.0020243
40.2582 0.00224356 3589836 0.00224356
40.5261 0.00249395 3264936 0.00249395
40.7957 0.00276596 2955456 0.00276596
41.0671 0.00308499 2666016 0.00308499
41.3404 0.00343649 2388612 0.00343649
41.6155 0.00382669 2129508 0.00382669
41.8925 0.00426684 1883928 0.00426684
42.1712 0.00466975 1652040 0.00466975
42.4515 0.00514481 1436568 0.00514481
42.7339 0.00555878 1239888 0.00555878
43.0181 0.00590885 1049640 0.00590885
43.3041 0.00623377 882364 0.00623377
43.5916 0.00639516 721404 0.00639516
43.8811 0.00639986 585564 0.00639986
44.1732 0.00615447 456012 0.00615447
44.4652 0.00569705 342316 0.00569705
44.7587 0.0050736 248988 0.0050736
45.0552 0.00436369 168336 0.00436369
45.3521 0.00350838 102012 0.00350838
45.6466 0.00277017 52720 0.00277017
45.9351 0.00221757 19920 0.00221757
46.1972 8169.37 3122 8169.37
