# in Mpc/h Units 
# D1 = 0.22485 
# k P N P(z=0)
0.0523599 262.275 6 5187.65
0.074048 435.116 12 8606.35
0.09069 471.267 8 9321.39
0.10472 68.352 6 1351.96
0.11708 287.023 24 5677.16
0.128255 167.115 24 3305.44
0.148096 312.201 12 6175.15
0.15708 131.009 30 2591.29
0.165576 149.041 24 2947.94
0.173658 135.263 24 2675.42
0.18138 59.5135 8 1177.14
0.188786 137.839 24 2726.38
0.195913 108.263 48 2141.38
0.20944 49.8853 6 986.703
0.215885 81.0407 48 1602.94
0.222144 80.7916 36 1598.01
0.228231 44.4805 24 879.799
0.23416 97.4793 24 1928.08
0.239943 65.2896 48 1291.39
0.24559 79.6033 24 1574.51
0.25651 60.9727 24 1206.01
0.261799 37.1164 30 734.14
0.266984 51.7133 72 1022.86
0.27207 86.8084 32 1717.02
0.281967 50.9199 72 1007.17
0.286787 59.4296 48 1175.48
0.296192 44.7499 12 885.127
0.300785 58.4188 48 1155.49
0.305308 51.4851 48 1018.35
0.309765 43.1198 48 852.885
0.314159 33.2788 30 658.235
0.318493 47.3359 24 936.277
0.322768 43.637 72 863.115
0.331153 41.9858 24 830.455
0.335267 32.9323 96 651.382
0.339331 47.4038 48 937.619
0.343347 39.8449 24 788.11
0.347316 39.6461 24 784.177
0.351241 32.0461 72 633.854
0.355122 26.2736 48 519.677
0.36276 58.0133 8 1147.47
0.366519 45.3632 54 897.258
0.37024 30.8995 84 611.174
0.373924 29.7848 48 589.126
0.377572 32.0155 24 633.248
0.381186 26.1878 72 517.98
0.384765 37.2261 96 736.31
0.391825 28.3033 48 559.822
0.395308 25.2719 48 499.863
0.398761 31.5526 24 624.092
0.402184 25.3024 72 500.466
0.408944 26.44 72 522.968
0.412282 26.3353 96 520.897
0.418879 7.10093 6 140.452
0.422139 22.1522 96 438.158
0.425374 28.0251 96 554.321
0.428584 18.1955 24 359.897
0.431771 17.3913 48 343.989
0.434934 23.8352 96 471.446
0.438074 24.8251 48 491.026
0.444288 25.9133 36 512.549
0.447363 16.0421 48 317.304
0.450417 21.1201 120 417.743
0.45345 17.9732 56 355.5
0.456463 18.2487 24 360.949
0.459456 19.8133 96 391.895
0.46243 22.0718 48 436.568
0.468321 12.7327 24 251.846
0.471239 15.6351 102 309.253
0.475868 15.6176 120 308.907
0.479886 27.3442 48 540.852
0.482734 13.7632 48 272.228
0.485566 15.0936 120 298.544
0.491179 18.6611 24 369.105
0.493962 19.0161 144 376.128
0.497516 12.8538 168 254.241
0.50494 18.996 48 375.729
0.507648 14.624 96 289.254
0.51302 21.8159 24 431.506
0.515685 19.3378 48 382.49
0.518336 16.2902 108 322.211
0.520974 10.7772 72 213.166
0.525815 17.4365 198 344.884
0.528809 14.0747 48 278.39
0.533968 12.5054 72 247.349
0.536529 13.8079 96 273.113
0.539078 19.3461 72 382.655
0.542392 11.8428 104 234.244
0.546653 13.6373 72 269.739
0.549155 12.7138 144 251.473
0.557822 13.2496 192 262.068
0.561497 11.4879 48 227.223
0.565449 14.6348 192 289.468
0.568774 12.2747 72 242.787
0.573574 14.7262 48 291.277
0.575959 15.1951 78 300.551
0.57901 13.4487 168 266.007
0.585401 12.5687 144 248.602
0.587738 11.1752 144 221.038
0.592384 6.11885 12 121.027
0.595269 12.9791 192 256.719
0.599938 12.6707 168 250.619
0.603844 12.2789 48 242.87
0.606109 11.4892 168 227.249
0.61211 13.2922 144 262.912
0.616043 11.703 168 231.479
0.621003 10.041 144 198.605
0.62394 12.1694 48 240.704
0.628319 7.89251 30 156.109
0.631943 9.88069 288 195.434
0.635476 10.3081 80 203.889
0.640026 9.79078 288 193.656
0.645536 7.16936 72 141.806
0.648501 9.05046 240 179.013
0.651875 8.96558 96 177.334
0.657259 11.4006 168 225.497
0.664143 8.69331 216 171.949
0.666806 11.3563 132 224.621
0.671554 10.0444 192 198.672
0.67461 9.04701 120 178.945
0.67991 8.58174 126 169.742
0.683858 8.61534 288 170.407
0.689604 8.79398 312 173.94
0.694632 7.85205 24 155.309
0.699101 9.50864 264 188.075
0.703699 7.37382 192 145.85
0.707341 9.84903 192 194.808
0.712995 8.46604 336 167.453
0.716011 8.43625 48 166.864
0.72021 8.14983 240 161.199
0.728882 7.23816 296 143.167
0.73184 8.78549 150 173.772
0.735837 7.67904 240 151.887
0.741648 9.98401 228 197.478
0.745808 7.76076 216 153.503
0.750984 6.64299 336 131.395
0.757319 7.00246 360 138.505
0.761471 7.30653 144 144.519
0.764935 7.73271 168 152.949
0.771444 6.82995 312 135.092
0.777209 6.71779 288 132.874
0.781021 6.56485 192 129.849
0.786997 5.96929 366 118.069
0.793162 6.14958 408 121.635
0.798994 4.9714 168 98.3315
0.801928 7.88756 336 156.011
0.80675 6.1025 240 120.704
0.81435 6.26305 380 123.88
0.819874 5.57556 384 110.281
0.825561 6.32191 240 125.044
0.829315 5.36801 360 106.176
0.834578 5.37365 198 106.288
0.840616 6.09997 384 120.654
0.845798 6.38083 384 126.209
0.852892 5.03621 432 99.6133
0.858982 6.14671 528 121.578
0.865654 5.88759 288 116.453
0.869604 5.19812 288 102.816
0.875816 5.2569 456 103.978
0.882071 5.94288 360 117.547
0.886104 5.45551 180 107.907
0.89194 5.50342 486 108.855
0.897856 4.99029 504 98.705
0.904202 4.80188 512 94.9785
0.909643 5.43499 264 107.501
0.916102 4.86331 600 96.1934
0.921642 5.53202 288 109.42
0.928714 5.00457 672 98.9874
0.936467 4.94266 408 97.7631
0.942098 4.78811 462 94.706
0.947697 4.79768 600 94.8954
0.95445 5.29804 504 104.792
0.96178 4.78487 324 94.6421
0.966657 4.68784 744 92.7229
0.973282 4.40183 456 87.0656
0.979174 5.10842 432 101.042
0.98607 4.73613 720 93.678
0.994526 4.30885 534 85.2266
1.00005 4.42037 536 87.4323
1.00695 4.40121 624 87.0533
1.01254 4.22988 600 83.6645
1.01915 4.05846 696 80.2741
1.02716 3.79051 456 74.9741
1.03311 3.83769 732 75.9073
1.04021 3.91328 600 77.4024
1.04746 3.67781 702 72.7449
1.05386 3.75677 672 74.3066
1.06134 3.63644 768 71.9267
1.06878 3.65172 768 72.2288
1.07508 3.60469 408 71.2988
1.08188 3.48433 1080 68.9181
1.09086 3.86758 632 76.4985
1.09724 3.53943 750 70.0078
1.10427 3.39211 696 67.0941
1.11146 3.50174 876 69.2625
1.11946 3.42574 864 67.7592
1.12585 3.69248 768 73.0351
1.13353 3.30613 888 65.3933
1.14144 3.54006 816 70.0203
1.14947 3.36132 654 66.4849
1.15655 3.13912 1296 62.09
1.16466 3.04054 816 60.1402
1.17201 3.41499 816 67.5465
1.17979 3.19528 1088 63.2008
1.18868 3.0361 1020 60.0522
1.19695 2.84898 1032 56.3512
1.2048 3.18771 942 63.051
1.21235 2.79397 1032 55.2631
1.22125 2.70107 1128 53.4255
1.22758 2.97365 888 58.8172
1.23587 2.78127 1176 55.0118
1.24422 2.93227 960 57.9987
1.25132 2.75566 1110 54.5053
1.26083 2.62339 1116 51.8892
1.26841 2.64623 1352 52.3408
1.27694 2.57883 1200 51.0078
1.28569 2.75484 1224 54.4892
1.29494 2.51733 1320 49.7914
1.30323 2.62426 1128 51.9064
1.31205 2.44483 1518 48.3574
1.31993 2.35528 1080 46.586
1.32925 2.37629 1524 47.0017
1.33806 2.43294 1416 48.1222
1.34776 2.40439 1704 47.5575
1.3575 2.38983 1088 47.2695
1.36503 2.27153 1446 44.9296
1.37457 2.22181 1800 43.9461
1.38423 2.35558 1512 46.592
1.39292 2.22879 1392 44.0842
1.40119 2.09545 1392 41.4468
1.41152 2.06494 1962 40.8434
1.42148 2.12955 1776 42.1213
1.4311 2.22833 1680 44.0751
1.44075 2.0603 1776 40.7515
1.4503 2.13437 1544 42.2167
1.45906 1.93433 1896 38.26
1.46881 1.90966 1662 37.772
1.47857 2.03623 1908 40.2754
1.48825 1.92249 2184 38.0257
1.49906 1.92121 1848 38.0005
1.50823 1.81419 1848 35.8837
1.51928 1.94191 2238 38.4099
1.52892 1.86355 2088 36.8599
1.53945 1.9289 2192 38.1525
1.54826 1.79027 1536 35.4105
1.55799 1.748 2412 34.5744
1.56909 1.79067 2262 35.4185
1.57956 1.76235 2448 34.8582
1.58993 1.79457 2040 35.4955
1.60098 1.64932 2976 32.6226
1.61239 1.64925 2184 32.6212
1.62326 1.61819 2550 32.0068
1.63365 1.6546 2396 32.7271
1.64411 1.65426 2760 32.7203
1.65507 1.48884 2424 29.4484
1.66671 1.54321 2832 30.5238
1.67729 1.57339 2574 31.1206
1.68865 1.49429 3024 29.5561
1.69926 1.4912 2484 29.495
1.71073 1.46466 3168 28.9701
1.72232 1.54629 2894 30.5848
1.73367 1.42923 2856 28.2694
1.74507 1.5042 3384 29.7522
1.75738 1.44535 3240 28.5882
1.76843 1.36494 2856 26.9977
1.78079 1.35077 3474 26.7174
1.79234 1.37323 3432 27.1616
1.80467 1.30877 3552 25.8867
1.81741 1.32052 3560 26.1192
1.82908 1.27676 3270 25.2535
1.84056 1.32915 3552 26.2898
1.85297 1.2665 3780 25.0507
1.86529 1.28533 3960 25.423
1.87828 1.23314 3696 24.3909
1.89033 1.2522 3726 24.7679
1.90289 1.21479 4376 24.0278
1.91524 1.20257 3648 23.7862
1.92801 1.1881 4332 23.4999
1.94114 1.17578 4254 23.2562
1.95358 1.1573 4296 22.8907
1.96683 1.18767 4320 23.4914
1.97893 1.11296 4368 22.0137
1.99314 1.08808 4826 21.5215
2.00669 1.08158 5016 21.393
2.02001 1.10071 4608 21.7714
2.03371 1.07369 4824 21.237
2.0469 1.08255 4950 21.4122
2.06043 1.01794 5232 20.1343
2.07427 1.03524 4980 20.4765
2.0873 1.02359 4838 20.246
2.10142 0.990664 6024 19.5948
2.1162 1.00516 5520 19.8814
2.12987 0.965952 5400 19.106
2.14398 0.944111 5538 18.674
2.15842 0.946479 6456 18.7208
2.17295 0.957392 5504 18.9367
2.18708 0.923784 6168 18.2719
2.2017 0.934574 5910 18.4853
2.21574 0.891344 6372 17.6303
2.23088 0.890387 6768 17.6113
2.246 0.880196 6294 17.4098
2.26057 0.885056 6656 17.5059
2.27558 0.866865 7224 17.1461
2.29128 0.851463 6708 16.8414
2.30663 0.856166 7566 16.9345
2.32238 0.857192 7416 16.9548
2.33773 0.836076 6984 16.5371
2.35249 0.825041 7310 16.3188
2.36851 0.795538 8148 15.7353
2.38413 0.800811 7632 15.8396
2.40004 0.777435 8088 15.3772
2.41649 0.780525 8478 15.4383
2.43227 0.755664 8112 14.9466
2.44806 0.763354 8108 15.0987
2.46464 0.761033 9510 15.0528
2.48167 0.719007 8472 14.2215
2.4972 0.743618 8832 14.7083
2.51377 0.715747 8898 14.1571
2.5304 0.704943 10008 13.9434
2.54769 0.692627 9392 13.6998
2.56498 0.687474 10206 13.5978
2.58178 0.683713 9528 13.5235
2.59871 0.660611 10236 13.0665
2.61602 0.678745 10398 13.4252
2.63365 0.662654 10784 13.1069
2.6509 0.639006 10584 12.6392
2.66899 0.643503 11346 12.7281
2.68677 0.637396 11400 12.6073
2.70438 0.628338 11016 12.4282
2.72238 0.615639 11870 12.177
2.74093 0.612406 12516 12.113
2.75923 0.613467 11880 12.134
2.77729 0.590854 11886 11.6867
2.79526 0.587416 13104 11.6187
2.81432 0.592488 12764 11.7191
2.833 0.576975 13446 11.4122
2.85202 0.575686 13464 11.3867
2.87073 0.568357 13398 11.2418
2.89013 0.556107 14628 10.9995
2.90936 0.549993 14024 10.8785
2.92925 0.551879 15054 10.9158
2.94838 0.544195 14496 10.7639
2.96782 0.518271 15012 10.2511
2.98749 0.530494 15422 10.4929
3.00704 0.511838 15624 10.1239
3.02719 0.518588 16146 10.2574
3.04759 0.514615 17064 10.1788
3.06788 0.502823 16152 9.94555
3.08831 0.49287 17510 9.74868
3.10884 0.481869 17172 9.53109
3.12935 0.478707 17880 9.46855
3.15034 0.478168 18030 9.45788
3.17113 0.463427 18680 9.16632
3.19265 0.472352 19170 9.34286
3.21364 0.464521 18720 9.18795
3.23467 0.446744 19536 8.83633
3.25676 0.451647 20954 8.93332
3.27858 0.441146 20328 8.72561
3.3005 0.452572 20718 8.95161
3.32227 0.436274 21348 8.62924
3.34438 0.427051 21534 8.44681
3.36657 0.425118 22256 8.40858
3.38869 0.414772 22104 8.20396
3.41124 0.418301 23178 8.27376
3.43406 0.419278 23880 8.29307
3.45721 0.405729 24230 8.02509
3.48034 0.401651 24468 7.94443
3.50366 0.396537 25230 7.84326
3.5269 0.395024 25328 7.81336
3.5504 0.395859 25818 7.82987
3.57388 0.385487 26616 7.62471
3.59743 0.38649 26376 7.64456
3.62141 0.373183 28034 7.38134
3.64536 0.370248 27816 7.32329
3.66958 0.366546 28398 7.25006
3.69387 0.36516 29652 7.22266
3.71882 0.35836 30134 7.08816
3.74375 0.358136 30792 7.08373
3.76897 0.349619 31218 6.91525
3.79359 0.34841 30912 6.89134
3.81905 0.341667 33158 6.75798
3.84456 0.338843 32772 6.70212
3.86994 0.336657 33150 6.65889
3.89542 0.336416 34256 6.65412
3.92167 0.330399 35562 6.5351
3.9475 0.32656 34992 6.45916
3.97388 0.322298 37158 6.37486
4.00046 0.317586 36956 6.28168
4.0271 0.314927 37950 6.22907
4.05369 0.308732 38496 6.10653
4.08104 0.309527 40274 6.12227
4.10806 0.304238 39264 6.01764
4.13528 0.299265 41466 5.91929
4.16281 0.302745 41960 5.98812
4.19067 0.294295 42702 5.82098
4.2184 0.292389 43356 5.78329
4.24659 0.288386 44886 5.70412
4.27484 0.285091 45248 5.63894
4.30338 0.281808 46362 5.574
4.33198 0.276831 46974 5.47556
4.36071 0.275611 48236 5.45142
4.3897 0.270729 48774 5.35487
4.4189 0.27106 50616 5.36142
4.44852 0.265356 51050 5.24859
4.4781 0.26495 52272 5.24056
4.50814 0.264056 53658 5.22288
4.53768 0.261601 52640 5.17432
4.56805 0.256261 57366 5.06869
4.59871 0.252717 55170 4.99859
4.62914 0.249856 58544 4.942
4.66021 0.248612 58506 4.91739
4.69082 0.246919 58968 4.88391
4.72214 0.241844 62366 4.78352
4.75359 0.240973 61266 4.7663
4.785 0.234528 63960 4.63883
4.81697 0.235565 64730 4.65934
4.84894 0.231617 66360 4.58126
4.88139 0.228709 67778 4.52374
4.91407 0.227369 69558 4.49723
4.94671 0.223905 69660 4.4287
4.97947 0.225132 71390 4.45298
5.01272 0.220169 73974 4.35482
5.04614 0.21876 74196 4.32696
5.07982 0.214414 76622 4.24098
5.11321 0.212881 75516 4.21066
5.14731 0.210444 81510 4.16246
5.18198 0.207884 80138 4.11182
5.21624 0.206823 82368 4.09083
5.25098 0.205385 84098 4.0624
5.28607 0.203962 86286 4.03425
5.32112 0.200727 86700 3.97025
5.35657 0.198988 90014 3.93586
5.39237 0.19633 90930 3.88329
5.42797 0.196607 91694 3.88877
5.46416 0.191058 96228 3.77902
5.5009 0.191614 97014 3.79002
5.53734 0.189442 97370 3.74705
5.57394 0.186561 100656 3.69007
5.61112 0.18509 102530 3.66098
5.64841 0.184533 104454 3.64996
5.68598 0.180605 107196 3.57226
5.72422 0.179004 110414 3.5406
5.76233 0.176721 109578 3.49543
5.80067 0.175315 114974 3.46763
5.83932 0.174009 114396 3.4418
5.87805 0.170936 118190 3.38101
5.91726 0.171402 120498 3.39024
5.95666 0.169616 122718 3.3549
5.99617 0.165883 124604 3.28106
6.03605 0.163605 127950 3.23602
6.07637 0.163109 130826 3.22619
6.11683 0.160828 132510 3.18108
6.15724 0.159149 134180 3.14788
6.19831 0.157415 140214 3.11358
6.23974 0.157256 140018 3.11042
6.28136 0.155046 145650 3.06672
6.32317 0.154446 145350 3.05484
6.3651 0.151633 150188 2.99921
6.40747 0.152021 152214 3.00689
6.45023 0.149951 157226 2.96594
6.49325 0.147904 158118 2.92545
6.53637 0.145928 162338 2.88638
6.57987 0.143965 165378 2.84755
6.62371 0.14309 169256 2.83024
6.66769 0.141482 170682 2.79843
6.71213 0.139137 177566 2.75205
6.75715 0.13987 179610 2.76654
6.80213 0.138239 182690 2.73428
6.8473 0.137353 185694 2.71676
6.8928 0.135451 190346 2.67914
6.93857 0.13418 192852 2.654
6.98472 0.132996 198806 2.63058
7.03127 0.131554 201378 2.60206
7.07818 0.129862 207446 2.5686
7.12517 0.128546 207258 2.54257
7.17243 0.127561 215762 2.52307
7.22044 0.125662 219702 2.48552
7.26849 0.124458 221522 2.46172
7.31672 0.124032 227754 2.45328
7.3654 0.122424 231710 2.42147
7.41433 0.120974 235994 2.39279
7.4637 0.120284 242346 2.37915
7.51349 0.119364 246704 2.36094
7.56347 0.118115 250410 2.33625
7.61393 0.116945 258410 2.31311
7.66479 0.115393 261414 2.28241
7.71574 0.114321 265874 2.26121
7.76711 0.113555 273450 2.24604
7.81889 0.112092 276974 2.21712
7.87101 0.111574 284402 2.20686
7.92338 0.110771 287754 2.19099
7.97606 0.108874 295010 2.15346
8.0293 0.108147 302142 2.13908
8.08275 0.106987 304946 2.11614
8.13628 0.105921 311642 2.09506
8.19037 0.105112 319326 2.07906
8.24475 0.104211 323618 2.06124
8.29961 0.102697 333744 2.03128
8.35495 0.101813 337970 2.01381
8.41075 0.101061 348758 1.99892
8.46683 0.0998095 350346 1.97417
8.52295 0.09908 358778 1.95975
8.57991 0.0976863 370578 1.93218
8.63732 0.0975951 374258 1.93037
8.69471 0.0967028 380558 1.91273
8.75245 0.0955005 388434 1.88894
8.81071 0.0946933 398522 1.87298
8.8694 0.0935995 404042 1.85134
8.92825 0.092446 412164 1.82853
8.98764 0.0920453 422258 1.8206
9.04755 0.0911225 430754 1.80235
9.10782 0.0904239 438906 1.78853
9.16841 0.0896247 446738 1.77272
9.22955 0.0884828 459098 1.75014
9.29099 0.087888 463380 1.73837
9.35274 0.0870913 476138 1.72262
9.41504 0.0861059 484322 1.70312
9.47775 0.0852947 495738 1.68708
9.54092 0.0845502 504266 1.67235
9.60451 0.0836306 515696 1.65416
9.66826 0.0831583 520974 1.64482
9.73246 0.082262 536882 1.6271
9.79738 0.0815974 546818 1.61395
9.86258 0.0808339 556178 1.59885
9.92813 0.0803212 567672 1.58871
9.99431 0.0792393 582314 1.56731
10.0611 0.0785186 593138 1.55305
10.128 0.0778046 600920 1.53893
10.1952 0.077098 614274 1.52495
10.2631 0.076268 630050 1.50854
10.3315 0.0756377 638678 1.49607
10.4002 0.0749395 653984 1.48226
10.4696 0.0744634 669618 1.47284
10.5393 0.0735877 676922 1.45552
10.6093 0.0728092 692552 1.44012
10.6799 0.0721161 709178 1.42641
10.7511 0.0716408 721416 1.41701
10.8226 0.0710379 735698 1.40509
10.8947 0.0702471 752546 1.38945
10.9672 0.0694802 763760 1.37428
11.0401 0.0689501 782498 1.36379
11.1137 0.0683254 797178 1.35144
11.1877 0.0676585 814976 1.33825
11.2623 0.067158 831266 1.32835
11.3374 0.0666437 845696 1.31817
11.4126 0.0660451 860234 1.30633
11.4886 0.0653691 883928 1.29296
11.5652 0.0648692 898338 1.28307
11.6423 0.0641137 917576 1.26813
11.7197 0.0637895 933194 1.26172
11.7976 0.0633454 952736 1.25294
11.8762 0.0626691 974522 1.23956
11.9552 0.0620924 990032 1.22815
12.0348 0.0615693 1013438 1.2178
12.1149 0.0611505 1031168 1.20952
12.1955 0.0606167 1055610 1.19896
12.2768 0.0598889 1074440 1.18457
12.3584 0.0594538 1095146 1.17596
12.4407 0.0589172 1119584 1.16535
12.5236 0.0584039 1141922 1.1552
12.6069 0.0578448 1160216 1.14414
12.6907 0.0573723 1185992 1.13479
12.7753 0.0568671 1215422 1.1248
12.8604 0.056433 1235072 1.11621
12.946 0.0560106 1259024 1.10786
13.0322 0.0554739 1286210 1.09724
13.1189 0.0551465 1310960 1.09077
13.2063 0.0546063 1338056 1.08008
13.2942 0.0541351 1364966 1.07076
13.3827 0.0537793 1391768 1.06372
13.4718 0.0532368 1420448 1.05299
13.5615 0.0529092 1448858 1.04651
13.6518 0.0525201 1477952 1.03882
13.7426 0.0521346 1506308 1.03119
13.8341 0.0516845 1538144 1.02229
13.9261 0.0514111 1567562 1.01688
14.0187 0.0508159 1596704 1.00511
14.112 0.0505027 1635572 0.998914
14.2061 0.0501903 1666520 0.992735
14.3007 0.0498079 1699304 0.985171
14.396 0.0494336 1734278 0.977769
14.4918 0.0490418 1764392 0.970018
14.5882 0.0487131 1804904 0.963517
14.6854 0.0484277 1841024 0.957871
14.7831 0.0481334 1873820 0.952051
14.8815 0.047829 1913600 0.94603
14.9805 0.0474722 1952864 0.938972
15.0803 0.0470692 1994966 0.931001
15.1808 0.0468819 2032160 0.927297
15.2818 0.0465848 2070124 0.92142
15.3835 0.04629 2117456 0.91559
15.486 0.0460992 2156600 0.911816
15.5891 0.0457912 2200316 0.905724
15.6929 0.0455395 2247272 0.900744
15.7974 0.0451898 2287460 0.893829
15.9025 0.0448891 2335424 0.887881
16.0083 0.0447587 2383216 0.885302
16.1149 0.0444918 2430548 0.880022
16.2221 0.0441861 2474288 0.873976
16.3301 0.0440585 2533724 0.871452
16.4388 0.0437297 2578544 0.864948
16.5483 0.0436239 2634154 0.862855
16.6585 0.0434181 2685200 0.858784
16.7694 0.0432549 2740268 0.855556
16.881 0.0429107 2791568 0.848749
16.9934 0.0427697 2854940 0.845961
17.1066 0.0425997 2904208 0.842598
17.2204 0.0423836 2965964 0.838323
17.335 0.0421388 3022550 0.833482
17.4504 0.0419596 3089068 0.829936
17.5666 0.0419038 3148604 0.828832
17.6835 0.0416973 3210680 0.824749
17.8012 0.0415086 3275210 0.821015
17.9197 0.0413528 3346312 0.817935
18.0391 0.0412397 3408932 0.815697
18.1591 0.041015 3475196 0.811252
18.28 0.0408842 3550342 0.808666
18.4017 0.0407378 3618788 0.805771
18.5242 0.0405348 3690872 0.801755
18.6475 0.0404428 3765538 0.799935
18.7716 0.0402498 3838964 0.796118
18.8965 0.0400801 3920362 0.792761
19.0224 0.0399652 4000832 0.790489
19.149 0.0398202 4077428 0.78762
19.2765 0.0397516 4160626 0.786263
19.4048 0.0395628 4243208 0.78253
19.5341 0.039468 4335538 0.780654
19.6642 0.0393372 4413500 0.778066
19.795 0.0392528 4505450 0.776398
19.9268 0.0391029 4596040 0.773434
20.0594 0.0388723 4684418 0.768872
20.1929 0.0386977 4784836 0.765418
20.3274 0.0386897 4877354 0.765259
20.4627 0.0385817 4975786 0.763124
20.5989 0.038486 5078756 0.761231
20.736 0.0383645 5177662 0.758828
20.874 0.0382037 5280932 0.755647
21.013 0.0382039 5391274 0.755651
21.153 0.0380884 5500906 0.753366
21.2938 0.0379092 5604530 0.749821
21.4354 0.0378904 5715700 0.749449
21.5782 0.0378365 5842058 0.748384
21.7219 0.0377765 5955226 0.747198
21.8664 0.0376028 6063770 0.743761
22.012 0.0375886 6202156 0.74348
22.1586 0.0375465 6320530 0.742648
22.3061 0.037442 6442874 0.740581
22.4546 0.0373869 6578986 0.739491
22.6041 0.0373874 6707818 0.739501
22.7545 0.0373316 6838082 0.738398
22.906 0.0373071 6987316 0.737912
23.0585 0.03724 7117018 0.736586
23.2119 0.0372087 7259306 0.735967
23.3665 0.0372449 7415650 0.736683
23.5221 0.0372339 7558810 0.736464
23.6787 0.0372361 7716338 0.736509
23.8363 0.0372441 7860058 0.736666
23.9949 0.0372682 8022286 0.737144
24.1547 0.0373258 8191498 0.738284
24.3155 0.0373671 8341402 0.7391
24.4773 0.0374477 8524784 0.740694
24.6403 0.0375396 8686018 0.742511
24.8043 0.0376143 8865142 0.743989
24.9694 0.0377523 9040714 0.746718
25.1357 0.0378769 9225754 0.749184
25.303 0.0380155 9409058 0.751925
25.4715 0.0382164 9599212 0.755898
25.641 0.0384146 9792874 0.759818
25.8118 0.0386687 9989362 0.764845
25.9836 0.0389066 10185502 0.76955
26.1565 0.0391764 10394392 0.774886
26.3307 0.0394372 10607554 0.780046
26.506 0.0397584 10813990 0.786398
26.6824 0.0401165 11029240 0.793481
26.8598 0.0401031 11191111 0.793216
27.0386 0.0394285 11185948 0.779874
27.2186 0.0387986 11191384 0.767414
27.3998 0.0383106 11166280 0.757761
27.5821 0.0378881 11162812 0.749405
27.7658 0.0375326 11148064 0.742374
27.9506 0.0372584 11122480 0.736949
28.1366 0.0370154 11104984 0.732143
28.3239 0.0368783 11085376 0.729431
28.5125 0.0367292 11049712 0.726482
28.7023 0.0366706 11013328 0.725324
28.8933 0.0366286 10970140 0.724492
29.0857 0.0366031 10943872 0.723989
29.2794 0.0366592 10885456 0.725098
29.4742 0.0366775 10833720 0.725461
29.6704 0.0367648 10777816 0.727186
29.8679 0.0368402 10724320 0.728678
30.0668 0.0369338 10657576 0.730529
30.2669 0.0370383 10579924 0.732595
30.4684 0.0371706 10508784 0.735213
30.6712 0.0373597 10422700 0.738954
30.8754 0.0375095 10345720 0.741915
31.081 0.0377147 10248148 0.745974
31.2878 0.0379179 10144776 0.749994
31.4961 0.0380918 10050904 0.753435
31.7058 0.0383587 9924772 0.758713
31.9167 0.0386241 9816636 0.763962
32.1292 0.0388866 9692764 0.769154
32.3431 0.0392134 9567688 0.775618
32.5585 0.0394694 9424104 0.780681
32.7752 0.0398092 9278716 0.787402
32.9933 0.0401763 9127788 0.794663
33.2129 0.0405481 8968792 0.802018
33.434 0.0409554 8801068 0.810075
33.6565 0.0413985 8626764 0.818838
33.8806 0.0418138 8444740 0.827052
34.1061 0.0422559 8248812 0.835797
34.3331 0.0427771 8050900 0.846106
34.5617 0.0433427 7840044 0.857293
34.7917 0.0438679 7621816 0.867682
35.0232 0.0444575 7391184 0.879343
35.2564 0.0450867 7158996 0.891789
35.491 0.0457198 6904924 0.904311
35.7272 0.0463879 6649248 0.917525
35.965 0.0471501 6384676 0.932603
36.2044 0.0477605 6098844 0.944676
36.4453 0.0484856 5811012 0.959017
36.6878 0.0491683 5508112 0.972521
36.9319 0.0498214 5195916 0.985438
37.1776 0.0502621 4872228 0.994155
37.425 0.0506405 4531392 1.00164
37.6739 0.0507796 4181068 1.00439
37.9246 0.0505301 3827115 0.999456
38.1772 0.0504945 3511752 0.998752
38.4314 0.0508409 3240696 1.0056
38.6872 0.0513912 2990682 1.01649
38.9448 0.052042 2763190 1.02936
39.2041 0.0527403 2544444 1.04317
39.465 0.053633 2340936 1.06083
39.7277 0.0545958 2149530 1.07987
39.9921 0.0556094 1967724 1.09992
40.2582 0.0568977 1794918 1.1254
40.5261 0.058417 1632468 1.15546
40.7957 0.0595554 1477728 1.17797
41.0671 0.0612511 1333008 1.21151
41.3404 0.0627998 1194306 1.24214
41.6155 0.0646508 1064754 1.27875
41.8925 0.0666195 941964 1.31769
42.1712 0.0689095 826020 1.36299
42.4515 0.0713686 718284 1.41163
42.7339 0.0742908 619944 1.46943
43.0181 0.0772397 524820 1.52776
43.3041 0.0803557 441182 1.58939
43.5916 0.0841743 360702 1.66492
43.8811 0.0884289 292782 1.74907
44.1732 0.0932799 228006 1.84502
44.4652 0.0985534 171158 1.94933
44.7587 0.104983 124494 2.0765
45.0552 0.110949 84168 2.1945
45.3521 0.118915 51006 2.35207
45.6466 0.127364 26360 2.51918
45.9351 0.140279 9960 2.77464
46.1972 0.143813 1561 2.84454
