# in Mpc/h Units 
# D1 = 1 
# k P N P(z=0)
0.0523599 1.54287e-14 12 1.54287e-14
0.074048 1.9949e-14 24 1.9949e-14
0.09069 1.21081e-15 16 1.21081e-15
0.10472 4.25281e-14 12 4.25281e-14
0.11708 1.89278e-13 48 1.89278e-13
0.128255 1.96499e-13 48 1.96499e-13
0.148096 1.52345e-13 24 1.52345e-13
0.15708 3.34675e-13 60 3.34675e-13
0.165576 7.21385e-13 48 7.21385e-13
0.173658 9.46648e-13 48 9.46648e-13
0.18138 6.29201e-14 16 6.29201e-14
0.188786 5.06088e-13 48 5.06088e-13
0.195913 5.54288e-13 96 5.54288e-13
0.20944 1.48581e-12 12 1.48581e-12
0.215885 2.25016e-12 96 2.25016e-12
0.222144 3.2351e-12 72 3.2351e-12
0.228231 1.52649e-12 48 1.52649e-12
0.23416 3.48219e-12 48 3.48219e-12
0.239943 3.46466e-12 96 3.46466e-12
0.24559 4.76909e-13 48 4.76909e-13
0.25651 3.36028e-12 48 3.36028e-12
0.261799 2.2124e-12 60 2.2124e-12
0.266984 3.21581e-12 144 3.21581e-12
0.27207 7.8014e-12 64 7.8014e-12
0.281967 4.29763e-12 144 4.29763e-12
0.286787 8.85167e-12 96 8.85167e-12
0.296192 1.7851e-12 24 1.7851e-12
0.300785 5.47259e-12 96 5.47259e-12
0.305308 3.41464e-12 96 3.41464e-12
0.309765 6.45978e-12 96 6.45978e-12
0.314159 6.71696e-12 60 6.71696e-12
0.318493 1.87701e-11 48 1.87701e-11
0.322768 1.02021e-11 144 1.02021e-11
0.331153 9.03627e-12 48 9.03627e-12
0.335267 1.0269e-11 192 1.0269e-11
0.339331 5.92849e-12 96 5.92849e-12
0.343347 4.66945e-12 48 4.66945e-12
0.347316 1.89532e-11 48 1.89532e-11
0.351241 6.92148e-12 144 6.92148e-12
0.355122 1.76819e-11 96 1.76819e-11
0.36276 5.67061e-13 16 5.67061e-13
0.366519 1.60109e-11 108 1.60109e-11
0.37024 1.56285e-11 168 1.56285e-11
0.373924 2.11833e-11 96 2.11833e-11
0.377572 1.49184e-11 48 1.49184e-11
0.381186 2.59844e-11 144 2.59844e-11
0.384765 1.87998e-11 192 1.87998e-11
0.391825 1.10846e-11 96 1.10846e-11
0.395308 2.53606e-11 96 2.53606e-11
0.398761 2.53582e-11 48 2.53582e-11
0.402184 2.62329e-11 144 2.62329e-11
0.408944 1.11571e-11 144 1.11571e-11
0.412282 1.9706e-11 192 1.9706e-11
0.418879 1.01482e-10 12 1.01482e-10
0.422139 2.64986e-11 192 2.64986e-11
0.425374 2.66814e-11 192 2.66814e-11
0.428584 2.8618e-11 48 2.8618e-11
0.431771 2.57264e-11 96 2.57264e-11
0.434934 6.51977e-11 192 6.51977e-11
0.438074 8.10151e-12 96 8.10151e-12
0.444288 4.44346e-11 72 4.44346e-11
0.447363 2.40138e-11 96 2.40138e-11
0.450417 3.40817e-11 240 3.40817e-11
0.45345 1.80315e-11 112 1.80315e-11
0.456463 2.13356e-11 48 2.13356e-11
0.459456 4.01027e-11 192 4.01027e-11
0.46243 2.0124e-11 96 2.0124e-11
0.468321 7.35119e-11 48 7.35119e-11
0.471239 3.08116e-11 204 3.08116e-11
0.475868 4.50114e-11 240 4.50114e-11
0.479886 7.00634e-11 96 7.00634e-11
0.482734 4.68897e-11 96 4.68897e-11
0.485566 4.54507e-11 240 4.54507e-11
0.491179 1.17337e-11 48 1.17337e-11
0.493962 5.56442e-11 288 5.56442e-11
0.497516 6.31534e-11 336 6.31534e-11
0.50494 6.23526e-11 96 6.23526e-11
0.507648 5.23783e-11 192 5.23783e-11
0.51302 3.38966e-11 48 3.38966e-11
0.515685 9.06441e-11 96 9.06441e-11
0.518336 7.32009e-11 216 7.32009e-11
0.520974 3.38529e-11 144 3.38529e-11
0.525815 8.2226e-11 396 8.2226e-11
0.528809 1.04049e-10 96 1.04049e-10
0.533968 6.57066e-11 144 6.57066e-11
0.536529 9.09791e-11 192 9.09791e-11
0.539078 8.41712e-11 144 8.41712e-11
0.542392 9.48777e-11 208 9.48777e-11
0.546653 7.75429e-11 144 7.75429e-11
0.549155 6.54524e-11 288 6.54524e-11
0.557822 7.1166e-11 384 7.1166e-11
0.561497 6.76664e-11 96 6.76664e-11
0.565449 8.44651e-11 384 8.44651e-11
0.568774 1.23728e-10 144 1.23728e-10
0.573574 1.203e-10 96 1.203e-10
0.575959 4.90659e-11 156 4.90659e-11
0.57901 1.05822e-10 336 1.05822e-10
0.585401 1.32956e-10 288 1.32956e-10
0.587738 1.49782e-10 288 1.49782e-10
0.592384 4.68036e-11 24 4.68036e-11
0.595269 9.7818e-11 384 9.7818e-11
0.599938 1.00653e-10 336 1.00653e-10
0.603844 5.18584e-11 96 5.18584e-11
0.606109 1.16405e-10 336 1.16405e-10
0.61211 1.20771e-10 288 1.20771e-10
0.616043 1.29561e-10 336 1.29561e-10
0.621003 1.46692e-10 288 1.46692e-10
0.62394 5.41775e-11 96 5.41775e-11
0.628319 7.41721e-11 60 7.41721e-11
0.631943 1.84892e-10 576 1.84892e-10
0.635476 1.55057e-10 160 1.55057e-10
0.640026 1.59073e-10 576 1.59073e-10
0.645536 2.40224e-10 144 2.40224e-10
0.648501 1.90146e-10 480 1.90146e-10
0.651875 1.10168e-10 192 1.10168e-10
0.657259 1.98562e-10 336 1.98562e-10
0.664143 2.16224e-10 432 2.16224e-10
0.666806 1.29812e-10 264 1.29812e-10
0.671554 1.37456e-10 384 1.37456e-10
0.67461 9.19831e-11 240 9.19831e-11
0.67991 2.75743e-10 252 2.75743e-10
0.683858 1.98397e-10 576 1.98397e-10
0.689604 2.18844e-10 624 2.18844e-10
0.694632 1.93317e-10 48 1.93317e-10
0.699101 2.27933e-10 528 2.27933e-10
0.703699 1.25479e-10 384 1.25479e-10
0.707341 2.40626e-10 384 2.40626e-10
0.712995 2.23516e-10 672 2.23516e-10
0.716011 2.58564e-10 96 2.58564e-10
0.72021 2.34228e-10 480 2.34228e-10
0.728882 2.33391e-10 592 2.33391e-10
0.73184 2.54089e-10 300 2.54089e-10
0.735837 2.77723e-10 480 2.77723e-10
0.741648 2.54019e-10 456 2.54019e-10
0.745808 2.36258e-10 432 2.36258e-10
0.750984 2.8851e-10 672 2.8851e-10
0.757319 2.61476e-10 720 2.61476e-10
0.761471 1.7981e-10 288 1.7981e-10
0.764935 3.22725e-10 336 3.22725e-10
0.771444 2.53051e-10 624 2.53051e-10
0.777209 3.75855e-10 576 3.75855e-10
0.781021 3.74997e-10 384 3.74997e-10
0.786997 3.74959e-10 732 3.74959e-10
0.793162 4.10661e-10 816 4.10661e-10
0.798994 4.74972e-10 336 4.74972e-10
0.801928 3.97002e-10 672 3.97002e-10
0.80675 4.27243e-10 480 4.27243e-10
0.81435 4.44096e-10 760 4.44096e-10
0.819874 3.16654e-10 768 3.16654e-10
0.825561 3.01808e-10 480 3.01808e-10
0.829315 4.17095e-10 720 4.17095e-10
0.834578 5.31999e-10 396 5.31999e-10
0.840616 4.58533e-10 768 4.58533e-10
0.845798 4.79595e-10 768 4.79595e-10
0.852892 5.2015e-10 864 5.2015e-10
0.858982 3.92554e-10 1056 3.92554e-10
0.865654 5.2364e-10 576 5.2364e-10
0.869604 6.74042e-10 576 6.74042e-10
0.875816 5.13752e-10 912 5.13752e-10
0.882071 5.19937e-10 720 5.19937e-10
0.886104 5.93365e-10 360 5.93365e-10
0.89194 6.94999e-10 972 6.94999e-10
0.897856 6.80652e-10 1008 6.80652e-10
0.904202 7.01863e-10 1024 7.01863e-10
0.909643 6.39188e-10 528 6.39188e-10
0.916102 5.8809e-10 1200 5.8809e-10
0.921642 8.75678e-10 576 8.75678e-10
0.928714 6.7374e-10 1344 6.7374e-10
0.936467 6.50836e-10 816 6.50836e-10
0.942098 6.38966e-10 924 6.38966e-10
0.947697 8.70751e-10 1200 8.70751e-10
0.95445 8.3294e-10 1008 8.3294e-10
0.96178 8.29841e-10 648 8.29841e-10
0.966657 8.10419e-10 1488 8.10419e-10
0.973282 7.47561e-10 912 7.47561e-10
0.979174 8.93966e-10 864 8.93966e-10
0.98607 8.27852e-10 1440 8.27852e-10
0.994526 8.21597e-10 1068 8.21597e-10
1.00005 1.0746e-09 1072 1.0746e-09
1.00695 8.995e-10 1248 8.995e-10
1.01254 1.086e-09 1200 1.086e-09
1.01915 1.02573e-09 1392 1.02573e-09
1.02716 1.00399e-09 912 1.00399e-09
1.03311 1.03868e-09 1464 1.03868e-09
1.04021 8.86704e-10 1200 8.86704e-10
1.04746 1.06688e-09 1404 1.06688e-09
1.05386 1.1742e-09 1344 1.1742e-09
1.06134 1.26507e-09 1536 1.26507e-09
1.06878 1.21462e-09 1536 1.21462e-09
1.07508 1.18693e-09 816 1.18693e-09
1.08188 1.28938e-09 2160 1.28938e-09
1.09086 1.44085e-09 1264 1.44085e-09
1.09724 1.12184e-09 1500 1.12184e-09
1.10427 1.60914e-09 1392 1.60914e-09
1.11146 1.67869e-09 1752 1.67869e-09
1.11946 1.30295e-09 1728 1.30295e-09
1.12585 1.48532e-09 1536 1.48532e-09
1.13353 1.47299e-09 1776 1.47299e-09
1.14144 1.7824e-09 1632 1.7824e-09
1.14947 1.73371e-09 1308 1.73371e-09
1.15655 1.75731e-09 2592 1.75731e-09
1.16466 1.85894e-09 1632 1.85894e-09
1.17201 2.13267e-09 1632 2.13267e-09
1.17979 1.8164e-09 2176 1.8164e-09
1.18868 1.60427e-09 2040 1.60427e-09
1.19695 1.93788e-09 2064 1.93788e-09
1.2048 1.75555e-09 1884 1.75555e-09
1.21235 2.16489e-09 2064 2.16489e-09
1.22125 2.03704e-09 2256 2.03704e-09
1.22758 1.96147e-09 1776 1.96147e-09
1.23587 2.35851e-09 2352 2.35851e-09
1.24422 1.97254e-09 1920 1.97254e-09
1.25132 2.11414e-09 2220 2.11414e-09
1.26083 2.6424e-09 2232 2.6424e-09
1.26841 2.50198e-09 2704 2.50198e-09
1.27694 2.37213e-09 2400 2.37213e-09
1.28569 2.48815e-09 2448 2.48815e-09
1.29494 2.78907e-09 2640 2.78907e-09
1.30323 2.37501e-09 2256 2.37501e-09
1.31205 3.04318e-09 3036 3.04318e-09
1.31993 2.99326e-09 2160 2.99326e-09
1.32925 2.84625e-09 3048 2.84625e-09
1.33806 2.97874e-09 2832 2.97874e-09
1.34776 3.08914e-09 3408 3.08914e-09
1.3575 3.08144e-09 2176 3.08144e-09
1.36503 3.12254e-09 2892 3.12254e-09
1.37457 3.63079e-09 3600 3.63079e-09
1.38423 3.49362e-09 3024 3.49362e-09
1.39292 3.38169e-09 2784 3.38169e-09
1.40119 3.22155e-09 2784 3.22155e-09
1.41152 3.78132e-09 3924 3.78132e-09
1.42148 3.62474e-09 3552 3.62474e-09
1.4311 4.11928e-09 3360 4.11928e-09
1.44075 3.96639e-09 3552 3.96639e-09
1.4503 3.90217e-09 3088 3.90217e-09
1.45906 3.89365e-09 3792 3.89365e-09
1.46881 4.56084e-09 3324 4.56084e-09
1.47857 5.05397e-09 3816 5.05397e-09
1.48825 4.44054e-09 4368 4.44054e-09
1.49906 4.28662e-09 3696 4.28662e-09
1.50823 4.62833e-09 3696 4.62833e-09
1.51928 4.6317e-09 4476 4.6317e-09
1.52892 5.30147e-09 4176 5.30147e-09
1.53945 5.28745e-09 4384 5.28745e-09
1.54826 5.55476e-09 3072 5.55476e-09
1.55799 5.44627e-09 4824 5.44627e-09
1.56909 5.22806e-09 4524 5.22806e-09
1.57956 6.07472e-09 4896 6.07472e-09
1.58993 5.92629e-09 4080 5.92629e-09
1.60098 6.0006e-09 5952 6.0006e-09
1.61239 5.58498e-09 4368 5.58498e-09
1.62326 6.79478e-09 5100 6.79478e-09
1.63365 6.47985e-09 4792 6.47985e-09
1.64411 7.47797e-09 5520 7.47797e-09
1.65507 6.48977e-09 4848 6.48977e-09
1.66671 6.9687e-09 5664 6.9687e-09
1.67729 7.49711e-09 5148 7.49711e-09
1.68865 7.73755e-09 6048 7.73755e-09
1.69926 7.11791e-09 4968 7.11791e-09
1.71073 7.87102e-09 6336 7.87102e-09
1.72232 7.96492e-09 5788 7.96492e-09
1.73367 8.50078e-09 5712 8.50078e-09
1.74507 9.22307e-09 6768 9.22307e-09
1.75738 8.54397e-09 6480 8.54397e-09
1.76843 8.60847e-09 5712 8.60847e-09
1.78079 9.00629e-09 6948 9.00629e-09
1.79234 9.88002e-09 6864 9.88002e-09
1.80467 9.90104e-09 7104 9.90104e-09
1.81741 1.00298e-08 7120 1.00298e-08
1.82908 9.91872e-09 6540 9.91872e-09
1.84056 1.14419e-08 7104 1.14419e-08
1.85297 1.08183e-08 7560 1.08183e-08
1.86529 1.07532e-08 7920 1.07532e-08
1.87828 1.08818e-08 7392 1.08818e-08
1.89033 1.20295e-08 7452 1.20295e-08
1.90289 1.2404e-08 8752 1.2404e-08
1.91524 1.17436e-08 7296 1.17436e-08
1.92801 1.20318e-08 8664 1.20318e-08
1.94114 1.31819e-08 8508 1.31819e-08
1.95358 1.35672e-08 8592 1.35672e-08
1.96683 1.34589e-08 8640 1.34589e-08
1.97893 1.31602e-08 8736 1.31602e-08
1.99314 1.49638e-08 9652 1.49638e-08
2.00669 1.4753e-08 10032 1.4753e-08
2.02001 1.58259e-08 9216 1.58259e-08
2.03371 1.48491e-08 9648 1.48491e-08
2.0469 1.67154e-08 9900 1.67154e-08
2.06043 1.67263e-08 10464 1.67263e-08
2.07427 1.66699e-08 9960 1.66699e-08
2.0873 1.72774e-08 9676 1.72774e-08
2.10142 1.8387e-08 12048 1.8387e-08
2.1162 1.80887e-08 11040 1.80887e-08
2.12987 1.83996e-08 10800 1.83996e-08
2.14398 1.89806e-08 11076 1.89806e-08
2.15842 2.08117e-08 12912 2.08117e-08
2.17295 2.01865e-08 11008 2.01865e-08
2.18708 1.96942e-08 12336 1.96942e-08
2.2017 2.20977e-08 11820 2.20977e-08
2.21574 2.17431e-08 12744 2.17431e-08
2.23088 2.24953e-08 13536 2.24953e-08
2.246 2.23491e-08 12588 2.23491e-08
2.26057 2.45609e-08 13312 2.45609e-08
2.27558 2.39249e-08 14448 2.39249e-08
2.29128 2.48453e-08 13416 2.48453e-08
2.30663 2.64213e-08 15132 2.64213e-08
2.32238 2.80651e-08 14832 2.80651e-08
2.33773 2.55904e-08 13968 2.55904e-08
2.35249 2.71909e-08 14620 2.71909e-08
2.36851 2.8515e-08 16296 2.8515e-08
2.38413 2.81331e-08 15264 2.81331e-08
2.40004 2.81229e-08 16176 2.81229e-08
2.41649 3.19348e-08 16956 3.19348e-08
2.43227 3.09286e-08 16224 3.09286e-08
2.44806 3.05462e-08 16216 3.05462e-08
2.46464 3.39667e-08 19020 3.39667e-08
2.48167 3.36608e-08 16944 3.36608e-08
2.4972 3.34796e-08 17664 3.34796e-08
2.51377 3.52179e-08 17796 3.52179e-08
2.5304 3.53252e-08 20016 3.53252e-08
2.54769 3.65147e-08 18784 3.65147e-08
2.56498 3.76609e-08 20412 3.76609e-08
2.58178 4.01299e-08 19056 4.01299e-08
2.59871 3.89006e-08 20472 3.89006e-08
2.61602 4.024e-08 20796 4.024e-08
2.63365 4.19948e-08 21568 4.19948e-08
2.6509 4.1942e-08 21168 4.1942e-08
2.66899 4.21663e-08 22692 4.21663e-08
2.68677 4.57642e-08 22800 4.57642e-08
2.70438 4.62783e-08 22032 4.62783e-08
2.72238 4.78714e-08 23740 4.78714e-08
2.74093 4.88164e-08 25032 4.88164e-08
2.75923 5.01475e-08 23760 5.01475e-08
2.77729 5.20478e-08 23772 5.20478e-08
2.79526 5.21973e-08 26208 5.21973e-08
2.81432 5.3622e-08 25528 5.3622e-08
2.833 5.62365e-08 26892 5.62365e-08
2.85202 5.557e-08 26928 5.557e-08
2.87073 5.63506e-08 26796 5.63506e-08
2.89013 6.05483e-08 29256 6.05483e-08
2.90936 6.01089e-08 28048 6.01089e-08
2.92925 6.23942e-08 30108 6.23942e-08
2.94838 6.74589e-08 28992 6.74589e-08
2.96782 6.52089e-08 30024 6.52089e-08
2.98749 6.7667e-08 30844 6.7667e-08
3.00704 6.83817e-08 31248 6.83817e-08
3.02719 6.8296e-08 32292 6.8296e-08
3.04759 7.07481e-08 34128 7.07481e-08
3.06788 7.35635e-08 32304 7.35635e-08
3.08831 7.58607e-08 35020 7.58607e-08
3.10884 7.73113e-08 34344 7.73113e-08
3.12935 7.70086e-08 35760 7.70086e-08
3.15034 8.20273e-08 36060 8.20273e-08
3.17113 8.45186e-08 37360 8.45186e-08
3.19265 8.46571e-08 38340 8.46571e-08
3.21364 8.70684e-08 37440 8.70684e-08
3.23467 8.8827e-08 39072 8.8827e-08
3.25676 9.39899e-08 41908 9.39899e-08
3.27858 9.23464e-08 40656 9.23464e-08
3.3005 9.32614e-08 41436 9.32614e-08
3.32227 9.95283e-08 42696 9.95283e-08
3.34438 9.79197e-08 43068 9.79197e-08
3.36657 1.04672e-07 44512 1.04672e-07
3.38869 1.0356e-07 44208 1.0356e-07
3.41124 1.06604e-07 46356 1.06604e-07
3.43406 1.09971e-07 47760 1.09971e-07
3.45721 1.10864e-07 48460 1.10864e-07
3.48034 1.16878e-07 48936 1.16878e-07
3.50366 1.17629e-07 50460 1.17629e-07
3.5269 1.24513e-07 50656 1.24513e-07
3.5504 1.20372e-07 51636 1.20372e-07
3.57388 1.2748e-07 53232 1.2748e-07
3.59743 1.25687e-07 52752 1.25687e-07
3.62141 1.33978e-07 56068 1.33978e-07
3.64536 1.31654e-07 55632 1.31654e-07
3.66958 1.39665e-07 56796 1.39665e-07
3.69387 1.38787e-07 59304 1.38787e-07
3.71882 1.44441e-07 60268 1.44441e-07
3.74375 1.47016e-07 61584 1.47016e-07
3.76897 1.50682e-07 62436 1.50682e-07
3.79359 1.5463e-07 61824 1.5463e-07
3.81905 1.58765e-07 66316 1.58765e-07
3.84456 1.62362e-07 65544 1.62362e-07
3.86994 1.64272e-07 66300 1.64272e-07
3.89542 1.71596e-07 68512 1.71596e-07
3.92167 1.72526e-07 71124 1.72526e-07
3.9475 1.77144e-07 69984 1.77144e-07
3.97388 1.78791e-07 74316 1.78791e-07
4.00046 1.83081e-07 73912 1.83081e-07
4.0271 1.86388e-07 75900 1.86388e-07
4.05369 1.92667e-07 76992 1.92667e-07
4.08104 1.95159e-07 80548 1.95159e-07
4.10806 1.99494e-07 78528 1.99494e-07
4.13528 2.05365e-07 82932 2.05365e-07
4.16281 2.12407e-07 83920 2.12407e-07
4.19067 2.1153e-07 85404 2.1153e-07
4.2184 2.19764e-07 86712 2.19764e-07
4.24659 2.23865e-07 89772 2.23865e-07
4.27484 2.27739e-07 90496 2.27739e-07
4.30338 2.34164e-07 92724 2.34164e-07
4.33198 2.36105e-07 93948 2.36105e-07
4.36071 2.41609e-07 96472 2.41609e-07
4.3897 2.5014e-07 97548 2.5014e-07
4.4189 2.54455e-07 101232 2.54455e-07
4.44852 2.58957e-07 102100 2.58957e-07
4.4781 2.64878e-07 104544 2.64878e-07
4.50814 2.67651e-07 107316 2.67651e-07
4.53768 2.72967e-07 105280 2.72967e-07
4.56805 2.81061e-07 114732 2.81061e-07
4.59871 2.8458e-07 110340 2.8458e-07
4.62914 2.99155e-07 117088 2.99155e-07
4.66021 3.00399e-07 117012 3.00399e-07
4.69082 3.06402e-07 117936 3.06402e-07
4.72214 3.10527e-07 124732 3.10527e-07
4.75359 3.19785e-07 122532 3.19785e-07
4.785 3.28086e-07 127920 3.28086e-07
4.81697 3.33591e-07 129460 3.33591e-07
4.84894 3.36288e-07 132720 3.36288e-07
4.88139 3.44818e-07 135556 3.44818e-07
4.91407 3.55081e-07 139116 3.55081e-07
4.94671 3.64054e-07 139320 3.64054e-07
4.97947 3.6618e-07 142780 3.6618e-07
5.01272 3.70148e-07 147948 3.70148e-07
5.04614 3.78894e-07 148392 3.78894e-07
5.07982 3.89476e-07 153244 3.89476e-07
5.11321 3.90758e-07 151032 3.90758e-07
5.14731 4.09577e-07 163020 4.09577e-07
5.18198 4.13317e-07 160276 4.13317e-07
5.21624 4.1989e-07 164736 4.1989e-07
5.25098 4.33007e-07 168196 4.33007e-07
5.28607 4.38738e-07 172572 4.38738e-07
5.32112 4.43529e-07 173400 4.43529e-07
5.35657 4.58427e-07 180028 4.58427e-07
5.39237 4.62435e-07 181860 4.62435e-07
5.42797 4.69559e-07 183388 4.69559e-07
5.46416 4.85229e-07 192456 4.85229e-07
5.5009 4.92238e-07 194028 4.92238e-07
5.53734 4.98273e-07 194740 4.98273e-07
5.57394 5.13042e-07 201312 5.13042e-07
5.61112 5.22392e-07 205060 5.22392e-07
5.64841 5.28551e-07 208908 5.28551e-07
5.68598 5.42905e-07 214392 5.42905e-07
5.72422 5.52747e-07 220828 5.52747e-07
5.76233 5.63139e-07 219156 5.63139e-07
5.80067 5.70162e-07 229948 5.70162e-07
5.83932 5.82554e-07 228792 5.82554e-07
5.87805 5.9434e-07 236380 5.9434e-07
5.91726 6.02288e-07 240996 6.02288e-07
5.95666 6.10161e-07 245436 6.10161e-07
5.99617 6.29255e-07 249208 6.29255e-07
6.03605 6.39205e-07 255900 6.39205e-07
6.07637 6.4975e-07 261652 6.4975e-07
6.11683 6.60827e-07 265020 6.60827e-07
6.15724 6.76377e-07 268360 6.76377e-07
6.19831 6.88375e-07 280428 6.88375e-07
6.23974 7.0531e-07 280036 7.0531e-07
6.28136 7.15581e-07 291300 7.15581e-07
6.32317 7.23456e-07 290700 7.23456e-07
6.3651 7.37308e-07 300376 7.37308e-07
6.40747 7.51178e-07 304428 7.51178e-07
6.45023 7.68314e-07 314452 7.68314e-07
6.49325 7.80403e-07 316236 7.80403e-07
6.53637 7.96485e-07 324676 7.96485e-07
6.57987 8.10696e-07 330756 8.10696e-07
6.62371 8.31411e-07 338512 8.31411e-07
6.66769 8.41539e-07 341364 8.41539e-07
6.71213 8.56536e-07 355132 8.56536e-07
6.75715 8.72766e-07 359220 8.72766e-07
6.80213 8.87783e-07 365380 8.87783e-07
6.8473 8.9794e-07 371388 8.9794e-07
6.8928 9.15949e-07 380692 9.15949e-07
6.93857 9.32809e-07 385704 9.32809e-07
6.98472 9.53444e-07 397612 9.53444e-07
7.03127 9.78599e-07 402756 9.78599e-07
7.07818 9.92576e-07 414892 9.92576e-07
7.12517 1.00412e-06 414516 1.00412e-06
7.17243 1.02782e-06 431524 1.02782e-06
7.22044 1.04429e-06 439404 1.04429e-06
7.26849 1.05805e-06 443044 1.05805e-06
7.31672 1.07907e-06 455508 1.07907e-06
7.3654 1.09732e-06 463420 1.09732e-06
7.41433 1.11976e-06 471988 1.11976e-06
7.4637 1.14252e-06 484692 1.14252e-06
7.51349 1.15708e-06 493408 1.15708e-06
7.56347 1.18666e-06 500820 1.18666e-06
7.61393 1.20065e-06 516820 1.20065e-06
7.66479 1.22525e-06 522828 1.22525e-06
7.71574 1.24747e-06 531748 1.24747e-06
7.76711 1.2679e-06 546900 1.2679e-06
7.81889 1.29085e-06 553948 1.29085e-06
7.87101 1.3145e-06 568804 1.3145e-06
7.92338 1.33904e-06 575508 1.33904e-06
7.97606 1.354e-06 590020 1.354e-06
8.0293 1.39191e-06 604284 1.39191e-06
8.08275 1.41838e-06 609892 1.41838e-06
8.13628 1.4274e-06 623284 1.4274e-06
8.19037 1.46566e-06 638652 1.46566e-06
8.24475 1.48552e-06 647236 1.48552e-06
8.29961 1.51341e-06 667488 1.51341e-06
8.35495 1.53775e-06 675940 1.53775e-06
8.41075 1.57209e-06 697516 1.57209e-06
8.46683 1.59551e-06 700692 1.59551e-06
8.52295 1.62386e-06 717556 1.62386e-06
8.57991 1.64661e-06 741156 1.64661e-06
8.63732 1.67993e-06 748516 1.67993e-06
8.69471 1.71605e-06 761116 1.71605e-06
8.75245 1.74321e-06 776868 1.74321e-06
8.81071 1.77586e-06 797044 1.77586e-06
8.8694 1.8072e-06 808084 1.8072e-06
8.92825 1.83954e-06 824328 1.83954e-06
8.98764 1.87027e-06 844516 1.87027e-06
9.04755 1.91064e-06 861508 1.91064e-06
9.10782 1.94347e-06 877812 1.94347e-06
9.16841 1.96817e-06 893476 1.96817e-06
9.22955 2.00866e-06 918196 2.00866e-06
9.29099 2.05298e-06 926760 2.05298e-06
9.35274 2.08178e-06 952276 2.08178e-06
9.41504 2.13495e-06 968644 2.13495e-06
9.47775 2.15788e-06 991476 2.15788e-06
9.54092 2.198e-06 1008532 2.198e-06
9.60451 2.24317e-06 1031392 2.24317e-06
9.66826 2.27269e-06 1041948 2.27269e-06
9.73246 2.31555e-06 1073764 2.31555e-06
9.79738 2.35589e-06 1093636 2.35589e-06
9.86258 2.40151e-06 1112356 2.40151e-06
9.92813 2.44529e-06 1135344 2.44529e-06
9.99431 2.47392e-06 1164628 2.47392e-06
10.0611 2.52809e-06 1186276 2.52809e-06
10.128 2.57523e-06 1201840 2.57523e-06
10.1952 2.62848e-06 1228548 2.62848e-06
10.2631 2.66784e-06 1260100 2.66784e-06
10.3315 2.71442e-06 1277356 2.71442e-06
10.4002 2.76405e-06 1307968 2.76405e-06
10.4696 2.81875e-06 1339236 2.81875e-06
10.5393 2.86826e-06 1353844 2.86826e-06
10.6093 2.92041e-06 1385104 2.92041e-06
10.6799 2.9726e-06 1418356 2.9726e-06
10.7511 3.01623e-06 1442832 3.01623e-06
10.8226 3.0795e-06 1471396 3.0795e-06
10.8947 3.13244e-06 1505092 3.13244e-06
10.9672 3.17483e-06 1527520 3.17483e-06
11.0401 3.23831e-06 1564996 3.23831e-06
11.1137 3.29363e-06 1594356 3.29363e-06
11.1877 3.36447e-06 1629952 3.36447e-06
11.2623 3.41741e-06 1662532 3.41741e-06
11.3374 3.47052e-06 1691392 3.47052e-06
11.4126 3.53333e-06 1720468 3.53333e-06
11.4886 3.59231e-06 1767856 3.59231e-06
11.5652 3.65956e-06 1796676 3.65956e-06
11.6423 3.71149e-06 1835152 3.71149e-06
11.7197 3.79191e-06 1866388 3.79191e-06
11.7976 3.85825e-06 1905472 3.85825e-06
11.8762 3.9175e-06 1949044 3.9175e-06
11.9552 3.98738e-06 1980064 3.98738e-06
12.0348 4.06086e-06 2026876 4.06086e-06
12.1149 4.13231e-06 2062336 4.13231e-06
12.1955 4.19071e-06 2111220 4.19071e-06
12.2768 4.26579e-06 2148880 4.26579e-06
12.3584 4.34638e-06 2190292 4.34638e-06
12.4407 4.42343e-06 2239168 4.42343e-06
12.5236 4.49091e-06 2283844 4.49091e-06
12.6069 4.57167e-06 2320432 4.57167e-06
12.6907 4.63812e-06 2371984 4.63812e-06
12.7753 4.73449e-06 2430844 4.73449e-06
12.8604 4.80733e-06 2470144 4.80733e-06
12.946 4.87893e-06 2518048 4.87893e-06
13.0322 4.97231e-06 2572420 4.97231e-06
13.1189 5.04162e-06 2621920 5.04162e-06
13.2063 5.14096e-06 2676112 5.14096e-06
13.2942 5.23577e-06 2729932 5.23577e-06
13.3827 5.31049e-06 2783536 5.31049e-06
13.4718 5.41789e-06 2840896 5.41789e-06
13.5615 5.49445e-06 2897716 5.49445e-06
13.6518 5.58496e-06 2955904 5.58496e-06
13.7426 5.69055e-06 3012616 5.69055e-06
13.8341 5.78645e-06 3076288 5.78645e-06
13.9261 5.87331e-06 3135124 5.87331e-06
14.0187 5.97692e-06 3193408 5.97692e-06
14.112 6.08614e-06 3271144 6.08614e-06
14.2061 6.1782e-06 3333040 6.1782e-06
14.3007 6.2878e-06 3398608 6.2878e-06
14.396 6.39551e-06 3468556 6.39551e-06
14.4918 6.49825e-06 3528784 6.49825e-06
14.5882 6.59472e-06 3609808 6.59472e-06
14.6854 6.73709e-06 3682048 6.73709e-06
14.7831 6.85001e-06 3747640 6.85001e-06
14.8815 6.97303e-06 3827200 6.97303e-06
14.9805 7.08139e-06 3905728 7.08139e-06
15.0803 7.19806e-06 3989932 7.19806e-06
15.1808 7.33147e-06 4064320 7.33147e-06
15.2818 7.48468e-06 4140248 7.48468e-06
15.3835 7.60231e-06 4234912 7.60231e-06
15.486 7.7412e-06 4313200 7.7412e-06
15.5891 7.88429e-06 4400632 7.88429e-06
15.6929 8.02363e-06 4494544 8.02363e-06
15.7974 8.17508e-06 4574920 8.17508e-06
15.9025 8.33977e-06 4670848 8.33977e-06
16.0083 8.50842e-06 4766432 8.50842e-06
16.1149 8.68761e-06 4861096 8.68761e-06
16.2221 8.84809e-06 4948576 8.84809e-06
16.3301 9.02556e-06 5067448 9.02556e-06
16.4388 9.22465e-06 5157088 9.22465e-06
16.5483 9.42616e-06 5268308 9.42616e-06
16.6585 9.62292e-06 5370400 9.62292e-06
16.7694 9.84287e-06 5480536 9.84287e-06
16.881 1.0041e-05 5583136 1.0041e-05
16.9934 1.03027e-05 5709880 1.03027e-05
17.1066 1.05244e-05 5808416 1.05244e-05
17.2204 1.07853e-05 5931928 1.07853e-05
17.335 1.10571e-05 6045100 1.10571e-05
17.4504 1.13265e-05 6178136 1.13265e-05
17.5666 1.16394e-05 6297208 1.16394e-05
17.6835 1.19336e-05 6421360 1.19336e-05
17.8012 1.22766e-05 6550420 1.22766e-05
17.9197 1.26131e-05 6692624 1.26131e-05
18.0391 1.29897e-05 6817864 1.29897e-05
18.1591 1.33696e-05 6950392 1.33696e-05
18.28 1.38004e-05 7100684 1.38004e-05
18.4017 1.42435e-05 7237576 1.42435e-05
18.5242 1.46866e-05 7381744 1.46866e-05
18.6475 1.52028e-05 7531076 1.52028e-05
18.7716 1.57356e-05 7677928 1.57356e-05
18.8965 1.62965e-05 7840724 1.62965e-05
19.0224 1.69312e-05 8001664 1.69312e-05
19.149 1.75743e-05 8154856 1.75743e-05
19.2765 1.83266e-05 8321252 1.83266e-05
19.4048 1.90734e-05 8486416 1.90734e-05
19.5341 1.99259e-05 8671076 1.99259e-05
19.6642 2.07718e-05 8827000 2.07718e-05
19.795 2.1754e-05 9010900 2.1754e-05
19.9268 2.28071e-05 9192080 2.28071e-05
20.0594 2.39558e-05 9368836 2.39558e-05
20.1929 2.51838e-05 9569672 2.51838e-05
20.3274 2.65723e-05 9754708 2.65723e-05
20.4627 2.79947e-05 9951572 2.79947e-05
20.5989 2.96851e-05 10157512 2.96851e-05
20.736 3.14766e-05 10355324 3.14766e-05
20.874 3.33574e-05 10561864 3.33574e-05
21.013 3.5476e-05 10782548 3.5476e-05
21.153 3.77581e-05 11001812 3.77581e-05
21.2938 4.02628e-05 11209060 4.02628e-05
21.4354 4.31132e-05 11431400 4.31132e-05
21.5782 4.60973e-05 11684116 4.60973e-05
21.7219 4.94657e-05 11910452 4.94657e-05
21.8664 5.30913e-05 12127540 5.30913e-05
22.012 5.71904e-05 12404312 5.71904e-05
22.1586 6.15624e-05 12641060 6.15624e-05
22.3061 6.63444e-05 12885748 6.63444e-05
22.4546 7.15231e-05 13157972 7.15231e-05
22.6041 7.72433e-05 13415636 7.72433e-05
22.7545 8.34029e-05 13676164 8.34029e-05
22.906 9.03347e-05 13974632 9.03347e-05
23.0585 9.76901e-05 14234036 9.76901e-05
23.2119 0.000105513 14518612 0.000105513
23.3665 0.000114206 14831300 0.000114206
23.5221 0.000123158 15117620 0.000123158
23.6787 0.000133039 15432676 0.000133039
23.8363 0.000143704 15720116 0.000143704
23.9949 0.000154866 16044572 0.000154866
24.1547 0.00016681 16382996 0.00016681
24.3155 0.000179407 16682804 0.000179407
24.4773 0.000192746 17049568 0.000192746
24.6403 0.000206693 17372036 0.000206693
24.8043 0.00022114 17730284 0.00022114
24.9694 0.000236139 18081428 0.000236139
25.1357 0.00025205 18451508 0.00025205
25.303 0.000267869 18818116 0.000267869
25.4715 0.000284468 19198424 0.000284468
25.641 0.000301155 19585748 0.000301155
25.8118 0.000318835 19978724 0.000318835
25.9836 0.000335638 20371004 0.000335638
26.1565 0.000353633 20788784 0.000353633
26.3307 0.000370946 21215108 0.000370946
26.506 0.000388394 21627980 0.000388394
26.6824 0.000406324 22058480 0.000406324
26.8598 0.508366 22382222 0.508366
27.0386 0.000406954 22371896 0.000406954
27.2186 0.000400345 22382768 0.000400345
27.3998 0.000395071 22332560 0.000395071
27.5821 0.00039085 22325624 0.00039085
27.7658 0.00038783 22296128 0.00038783
27.9506 0.000386486 22244960 0.000386486
28.1366 0.000385135 22209968 0.000385135
28.3239 0.000384378 22170752 0.000384378
28.5125 0.0003846 22099424 0.0003846
28.7023 0.000385233 22026656 0.000385233
28.8933 0.000386388 21940280 0.000386388
29.0857 0.000387811 21887744 0.000387811
29.2794 0.00038902 21770912 0.00038902
29.4742 0.000390927 21667440 0.000390927
29.6704 0.000392995 21555632 0.000392995
29.8679 0.000395136 21448640 0.000395136
30.0668 0.000397538 21315152 0.000397538
30.2669 0.000399502 21159848 0.000399502
30.4684 0.000402012 21017568 0.000402012
30.6712 0.00040456 20845400 0.00040456
30.8754 0.000406913 20691440 0.000406913
31.081 0.000409155 20496296 0.000409155
31.2878 0.000411468 20289552 0.000411468
31.4961 0.00041358 20101808 0.00041358
31.7058 0.000415739 19849544 0.000415739
31.9167 0.000418206 19633272 0.000418206
32.1292 0.000420546 19385528 0.000420546
32.3431 0.000422705 19135376 0.000422705
32.5585 0.00042505 18848208 0.00042505
32.7752 0.000427299 18557432 0.000427299
32.9933 0.000429408 18255576 0.000429408
33.2129 0.000431771 17937584 0.000431771
33.434 0.000434571 17602136 0.000434571
33.6565 0.00043688 17253528 0.00043688
33.8806 0.000439674 16889480 0.000439674
34.1061 0.000442425 16497624 0.000442425
34.3331 0.000445024 16101800 0.000445024
34.5617 0.000448124 15680088 0.000448124
34.7917 0.000451201 15243632 0.000451201
35.0232 0.000454282 14782368 0.000454282
35.2564 0.000458141 14317992 0.000458141
35.491 0.000461274 13809848 0.000461274
35.7272 0.000465319 13298496 0.000465319
35.965 0.000469214 12769352 0.000469214
36.2044 0.000472709 12197688 0.000472709
36.4453 0.00047734 11622024 0.00047734
36.6878 0.000481246 11016224 0.000481246
36.9319 0.000484954 10391832 0.000484954
37.1776 0.000488341 9744456 0.000488341
37.425 0.000490252 9062784 0.000490252
37.6739 0.000490133 8362136 0.000490133
37.9246 3.53709 7654230 3.53709
38.1772 0.000486534 7023504 0.000486534
38.4314 0.000488038 6481392 0.000488038
38.6872 0.000493854 5981364 0.000493854
38.9448 0.000499007 5526380 0.000499007
39.2041 0.000507074 5088888 0.000507074
39.465 0.000514595 4681872 0.000514595
39.7277 0.000524845 4299060 0.000524845
39.9921 0.000535645 3935448 0.000535645
40.2582 0.000547321 3589836 0.000547321
40.5261 0.000560615 3264936 0.000560615
40.7957 0.000575732 2955456 0.000575732
41.0671 0.000590549 2666016 0.000590549
41.3404 0.000607567 2388612 0.000607567
41.6155 0.000625389 2129508 0.000625389
41.8925 0.000646972 1883928 0.000646972
42.1712 0.000665205 1652040 0.000665205
42.4515 0.00068682 1436568 0.00068682
42.7339 0.000709262 1239888 0.000709262
43.0181 0.000735168 1049640 0.000735168
43.3041 0.000759301 882364 0.000759301
43.5916 0.000787772 721404 0.000787772
43.8811 0.000815814 585564 0.000815814
44.1732 0.000850366 456012 0.000850366
44.4652 0.00088022 342316 0.00088022
44.7587 0.000924987 248988 0.000924987
45.0552 0.000965669 168336 0.000965669
45.3521 0.0010126 102012 0.0010126
45.6466 0.00107448 52720 0.00107448
45.9351 0.00114013 19920 0.00114013
46.1972 7648.32 3122 7648.32
