# in Mpc/h Units 
# D1 = 0.0860699 
# k P N P(z=0)
0.020944 183.195 6 24729.2
0.0296192 150.572 12 20325.4
0.036276 124.112 8 16753.7
0.0418879 106.638 6 14395
0.0468321 95.4038 24 12878.4
0.051302 89.5232 24 12084.6
0.0592384 78.9397 12 10656
0.0628319 77.2397 30 10426.5
0.0662306 74.7484 24 10090.2
0.0694632 70.8625 24 9565.62
0.072552 67.3516 8 9091.7
0.0755145 64.9468 24 8767.07
0.0783651 61.1161 48 8249.97
0.0837758 57.1958 6 7720.77
0.0863541 51.8225 48 6995.44
0.0888577 49.0758 36 6624.68
0.0912926 46.6617 24 6298.79
0.0936642 45.1308 24 6092.14
0.0959772 43.2977 48 5844.69
0.0982358 40.6423 24 5486.24
0.102604 36.5022 24 4927.39
0.10472 34.9081 30 4712.2
0.106794 34.9576 72 4718.88
0.108828 35.3562 32 4772.68
0.112787 32.6408 72 4406.13
0.114715 32.149 48 4339.75
0.118477 32.0744 12 4329.67
0.120314 31.4211 48 4241.49
0.122123 31.0861 48 4196.26
0.123906 30.7169 48 4146.43
0.125664 29.7399 30 4014.55
0.127397 30.556 24 4124.7
0.129107 29.2609 72 3949.88
0.132461 28.0672 24 3788.75
0.134107 27.6857 96 3737.26
0.135732 27.2055 48 3672.43
0.137339 27.1215 24 3661.1
0.138926 26.5458 24 3583.38
0.140496 25.0628 72 3383.19
0.142049 24.3911 48 3292.52
0.145104 26.0009 8 3509.83
0.146608 24.07 54 3249.17
0.148632 22.5049 132 3037.9
0.151029 21.5883 24 2914.17
0.152474 21.0237 72 2837.96
0.153906 21.0786 96 2845.36
0.15673 19.8201 48 2675.48
0.158123 19.0522 48 2571.83
0.160531 18.9298 96 2555.31
0.163577 18.5172 72 2499.6
0.164913 17.7536 96 2396.53
0.167552 18.3423 6 2476
0.169502 17.465 192 2357.57
0.172283 17.0745 72 2304.87
0.173974 16.708 96 2255.39
0.17523 16.5581 48 2235.16
0.178418 16.1362 84 2178.2
0.180167 15.5543 120 2099.65
0.181741 16.1047 80 2173.96
0.184179 15.2379 144 2056.94
0.187328 15.7519 24 2126.33
0.188867 14.9074 150 2012.32
0.191267 14.5054 120 1958.06
0.193903 14.4114 168 1945.38
0.196472 14.3067 24 1931.24
0.198088 14.0642 264 1898.5
0.199793 13.4563 48 1816.45
0.202698 13.3788 144 1805.99
0.205919 13.1131 72 1770.11
0.207757 13.1045 180 1768.96
0.21056 12.352 246 1667.38
0.213587 11.8853 72 1604.39
0.215528 12.0131 240 1621.63
0.218352 11.1168 104 1500.65
0.219662 11.1806 144 1509.25
0.223423 10.3074 240 1391.38
0.22618 10.5968 192 1430.45
0.228278 10.175 120 1373.5
0.231217 9.92117 246 1339.24
0.234628 9.70857 288 1310.55
0.237806 9.69547 156 1308.78
0.239714 9.41749 216 1271.25
0.242607 9.4548 264 1276.29
0.245954 9.17084 264 1237.96
0.248695 8.86267 192 1196.36
0.252641 8.60108 318 1161.05
0.255182 8.47308 248 1143.77
0.257969 8.48928 336 1145.95
0.260901 8.25486 264 1114.31
0.263594 8.33307 120 1124.87
0.266618 7.99604 420 1079.37
0.269843 7.82572 264 1056.38
0.273272 7.49403 366 1011.61
0.275985 7.37204 336 995.142
0.280415 7.27286 456 981.752
0.283902 6.77897 384 915.084
0.287082 6.7524 432 911.497
0.291553 6.48043 296 874.783
0.29372 6.46227 390 872.332
0.297469 6.22394 444 840.16
0.301416 6.14909 600 830.057
0.304904 5.97146 408 806.078
0.308899 5.7617 408 777.764
0.311881 5.75019 384 776.21
0.316099 5.62757 774 759.658
0.320152 5.50676 432 743.35
0.323319 5.3257 456 718.908
0.327249 5.30761 620 716.466
0.331125 5.07048 600 684.457
0.335425 4.91942 582 664.065
0.339086 4.89956 576 661.385
0.342966 4.7244 768 637.74
0.347538 4.75407 744 641.745
0.352007 4.54216 648 613.14
0.356145 4.26198 666 575.319
0.360285 4.22816 960 570.753
0.365066 4.06417 752 548.617
0.368573 4.1617 552 561.781
0.372864 4.04206 984 545.632
0.378105 3.85908 1062 520.932
0.382338 3.86845 648 522.197
0.386795 3.70363 1140 499.948
0.391574 3.60558 864 486.712
0.396297 3.49019 1062 471.135
0.401127 3.48393 968 470.29
0.405513 3.2691 1248 441.291
0.410547 3.27003 864 441.417
0.41537 3.14983 1404 425.191
0.420644 3.0994 1086 418.383
0.425289 3.0154 1272 407.045
0.430681 2.90535 1392 392.189
0.436011 2.91374 1376 393.322
0.440941 2.77806 1110 375.007
0.446174 2.71984 1740 367.147
0.45185 2.67666 1584 361.318
0.457529 2.58757 1368 349.292
0.462665 2.5476 1662 343.897
0.467842 2.4888 1536 335.96
0.473473 2.41862 1820 326.486
0.479577 2.3206 1902 313.254
0.485197 2.28278 1704 308.149
0.490809 2.24876 2040 303.557
0.497084 2.12671 2088 287.081
0.503027 2.08188 1842 281.029
0.508843 2.01089 2456 271.447
0.51514 2.00122 1968 270.141
0.521205 1.94545 2382 262.613
0.527271 1.88741 2352 254.779
0.533802 1.83235 2604 247.346
0.539882 1.77931 2280 240.186
0.546709 1.77084 2990 239.043
0.553468 1.68916 2880 228.017
0.559954 1.64104 2508 221.522
0.566543 1.63259 3126 220.381
0.573496 1.58415 3216 213.842
0.580523 1.5213 3032 205.358
0.587241 1.50246 3294 202.815
0.594316 1.45154 3540 195.941
0.601466 1.38659 3408 187.174
0.609018 1.38599 4014 187.093
0.61634 1.34275 3728 181.255
0.623417 1.31276 3588 177.208
0.630695 1.25695 4230 169.673
0.638291 1.21618 4176 164.17
0.645683 1.18738 4158 160.283
0.653416 1.1726 4652 158.287
0.660988 1.13496 4584 153.207
0.669506 1.08857 5454 146.945
0.677708 1.0654 4884 143.816
0.685505 1.03365 5000 139.531
0.694 1.01921 5934 137.581
0.702333 0.981975 5376 132.555
0.710789 0.962712 5898 129.955
0.719251 0.927863 6216 125.251
0.727942 0.891081 6104 120.286
0.736661 0.871035 6618 117.58
0.745211 0.858559 6480 115.896
0.754127 0.837592 6918 113.065
0.762976 0.809647 7304 109.293
0.772239 0.778805 7338 105.13
0.781657 0.770955 8376 104.07
0.791082 0.740316 7590 99.9342
0.800591 0.71913 8780 97.0744
0.810283 0.700023 8496 94.4951
0.820075 0.685802 9294 92.5754
0.829801 0.65026 8828 87.7777
0.839624 0.643621 9846 86.8814
0.849851 0.623902 10248 84.2196
0.860395 0.599843 10626 80.972
0.870624 0.586385 10520 79.1552
0.880856 0.567864 10902 76.6552
0.8914 0.547863 11796 73.9552
0.902254 0.531142 11894 71.698
0.912774 0.521177 12060 70.3529
0.923682 0.500411 12942 67.5497
0.934704 0.488334 13224 65.9195
0.946056 0.473874 14042 63.9676
0.957461 0.459669 14400 62.0501
0.969088 0.442461 15054 59.7271
0.980756 0.435584 15194 58.7989
0.992313 0.422323 15768 57.0088
1.00427 0.400416 16626 54.0516
1.0163 0.393306 17168 53.0918
1.02842 0.381924 17334 51.5554
1.04065 0.371067 18564 50.0898
1.05325 0.367737 19214 49.6403
1.06615 0.344595 20298 46.5164
1.07882 0.334853 19800 45.2014
1.09171 0.329925 21434 44.5361
1.10469 0.317085 21630 42.8028
1.1179 0.310562 22976 41.9223
1.13133 0.295635 23370 39.9074
1.14472 0.28703 24240 38.7458
1.15877 0.279175 26642 37.6854
1.17281 0.273644 25518 36.9388
1.18671 0.263106 27498 35.5163
1.20092 0.254859 27944 34.4031
1.21541 0.246054 29778 33.2145
1.23005 0.237608 30158 32.0743
1.24487 0.230842 32076 31.161
1.25995 0.222985 32430 30.1005
1.27496 0.217826 33602 29.4041
1.29008 0.207322 34584 27.9861
1.30561 0.200679 36842 27.0894
1.32148 0.195896 38070 26.4437
1.33731 0.188157 38402 25.3991
1.35304 0.183025 39600 24.7062
1.36931 0.177158 42786 23.9143
1.38597 0.170398 43754 23.0018
1.40251 0.164456 44190 22.1997
1.41927 0.157184 47042 21.2181
1.43629 0.153644 48000 20.7401
1.45349 0.150552 50210 20.3228
1.47092 0.142766 51678 19.2717
1.48857 0.139636 54050 18.8492
1.50651 0.133615 56010 18.0365
1.5246 0.129182 57782 17.4381
1.54296 0.125434 60306 16.9322
1.5614 0.120688 61244 16.2915
1.57996 0.116255 64086 15.6931
1.59904 0.112192 67706 15.1447
1.61841 0.108441 69486 14.6383
1.63786 0.103381 71426 13.9553
1.65727 0.100688 72882 13.5917
1.67716 0.0968115 78230 13.0684
1.69752 0.0930991 80378 12.5673
1.71789 0.0902952 82242 12.1888
1.73855 0.0873939 86546 11.7972
1.75938 0.0837765 87750 11.3089
1.78034 0.0809836 91922 10.9319
1.80163 0.0780539 94890 10.5364
1.82321 0.074747 99062 10.09
1.84528 0.0722097 103898 9.74748
1.86742 0.0699731 105090 9.44557
1.88971 0.0676195 109874 9.12786
1.91235 0.0648541 114110 8.75456
1.93516 0.0626261 116850 8.45381
1.95828 0.0599856 122672 8.09737
1.98195 0.0578296 128874 7.80634
2.00592 0.0556697 131714 7.51477
2.02983 0.0535345 134822 7.22655
2.05418 0.0516955 142866 6.9783
2.07887 0.049696 145514 6.70839
2.10372 0.0481452 151880 6.49904
2.12915 0.0460285 159746 6.21332
2.15486 0.0446462 162858 6.02673
2.18054 0.0430384 167474 5.80969
2.20649 0.0414897 174110 5.60063
2.23302 0.0397359 183336 5.36389
2.25999 0.038336 189146 5.17492
2.28711 0.0369572 194354 4.9888
2.31452 0.0356191 202496 4.80817
2.3423 0.0344654 209754 4.65244
2.37031 0.0331725 215618 4.47791
2.39862 0.032136 224600 4.33799
2.42748 0.031052 235370 4.19167
2.45668 0.0299007 240794 4.03626
2.48608 0.0291302 250560 3.93225
2.5159 0.0281064 259874 3.79404
2.54615 0.0273905 270224 3.6974
2.57673 0.0264733 278570 3.5736
2.60767 0.0257946 290216 3.48198
2.63893 0.0250434 298370 3.38057
2.67053 0.0245255 310928 3.31066
2.70255 0.023823 321522 3.21583
2.73501 0.0233675 334640 3.15434
2.76784 0.0229276 345302 3.09496
2.80103 0.0225585 358736 3.04514
2.83468 0.0221378 372320 2.98835
2.86869 0.0220344 384386 2.9744
2.90306 0.0216493 398576 2.92241
2.93788 0.0215724 414032 2.91202
2.97314 0.0215186 428570 2.90476
3.00878 0.0215094 443420 2.90352
3.04485 0.0215702 460880 2.91173
3.08141 0.0216789 477608 2.9264
3.11839 0.0220284 494666 2.97358
3.15587 0.0222194 514172 2.99936
3.19377 0.022691 531200 3.06303
3.23206 0.0232933 549944 3.14433
3.27078 0.0238589 569924 3.22068
3.31006 0.0247206 593642 3.337
3.34977 0.0258286 610856 3.48657
3.38996 0.0269973 637756 3.64433
3.43072 0.0282237 659240 3.80988
3.47187 0.0296027 681752 3.99603
3.51352 0.0313781 708404 4.23568
3.55566 0.0334276 731720 4.51235
3.59831 0.0357296 761324 4.82309
3.64146 0.038239 785624 5.16183
3.68509 0.0408834 815932 5.51879
3.72935 0.0449469 848150 6.06732
3.77412 0.0490873 875876 6.62622
3.81939 0.0531772 909872 7.17831
3.86521 0.0583169 940708 7.87212
3.91154 0.0639972 975368 8.63889
3.95847 0.0710996 1012826 9.59763
4.00597 0.0795204 1047892 10.7343
4.05405 0.0875045 1088600 11.8121
4.10276 0.0974021 1127762 13.1482
4.15198 0.112976 1166140 15.2504
4.20175 0.124324 1209440 16.7823
4.25218 0.142796 1255802 19.2758
4.30322 0.16374 1298860 22.103
4.35482 0.187136 1347110 25.2613
4.40705 0.220052 1395124 29.7045
4.45993 0.254269 1448666 34.3233
4.51349 0.295126 1501036 39.8387
4.56763 0.358583 1552442 48.4045
4.6224 0.398482 1611310 53.7905
4.67785 0.510303 1669244 68.885
4.73396 0.605047 1729786 81.6744
4.79079 0.704071 1796522 95.0416
4.84827 0.869365 1856476 117.354
4.90642 1.11692 1928050 150.771
4.96533 1.37314 1998290 185.358
5.02487 1.72252 2065786 232.52
5.0851 2.20096 2145058 297.105
5.14613 2.79068 2224298 376.71
5.20788 3.51231 2303434 474.122
5.27036 4.33611 2388202 585.325
5.33364 4.22887 2478599 570.849
5.39744 0.392142 2508700 52.9347
5.46211 0.096907 2510380 13.0813
5.52769 0.0835272 2512288 11.2752
5.59404 0.0858159 2497276 11.5842
5.66113 0.0957449 2490536 12.9245
5.72904 0.109225 2476432 14.7441
5.79779 0.129471 2464036 17.4771
5.86736 0.156122 2441572 21.0746
5.93771 0.189689 2420164 25.6058
6.00892 0.233614 2394628 31.5352
6.08102 0.29201 2368624 39.418
6.15399 0.36516 2332204 49.2925
6.2278 0.464801 2296528 62.7429
6.30252 0.59483 2255452 80.2953
6.37813 0.770401 2208364 103.995
6.45461 0.998578 2156872 134.797
6.53204 1.30288 2104512 175.874
6.6104 1.71732 2039548 231.818
6.68969 2.3327 1976956 314.887
6.76993 3.06805 1900768 414.151
6.85111 4.3133 1825120 582.246
6.93325 5.67343 1737192 765.848
7.01639 8.16028 1649440 1101.54
7.10058 11.1908 1549012 1510.63
7.18569 15.2832 1441740 2063.06
7.27174 20.3467 1326940 2746.57
7.35886 26.9731 1207764 3641.06
7.44702 29.6501 1075156 4002.42
7.53611 18.5195 935664 2499.92
7.62659 0.987761 801523 133.336
7.71818 0.740258 692322 99.9263
7.81076 1.02397 599362 138.225
7.90447 1.48737 516300 200.779
7.99927 2.18693 441076 295.21
8.09511 3.30064 372798 445.549
8.19203 5.00401 311442 675.484
8.2901 7.78781 255850 1051.27
8.3894 12.3174 206196 1662.7
8.49004 20.2266 161820 2730.36
8.59152 32.8411 121362 4433.18
8.69409 57.251 88608 7728.22
8.79786 101.471 59292 13697.4
8.90093 175.209 35826 23651.2
9.00404 314.992 19252 42520.3
9.10719 545.021 7314 73571.6
9.20136 810.007 1158 109342
9.28665 2602.5 1 351308
