# in Mpc/h Units 
# D1 = 0.166528 
# k P N P(z=0)
0.020944 6.90614 6 249.036
0.0296192 5.61705 12 202.551
0.036276 4.64934 8 167.655
0.0418879 3.91397 6 141.138
0.0468321 3.58228 24 129.177
0.051302 3.32181 24 119.785
0.0592384 2.9812 12 107.502
0.0628319 2.87912 30 103.821
0.0662306 2.77168 24 99.9467
0.0694632 2.64838 24 95.5008
0.072552 2.52613 8 91.0923
0.0755145 2.41238 24 86.9904
0.0783651 2.28661 48 82.4551
0.0837758 2.06169 6 74.3446
0.0863541 1.94231 48 70.0397
0.0888577 1.8367 36 66.2316
0.0912926 1.73448 24 62.5454
0.0936642 1.66175 24 59.9227
0.0959772 1.57985 48 56.9694
0.0982358 1.50956 24 54.4348
0.102604 1.392 24 50.1955
0.10472 1.3394 30 48.2987
0.106794 1.31292 72 47.344
0.108828 1.29142 32 46.5685
0.112787 1.23589 72 44.5661
0.114715 1.21802 48 43.9217
0.118477 1.18627 12 42.7771
0.120314 1.17426 48 42.344
0.122123 1.15186 48 41.5363
0.123906 1.14299 48 41.2163
0.125664 1.11661 30 40.2652
0.127397 1.12771 24 40.6653
0.129107 1.09295 72 39.412
0.132461 1.05816 24 38.1573
0.134107 1.03476 96 37.3134
0.135732 1.01606 48 36.6393
0.137339 0.999537 24 36.0433
0.138926 0.982064 24 35.4133
0.140496 0.950451 72 34.2733
0.142049 0.924758 48 33.3468
0.145104 0.911308 8 32.8618
0.146608 0.882768 54 31.8327
0.148632 0.845088 132 30.4739
0.151029 0.809773 24 29.2004
0.152474 0.789904 72 28.484
0.153906 0.78067 96 28.151
0.15673 0.741031 48 26.7216
0.158123 0.722723 48 26.0614
0.160531 0.707 96 25.4945
0.163577 0.680744 72 24.5476
0.164913 0.670279 96 24.1703
0.167552 0.699747 6 25.2329
0.169502 0.642241 192 23.1592
0.172283 0.628033 72 22.6469
0.173974 0.622995 96 22.4652
0.17523 0.612436 48 22.0845
0.178418 0.598449 84 21.5801
0.180167 0.589492 120 21.2571
0.181741 0.589093 80 21.2427
0.184179 0.576303 144 20.7815
0.187328 0.573108 24 20.6663
0.188867 0.559761 150 20.185
0.191267 0.551198 120 19.8762
0.193903 0.539733 168 19.4628
0.196472 0.5306 24 19.1335
0.198088 0.523593 264 18.8808
0.199793 0.50987 48 18.3859
0.202698 0.499456 144 18.0104
0.205919 0.48651 72 17.5436
0.207757 0.476047 180 17.1663
0.21056 0.458652 246 16.539
0.213587 0.443927 72 16.008
0.215528 0.436447 240 15.7383
0.218352 0.419804 104 15.1381
0.219662 0.414695 144 14.9539
0.223423 0.394428 240 14.2231
0.22618 0.388067 192 13.9937
0.228278 0.381506 120 13.7571
0.231217 0.370205 246 13.3496
0.234628 0.362813 288 13.0831
0.237806 0.355387 156 12.8153
0.239714 0.349831 216 12.6149
0.242607 0.3437 264 12.3938
0.245954 0.338438 264 12.2041
0.248695 0.330222 192 11.9078
0.252641 0.323151 318 11.6528
0.255182 0.320405 248 11.5538
0.257969 0.313576 336 11.3076
0.260901 0.306779 264 11.0624
0.263594 0.306233 120 11.0428
0.266618 0.29431 420 10.6128
0.269843 0.287451 264 10.3655
0.273272 0.278766 366 10.0523
0.275985 0.272929 336 9.84184
0.280415 0.263732 456 9.5102
0.283902 0.254329 384 9.17112
0.287082 0.248098 432 8.94643
0.291553 0.239841 296 8.64868
0.29372 0.237724 390 8.57234
0.297469 0.230897 444 8.32617
0.301416 0.226224 600 8.15764
0.304904 0.220458 408 7.94972
0.308899 0.21435 408 7.72947
0.311881 0.212508 384 7.66305
0.316099 0.207389 774 7.47845
0.320152 0.202542 432 7.30367
0.323319 0.198481 456 7.15723
0.327249 0.194731 620 7.02202
0.331125 0.189054 600 6.8173
0.335425 0.183469 582 6.6159
0.339086 0.181081 576 6.52978
0.342966 0.174699 768 6.29965
0.347538 0.171857 744 6.19716
0.352007 0.165802 648 5.97883
0.356145 0.160019 666 5.77028
0.360285 0.157309 960 5.67258
0.365066 0.152209 752 5.48867
0.368573 0.151078 552 5.4479
0.372864 0.14736 984 5.31379
0.378105 0.14301 1062 5.15693
0.382338 0.140798 648 5.0772
0.386795 0.136873 1140 4.93566
0.391574 0.133063 864 4.79826
0.396297 0.129873 1062 4.68323
0.401127 0.126754 968 4.57076
0.405513 0.123105 1248 4.43916
0.410547 0.119998 864 4.32714
0.41537 0.116594 1404 4.20439
0.420644 0.114367 1086 4.12407
0.425289 0.111512 1272 4.02112
0.430681 0.107728 1392 3.88466
0.436011 0.105546 1376 3.80599
0.440941 0.103524 1110 3.73309
0.446174 0.100727 1740 3.63223
0.45185 0.098034 1584 3.53511
0.457529 0.0951189 1368 3.42999
0.462665 0.0931544 1662 3.35915
0.467842 0.0911765 1536 3.28783
0.473473 0.0882892 1820 3.18371
0.479577 0.0856048 1902 3.08691
0.485197 0.0838837 1704 3.02485
0.490809 0.0817496 2040 2.94789
0.497084 0.0791225 2088 2.85316
0.503027 0.0770096 1842 2.77697
0.508843 0.0747917 2456 2.69699
0.51514 0.0730482 1968 2.63412
0.521205 0.0712426 2382 2.56901
0.527271 0.0695579 2352 2.50826
0.533802 0.0675033 2604 2.43417
0.539882 0.065311 2280 2.35512
0.546709 0.0642528 2990 2.31696
0.553468 0.0622836 2880 2.24595
0.559954 0.0604154 2508 2.17858
0.566543 0.0589063 3126 2.12416
0.573496 0.0575066 3216 2.07369
0.580523 0.055625 3032 2.00584
0.587241 0.0546297 3294 1.96995
0.594316 0.0528275 3540 1.90496
0.601466 0.0510861 3408 1.84217
0.609018 0.0498522 4014 1.79767
0.61634 0.0489163 3728 1.76393
0.623417 0.047297 3588 1.70553
0.630695 0.0462671 4230 1.66839
0.638291 0.0445703 4176 1.60721
0.645683 0.0433635 4158 1.56369
0.653416 0.0425416 4652 1.53405
0.660988 0.0411271 4584 1.48305
0.669506 0.0398832 5454 1.43819
0.677708 0.0387476 4884 1.39724
0.685505 0.0376947 5000 1.35927
0.694 0.0366938 5934 1.32318
0.702333 0.0356386 5376 1.28513
0.710789 0.0346209 5898 1.24843
0.719251 0.0335702 6216 1.21054
0.727942 0.0326117 6104 1.17598
0.736661 0.0317318 6618 1.14425
0.745211 0.030801 6480 1.11068
0.754127 0.0299835 6918 1.08121
0.762976 0.0291865 7304 1.05247
0.772239 0.0281735 7338 1.01594
0.781657 0.027519 8376 0.992336
0.791082 0.0265669 7590 0.958003
0.800591 0.0258891 8780 0.933561
0.810283 0.0250054 8496 0.901694
0.820075 0.0244206 9294 0.880607
0.829801 0.023551 8828 0.849252
0.839624 0.022982 9846 0.828733
0.849851 0.022265 10248 0.802878
0.860395 0.0214781 10626 0.774501
0.870624 0.020873 10520 0.752683
0.880856 0.0202113 10902 0.728821
0.8914 0.0195621 11796 0.705409
0.902254 0.0190733 11894 0.687784
0.912774 0.0184879 12060 0.666676
0.923682 0.0179504 12942 0.647293
0.934704 0.0173189 13224 0.624519
0.946056 0.0168278 14042 0.60681
0.957461 0.0162893 14400 0.587393
0.969088 0.0157634 15054 0.568428
0.980756 0.0153126 15194 0.552175
0.992313 0.0148667 15768 0.536092
1.00427 0.0143065 16626 0.515893
1.0163 0.0139322 17168 0.502395
1.02842 0.0134813 17334 0.486135
1.04065 0.0129701 18564 0.467702
1.05325 0.0127053 19214 0.458153
1.06615 0.0121429 20298 0.437875
1.07882 0.0117619 19800 0.424134
1.09171 0.0114712 21434 0.413652
1.10469 0.0110303 21630 0.397755
1.1179 0.010726 22976 0.386781
1.13133 0.010281 23370 0.370735
1.14472 0.00996289 24240 0.359262
1.15877 0.00966483 26642 0.348514
1.17281 0.00929649 25518 0.335232
1.18671 0.0089909 27498 0.324212
1.20092 0.00871053 27944 0.314102
1.21541 0.00840799 29778 0.303193
1.23005 0.00810158 30158 0.292143
1.24487 0.0078545 32076 0.283234
1.25995 0.0075878 32430 0.273616
1.27496 0.00731518 33602 0.263786
1.29008 0.00702433 34584 0.253298
1.30561 0.00678883 36842 0.244806
1.32148 0.00654752 38070 0.236104
1.33731 0.00630638 38402 0.227408
1.35304 0.00609478 39600 0.219778
1.36931 0.00587646 42786 0.211905
1.38597 0.00565905 43754 0.204065
1.40251 0.00544471 44190 0.196336
1.41927 0.00523991 47042 0.188951
1.43629 0.00504013 48000 0.181747
1.45349 0.00490951 50210 0.177037
1.47092 0.00469035 51678 0.169134
1.48857 0.00451089 54050 0.162663
1.50651 0.00434863 56010 0.156812
1.5246 0.00417838 57782 0.150672
1.54296 0.00401716 60306 0.144859
1.5614 0.00387792 61244 0.139838
1.57996 0.00371671 64086 0.134025
1.59904 0.00356766 67706 0.12865
1.61841 0.00344108 69486 0.124085
1.63786 0.00328929 71426 0.118612
1.65727 0.00317128 72882 0.114357
1.67716 0.00304366 78230 0.109755
1.69752 0.00291433 80378 0.105091
1.71789 0.00279591 82242 0.100821
1.73855 0.00269587 86546 0.0972133
1.75938 0.00258747 87750 0.0933043
1.78034 0.00248128 91922 0.0894752
1.80163 0.00237382 94890 0.0856
1.82321 0.00226892 99062 0.0818172
1.84528 0.00218623 103898 0.0788355
1.86742 0.00209232 105090 0.075449
1.88971 0.00200104 109874 0.0721575
1.91235 0.00192194 114110 0.0693053
1.93516 0.00184777 116850 0.0666306
1.95828 0.00176969 122672 0.063815
1.98195 0.00168631 128874 0.0608086
2.00592 0.00162182 131714 0.0584829
2.02983 0.00154068 134822 0.0555571
2.05418 0.00148408 142866 0.0535161
2.07887 0.00141898 145514 0.0511685
2.10372 0.00136525 151880 0.049231
2.12915 0.00129866 159746 0.0468297
2.15486 0.00125046 162858 0.0450916
2.18054 0.00119344 167474 0.0430354
2.20649 0.00114433 174110 0.0412646
2.23302 0.00109728 183336 0.0395679
2.25999 0.0010492 189146 0.0378341
2.28711 0.0010132 194354 0.0365361
2.31452 0.000967062 202496 0.0348723
2.3423 0.000929609 209754 0.0335217
2.37031 0.000886785 215618 0.0319775
2.39862 0.000857091 224600 0.0309067
2.42748 0.000823464 235370 0.0296941
2.45668 0.000787757 240794 0.0284065
2.48608 0.000768457 250560 0.0277106
2.5159 0.000736386 259874 0.0265541
2.54615 0.00071064 270224 0.0256257
2.57673 0.000684044 278570 0.0246667
2.60767 0.000662884 290216 0.0239036
2.63893 0.000642649 298370 0.023174
2.67053 0.000625641 310928 0.0225606
2.70255 0.000607993 321522 0.0219242
2.73501 0.00059576 334640 0.0214831
2.76784 0.000581854 345302 0.0209817
2.80103 0.000574 358736 0.0206985
2.83468 0.000562951 372320 0.0203
2.86869 0.000558531 384386 0.0201406
2.90306 0.000552679 398576 0.0199296
2.93788 0.000550474 414032 0.0198501
2.97314 0.000554725 428570 0.0200034
3.00878 0.000554578 443420 0.0199981
3.04485 0.000559711 460880 0.0201832
3.08141 0.000563161 477608 0.0203076
3.11839 0.000577322 494666 0.0208183
3.15587 0.000588874 514172 0.0212348
3.19377 0.00060248 531200 0.0217255
3.23206 0.000624626 549944 0.022524
3.27078 0.000641645 569924 0.0231378
3.31006 0.000670849 593642 0.0241908
3.34977 0.000707602 610856 0.0255162
3.38996 0.000754933 637756 0.0272229
3.43072 0.000793153 659240 0.0286011
3.47187 0.000844773 681752 0.0304626
3.51352 0.000896371 708404 0.0323232
3.55566 0.000967109 731720 0.034874
3.59831 0.00104413 761324 0.0376513
3.64146 0.00113657 785624 0.0409848
3.68509 0.00122638 815932 0.0442232
3.72935 0.00136073 848150 0.049068
3.77412 0.00149646 875876 0.0539622
3.81939 0.00163497 909872 0.0589571
3.86521 0.00180933 940708 0.0652445
3.91154 0.0020065 975368 0.0723546
3.95847 0.00227286 1012826 0.0819594
4.00597 0.00257662 1047892 0.0929132
4.05405 0.00286456 1088600 0.103296
4.10276 0.00320754 1127762 0.115664
4.15198 0.00378532 1166140 0.136499
4.20175 0.00425567 1209440 0.15346
4.25218 0.00494915 1255802 0.178467
4.30322 0.00571413 1298860 0.206052
4.35482 0.00663245 1347110 0.239167
4.40705 0.00802419 1395124 0.289353
4.45993 0.00928549 1448666 0.334835
4.51349 0.0110609 1501036 0.398856
4.56763 0.0137054 1552442 0.494216
4.6224 0.0158035 1611310 0.569876
4.67785 0.0212637 1669244 0.76677
4.73396 0.0261897 1729786 0.944401
4.79079 0.0320221 1796522 1.15472
4.84827 0.0420027 1856476 1.51462
4.90642 0.0595403 1928050 2.14702
4.96533 0.0816091 1998290 2.94283
5.02487 0.118125 2065786 4.25958
5.0851 0.1808 2145058 6.51967
5.14613 0.296147 2224298 10.6791
5.20788 0.565261 2303434 20.3833
5.27036 1.3099 2388202 47.2349
5.33364 37.2885 2478599 1344.62
5.39744 0.00855736 2508700 0.308579
5.46211 0.00284731 2510380 0.102674
5.52769 0.00250154 2512288 0.0902058
5.59404 0.0025343 2497276 0.0913869
5.66113 0.00279698 2490536 0.100859
5.72904 0.00319945 2476432 0.115372
5.79779 0.00384075 2464036 0.138498
5.86736 0.00471648 2441572 0.170077
5.93771 0.0058949 2420164 0.21257
6.00892 0.00746487 2394628 0.269183
6.08102 0.00961782 2368624 0.346819
6.15399 0.0125116 2332204 0.451171
6.2278 0.0164662 2296528 0.593772
6.30252 0.02208 2255452 0.796207
6.37813 0.029911 2208364 1.07859
6.45461 0.0408048 2156872 1.47142
6.53204 0.0566025 2104512 2.04109
6.6104 0.0791999 2039548 2.85595
6.68969 0.115635 1976956 4.16982
6.76993 0.166148 1900768 5.99132
6.85111 0.25567 1825120 9.21947
6.93325 0.382791 1737192 13.8035
7.01639 0.639761 1649440 23.0698
7.10058 1.07527 1549012 38.7743
7.18569 1.92465 1441740 69.4028
7.27174 3.50338 1326940 126.332
7.35886 8.1492 1207764 293.861
7.44702 22.7435 1075156 820.132
7.53611 106.513 935664 3840.88
7.62659 578.874 801523 20874.2
7.71818 0.0300184 692322 1.08247
7.81076 0.0443487 599362 1.59922
7.90447 0.068952 516300 2.48641
7.99927 0.110069 441076 3.9691
8.09511 0.182417 372798 6.57796
8.19203 0.308593 311442 11.1279
8.2901 0.533757 255850 19.2473
8.3894 0.985783 206196 35.5474
8.49004 1.90657 161820 68.751
8.59152 3.88106 121362 139.951
8.69409 8.82633 88608 318.278
8.79786 22.7825 59292 821.539
8.90093 66.9575 35826 2414.49
9.00404 268.443 19252 9680.08
9.10719 1844.96 7314 66529.3
9.20136 51969.5 1158 1.87402e+06
9.28665 1.63787e+08 1 5.90616e+09
