# in Mpc/h Units 
# D1 = 0.0704374 
# k P N P(z=0)
0.020944 1.23417 6 248.753
0.0296192 1.00604 12 202.773
0.036276 0.832901 8 167.875
0.0418879 0.704077 6 141.91
0.0468321 0.642754 24 129.55
0.051302 0.594115 24 119.747
0.0592384 0.535361 12 107.905
0.0628319 0.515459 30 103.893
0.0662306 0.494901 24 99.7498
0.0694632 0.474163 24 95.5698
0.072552 0.452707 8 91.2453
0.0755145 0.431843 24 87.04
0.0783651 0.40991 48 82.6193
0.0837758 0.366166 6 73.8025
0.0863541 0.347967 48 70.1344
0.0888577 0.328976 36 66.3068
0.0912926 0.311254 24 62.7346
0.0936642 0.296517 24 59.7644
0.0959772 0.282938 48 57.0275
0.0982358 0.270469 24 54.5143
0.102604 0.250521 24 50.4938
0.10472 0.242943 30 48.9662
0.106794 0.236453 72 47.6582
0.108828 0.231407 32 46.6411
0.112787 0.222037 72 44.7527
0.114715 0.218887 48 44.1177
0.118477 0.212527 12 42.8358
0.120314 0.209866 48 42.2996
0.122123 0.206574 48 41.636
0.123906 0.204553 48 41.2287
0.125664 0.201467 30 40.6067
0.127397 0.199382 24 40.1865
0.129107 0.196036 72 39.512
0.132461 0.189785 24 38.252
0.134107 0.186003 96 37.4898
0.135732 0.18254 48 36.7919
0.137339 0.178953 24 36.0689
0.138926 0.175528 24 35.3785
0.140496 0.171353 72 34.537
0.142049 0.167611 48 33.7828
0.145104 0.161042 8 32.4588
0.146608 0.157274 54 31.6993
0.148632 0.151548 132 30.5453
0.151029 0.145768 24 29.3803
0.152474 0.142426 72 28.7067
0.153906 0.139444 96 28.1056
0.15673 0.133709 48 26.9496
0.158123 0.13066 48 26.3351
0.160531 0.126969 96 25.5911
0.163577 0.121897 72 24.5689
0.164913 0.120088 96 24.2043
0.167552 0.121968 6 24.5832
0.169502 0.114728 192 23.124
0.172283 0.112023 72 22.5787
0.173974 0.111001 96 22.3728
0.17523 0.109611 48 22.0927
0.178418 0.107606 84 21.6886
0.180167 0.106184 120 21.402
0.181741 0.105395 80 21.2428
0.184179 0.103755 144 20.9124
0.187328 0.101911 24 20.5406
0.188867 0.100825 150 20.3218
0.191267 0.0992362 120 20.0015
0.193903 0.0974099 168 19.6334
0.196472 0.0953234 24 19.2129
0.198088 0.0939556 264 18.9372
0.199793 0.0924842 48 18.6406
0.202698 0.0898026 144 18.1001
0.205919 0.0869708 72 17.5294
0.207757 0.0850785 180 17.148
0.21056 0.0823692 246 16.6019
0.213587 0.0796353 72 16.0509
0.215528 0.0779725 240 15.7157
0.218352 0.0754302 104 15.2033
0.219662 0.0745012 144 15.0161
0.223423 0.0713661 240 14.3842
0.22618 0.0695419 192 14.0165
0.228278 0.0683821 120 13.7827
0.231217 0.0665807 246 13.4197
0.234628 0.0650678 288 13.1147
0.237806 0.0636872 156 12.8365
0.239714 0.0629184 216 12.6815
0.242607 0.0618133 264 12.4588
0.245954 0.0606613 264 12.2266
0.248695 0.0597159 192 12.036
0.252641 0.0583595 318 11.7626
0.255182 0.0575452 248 11.5985
0.257969 0.0564465 336 11.3771
0.260901 0.0553267 264 11.1514
0.263594 0.0544666 120 10.978
0.266618 0.05297 420 10.6764
0.269843 0.051582 264 10.3966
0.273272 0.0502168 366 10.1214
0.275985 0.0490921 336 9.89475
0.280415 0.0472489 456 9.52324
0.283902 0.0459121 384 9.25381
0.287082 0.0447316 432 9.01587
0.291553 0.0432094 296 8.70907
0.29372 0.0426255 390 8.59137
0.297469 0.041587 444 8.38206
0.301416 0.0405831 600 8.17973
0.304904 0.0397175 408 8.00525
0.308899 0.0387733 408 7.81494
0.311881 0.0382662 384 7.71273
0.316099 0.0373475 774 7.52756
0.320152 0.0365776 432 7.37239
0.323319 0.0358884 456 7.23348
0.327249 0.0350485 620 7.06419
0.331125 0.0341468 600 6.88245
0.335425 0.0333118 582 6.71416
0.339086 0.0325572 576 6.56207
0.342966 0.0316076 768 6.37067
0.347538 0.0307726 744 6.20237
0.352007 0.0298642 648 6.01927
0.356145 0.0290571 666 5.85659
0.360285 0.0284461 960 5.73344
0.365066 0.0276307 752 5.56909
0.368573 0.0271229 552 5.46676
0.372864 0.0265507 984 5.35143
0.378105 0.0258083 1062 5.20178
0.382338 0.0253362 648 5.10664
0.386795 0.0247203 1140 4.9825
0.391574 0.02411 864 4.85949
0.396297 0.0234913 1062 4.73478
0.401127 0.022926 968 4.62085
0.405513 0.0223711 1248 4.50901
0.410547 0.0217281 864 4.3794
0.41537 0.0211525 1404 4.26339
0.420644 0.0206157 1086 4.1552
0.425289 0.0201613 1272 4.0636
0.430681 0.0195676 1392 3.94394
0.436011 0.0190802 1376 3.84571
0.440941 0.0186806 1110 3.76516
0.446174 0.0182115 1740 3.67061
0.45185 0.0177526 1584 3.57812
0.457529 0.0172804 1368 3.48294
0.462665 0.0168661 1662 3.39943
0.467842 0.0164791 1536 3.32145
0.473473 0.0160234 1820 3.22959
0.479577 0.0155521 1902 3.1346
0.485197 0.0151856 1704 3.06072
0.490809 0.0148054 2040 2.98409
0.497084 0.0143796 2088 2.89828
0.503027 0.0140324 1842 2.8283
0.508843 0.0136654 2456 2.75433
0.51514 0.0133202 1968 2.68476
0.521205 0.0129609 2382 2.61233
0.527271 0.0126704 2352 2.55378
0.533802 0.0123051 2604 2.48015
0.539882 0.0119793 2280 2.41448
0.546709 0.0116825 2990 2.35467
0.553468 0.0113572 2880 2.2891
0.559954 0.0110353 2508 2.22422
0.566543 0.0107706 3126 2.17086
0.573496 0.0104894 3216 2.11419
0.580523 0.0101891 3032 2.05367
0.587241 0.00994592 3294 2.00465
0.594316 0.00966776 3540 1.94858
0.601466 0.00939615 3408 1.89384
0.609018 0.00915303 4014 1.84484
0.61634 0.00890913 3728 1.79568
0.623417 0.00865962 3588 1.74539
0.630695 0.0084534 4230 1.70382
0.638291 0.00821245 4176 1.65526
0.645683 0.00799094 4158 1.61061
0.653416 0.00779848 4652 1.57182
0.660988 0.00757982 4584 1.52775
0.669506 0.00734245 5454 1.47991
0.677708 0.00714788 4884 1.44069
0.685505 0.00694798 5000 1.4004
0.694 0.00677316 5934 1.36516
0.702333 0.00657566 5376 1.32536
0.710789 0.00639654 5898 1.28925
0.719251 0.00622369 6216 1.25442
0.727942 0.00603515 6104 1.21641
0.736661 0.00587822 6618 1.18478
0.745211 0.00570973 6480 1.15082
0.754127 0.00555836 6918 1.12031
0.762976 0.00540179 7304 1.08876
0.772239 0.00524007 7338 1.05616
0.781657 0.00510892 8376 1.02973
0.791082 0.00494708 7590 0.997108
0.800591 0.00481382 8780 0.970249
0.810283 0.00467237 8496 0.941739
0.820075 0.00454614 9294 0.916296
0.829801 0.00440641 8828 0.888134
0.839624 0.00429055 9846 0.864781
0.849851 0.0041572 10248 0.837904
0.860395 0.00404101 10626 0.814484
0.870624 0.00391935 10520 0.789964
0.880856 0.00380437 10902 0.766789
0.8914 0.00369751 11796 0.745251
0.902254 0.00359017 11894 0.723617
0.912774 0.00348618 12060 0.702656
0.923682 0.0033879 12942 0.682847
0.934704 0.00328219 13224 0.661541
0.946056 0.00319024 14042 0.643008
0.957461 0.00308796 14400 0.622394
0.969088 0.00299666 15054 0.603991
0.980756 0.00290594 15194 0.585706
0.992313 0.00282437 15768 0.569265
1.00427 0.00273491 16626 0.551235
1.0163 0.00265261 17168 0.534646
1.02842 0.00257774 17334 0.519556
1.04065 0.00249099 18564 0.502072
1.05325 0.00242304 19214 0.488376
1.06615 0.00233991 20298 0.471621
1.07882 0.00227301 19800 0.458136
1.09171 0.00220182 21434 0.443787
1.10469 0.00213256 21630 0.429827
1.1179 0.00207031 22976 0.417281
1.13133 0.00199974 23370 0.403058
1.14472 0.00193844 24240 0.390703
1.15877 0.00187859 26642 0.378639
1.17281 0.00181845 25518 0.366518
1.18671 0.00175925 27498 0.354586
1.20092 0.00170565 27944 0.343781
1.21541 0.00164943 29778 0.33245
1.23005 0.00159272 30158 0.321021
1.24487 0.00154534 32076 0.311471
1.25995 0.00149527 32430 0.301379
1.27496 0.00144555 33602 0.291358
1.29008 0.00139631 34584 0.281432
1.30561 0.00135396 36842 0.272897
1.32148 0.00130914 38070 0.263863
1.33731 0.00126521 38402 0.25501
1.35304 0.00122226 39600 0.246353
1.36931 0.00118178 42786 0.238194
1.38597 0.00114309 43754 0.230396
1.40251 0.00110427 44190 0.22257
1.41927 0.00106595 47042 0.214848
1.43629 0.0010286 48000 0.20732
1.45349 0.000995642 50210 0.200676
1.47092 0.000962209 51678 0.193938
1.48857 0.000926573 54050 0.186755
1.50651 0.000894652 56010 0.180321
1.5246 0.000863688 57782 0.17408
1.54296 0.000832645 60306 0.167824
1.5614 0.000803911 61244 0.162032
1.57996 0.000776505 64086 0.156508
1.59904 0.000749212 67706 0.151007
1.61841 0.000722177 69486 0.145558
1.63786 0.000696525 71426 0.140388
1.65727 0.000671671 72882 0.135379
1.67716 0.000646593 78230 0.130324
1.69752 0.000623013 80378 0.125571
1.71789 0.00059986 82242 0.120905
1.73855 0.000578316 86546 0.116562
1.75938 0.000557457 87750 0.112358
1.78034 0.000537401 91922 0.108316
1.80163 0.000516689 94890 0.104141
1.82321 0.000497092 99062 0.100191
1.84528 0.000479381 103898 0.0966215
1.86742 0.000461009 105090 0.0929186
1.88971 0.00044268 109874 0.0892243
1.91235 0.000426904 114110 0.0860446
1.93516 0.000410524 116850 0.0827431
1.95828 0.000395664 122672 0.079748
1.98195 0.000380326 128874 0.0766566
2.00592 0.000365611 131714 0.0736907
2.02983 0.000351024 134822 0.0707505
2.05418 0.000337702 142866 0.0680654
2.07887 0.000324867 145514 0.0654785
2.10372 0.000312912 151880 0.063069
2.12915 0.000300285 159746 0.060524
2.15486 0.00028938 162858 0.058326
2.18054 0.000277449 167474 0.0559212
2.20649 0.000267112 174110 0.0538378
2.23302 0.000257863 183336 0.0519736
2.25999 0.000247421 189146 0.0498688
2.28711 0.000238883 194354 0.048148
2.31452 0.000229348 202496 0.0462263
2.3423 0.000221021 209754 0.0445478
2.37031 0.000212804 215618 0.0428917
2.39862 0.000205321 224600 0.0413833
2.42748 0.000197696 235370 0.0398466
2.45668 0.00019046 240794 0.0383881
2.48608 0.000184987 250560 0.037285
2.5159 0.000178033 259874 0.0358833
2.54615 0.000172499 270224 0.0347679
2.57673 0.000166416 278570 0.033542
2.60767 0.000161393 290216 0.0325296
2.63893 0.000156815 298370 0.0316067
2.67053 0.000152505 310928 0.0307381
2.70255 0.000148373 321522 0.0299053
2.73501 0.000144715 334640 0.0291679
2.76784 0.000141616 345302 0.0285434
2.80103 0.000138729 358736 0.0279615
2.83468 0.00013585 372320 0.0273813
2.86869 0.000134087 384386 0.0270258
2.90306 0.000132542 398576 0.0267145
2.93788 0.000131158 414032 0.0264356
2.97314 0.000130778 428570 0.026359
3.00878 0.000130243 443420 0.0262512
3.04485 0.000130406 460880 0.026284
3.08141 0.000130503 477608 0.0263035
3.11839 0.000132573 494666 0.0267206
3.15587 0.000133993 514172 0.0270069
3.19377 0.000136772 531200 0.027567
3.23206 0.000139542 549944 0.0281254
3.27078 0.000143058 569924 0.0288341
3.31006 0.000147774 593642 0.0297846
3.34977 0.000155061 610856 0.0312533
3.38996 0.000161904 637756 0.0326326
3.43072 0.000170002 659240 0.0342647
3.47187 0.000179578 681752 0.0361949
3.51352 0.000189602 708404 0.0382152
3.55566 0.000203003 731720 0.0409162
3.59831 0.000217541 761324 0.0438464
3.64146 0.00023349 785624 0.047061
3.68509 0.000252555 815932 0.0509038
3.72935 0.000276732 848150 0.0557766
3.77412 0.000303282 875876 0.0611279
3.81939 0.00033146 909872 0.0668074
3.86521 0.000364943 940708 0.0735561
3.91154 0.000403092 975368 0.0812451
3.95847 0.00045172 1012826 0.0910464
4.00597 0.000510955 1047892 0.102985
4.05405 0.000569109 1088600 0.114707
4.10276 0.000639363 1127762 0.128867
4.15198 0.000746076 1166140 0.150375
4.20175 0.000837021 1209440 0.168706
4.25218 0.00097537 1255802 0.19659
4.30322 0.00113127 1298860 0.228013
4.35482 0.00131079 1347110 0.264196
4.40705 0.00156723 1395124 0.315884
4.45993 0.00184618 1448666 0.372106
4.51349 0.00220253 1501036 0.443931
4.56763 0.00272018 1552442 0.548266
4.6224 0.00315897 1611310 0.636706
4.67785 0.00419734 1669244 0.845995
4.73396 0.00524203 1729786 1.05656
4.79079 0.0064198 1796522 1.29394
4.84827 0.00854538 1856476 1.72236
4.90642 0.0120646 1928050 2.43168
4.96533 0.0169586 1998290 3.41808
5.02487 0.0248355 2065786 5.00571
5.0851 0.0389932 2145058 7.85926
5.14613 0.0670584 2224298 13.5159
5.20788 0.136729 2303434 27.5584
5.27036 0.365381 2388202 73.6443
5.33364 40.1748 2478599 8097.43
5.39744 0.000862097 2508700 0.17376
5.46211 0.000576418 2510380 0.11618
5.52769 0.000545888 2512288 0.110026
5.59404 0.000568381 2497276 0.11456
5.66113 0.000632192 2490536 0.127421
5.72904 0.000723017 2476432 0.145728
5.79779 0.000858939 2464036 0.173123
5.86736 0.00104168 2441572 0.209956
5.93771 0.00128185 2420164 0.258362
6.00892 0.00160428 2394628 0.32335
6.08102 0.00203274 2368624 0.409708
6.15399 0.00261542 2332204 0.52715
6.2278 0.00340582 2296528 0.686459
6.30252 0.00450192 2255452 0.907384
6.37813 0.00602393 2208364 1.21415
6.45461 0.00815126 2156872 1.64293
6.53204 0.0111599 2104512 2.24933
6.6104 0.0155518 2039548 3.13454
6.68969 0.0225554 1976956 4.54615
6.76993 0.0323074 1900768 6.51172
6.85111 0.0496096 1825120 9.99906
6.93325 0.0745496 1737192 15.0258
7.01639 0.12522 1649440 25.2386
7.10058 0.213168 1549012 42.9651
7.18569 0.385474 1441740 77.6941
7.27174 0.734147 1326940 147.971
7.35886 1.81838 1207764 366.503
7.44702 5.6523 1075156 1139.25
7.53611 32.358 935664 6521.91
7.62659 741.888 801523 149531
7.71818 0.00631376 692322 1.27257
7.81076 0.00929358 599362 1.87317
7.90447 0.0142905 516300 2.88032
7.99927 0.0224822 441076 4.5314
8.09511 0.0367865 372798 7.4145
8.19203 0.061493 311442 12.3942
8.2901 0.106516 255850 21.4687
8.3894 0.19406 206196 39.1137
8.49004 0.375581 161820 75.7002
8.59152 0.766335 121362 154.459
8.69409 1.79836 88608 362.467
8.79786 4.68238 59292 943.757
8.90093 14.2204 35826 2866.2
9.00404 61.883 19252 12472.8
9.10719 487.063 7314 98169.8
9.20136 17232 1158 3.4732e+06
9.28665 2.39413e+08 1 4.82548e+10
