# in Mpc/h Units 
# D1 = 0.128535 
# k P N P(z=0)
0.020944 4.11487 6 249.064
0.0296192 3.34847 12 202.676
0.036276 2.77184 8 167.774
0.0418879 2.33507 6 141.337
0.0468321 2.1371 24 129.355
0.051302 1.97921 24 119.798
0.0592384 1.77906 12 107.683
0.0628319 1.7159 30 103.86
0.0662306 1.65073 24 99.9154
0.0694632 1.57869 24 95.5547
0.072552 1.50638 8 91.1783
0.0755145 1.43756 24 87.0127
0.0783651 1.36369 48 82.5413
0.0837758 1.22437 6 74.1089
0.0863541 1.15809 48 70.0966
0.0888577 1.09509 36 66.2835
0.0912926 1.03443 24 62.6119
0.0936642 0.989195 24 59.874
0.0959772 0.941446 48 56.9838
0.0982358 0.899839 24 54.4654
0.102604 0.831417 24 50.324
0.10472 0.802155 30 48.5528
0.106794 0.783829 72 47.4435
0.108828 0.769857 32 46.5979
0.112787 0.737647 72 44.6483
0.114715 0.726978 48 44.0025
0.118477 0.707385 12 42.8165
0.120314 0.699522 48 42.3406
0.122123 0.686745 48 41.5673
0.123906 0.681347 48 41.2405
0.125664 0.666842 30 40.3626
0.127397 0.669577 24 40.5281
0.129107 0.652104 72 39.4706
0.132461 0.631376 24 38.2159
0.134107 0.617596 96 37.3819
0.135732 0.606489 48 36.7096
0.137339 0.595494 24 36.0441
0.138926 0.584471 24 35.3769
0.140496 0.568308 72 34.3985
0.142049 0.553375 48 33.4947
0.145104 0.540552 8 32.7185
0.146608 0.525047 54 31.7801
0.148632 0.504052 132 30.5092
0.151029 0.4835 24 29.2653
0.152474 0.472137 72 28.5775
0.153906 0.464853 96 28.1366
0.15673 0.443009 48 26.8145
0.158123 0.432189 48 26.1595
0.160531 0.42182 96 25.5319
0.163577 0.405716 72 24.5571
0.164913 0.399517 96 24.1819
0.167552 0.414142 6 25.0672
0.169502 0.382582 192 23.1569
0.172283 0.373874 72 22.6298
0.173974 0.371162 96 22.4657
0.17523 0.365286 48 22.11
0.178418 0.357044 84 21.6112
0.180167 0.352226 120 21.3195
0.181741 0.351048 80 21.2482
0.184179 0.344274 144 20.8382
0.187328 0.341398 24 20.6641
0.188867 0.334306 150 20.2349
0.191267 0.329028 120 19.9154
0.193903 0.322667 168 19.5304
0.196472 0.316952 24 19.1844
0.198088 0.312075 264 18.8893
0.199793 0.305148 48 18.47
0.202698 0.298212 144 18.0502
0.205919 0.290065 72 17.5571
0.207757 0.283434 180 17.1557
0.21056 0.273543 246 16.557
0.213587 0.264743 72 16.0244
0.215528 0.259689 240 15.7185
0.218352 0.250652 104 15.1714
0.219662 0.247621 144 14.988
0.223423 0.235964 240 14.2824
0.22618 0.231152 192 13.9912
0.228278 0.227718 120 13.7833
0.231217 0.220979 246 13.3754
0.234628 0.216461 288 13.1019
0.237806 0.211841 156 12.8223
0.239714 0.208681 216 12.631
0.242607 0.205101 264 12.4143
0.245954 0.201815 264 12.2154
0.248695 0.197297 192 11.942
0.252641 0.193077 318 11.6866
0.255182 0.191413 248 11.5859
0.257969 0.187246 336 11.3336
0.260901 0.183184 264 11.0877
0.263594 0.182403 120 11.0405
0.266618 0.175612 420 10.6295
0.269843 0.171487 264 10.3798
0.273272 0.166496 366 10.0777
0.275985 0.162737 336 9.85015
0.280415 0.157111 456 9.50962
0.283902 0.152113 384 9.2071
0.287082 0.1481 432 8.96422
0.291553 0.143417 296 8.68073
0.29372 0.141847 390 8.58572
0.297469 0.137959 444 8.35035
0.301416 0.134823 600 8.16058
0.304904 0.131415 408 7.95426
0.308899 0.128156 408 7.75705
0.311881 0.126919 384 7.68217
0.316099 0.123909 774 7.49994
0.320152 0.120951 432 7.32093
0.323319 0.118717 456 7.18567
0.327249 0.116204 620 7.03358
0.331125 0.112895 600 6.83331
0.335425 0.109758 582 6.64346
0.339086 0.108095 576 6.54275
0.342966 0.104481 768 6.32404
0.347538 0.102459 744 6.20166
0.352007 0.0990599 648 5.9959
0.356145 0.0958963 666 5.80441
0.360285 0.094099 960 5.69562
0.365066 0.0912101 752 5.52076
0.368573 0.0901478 552 5.45646
0.372864 0.0880542 984 5.32974
0.378105 0.0854541 1062 5.17236
0.382338 0.0839605 648 5.08196
0.386795 0.0817906 1140 4.95062
0.391574 0.0796575 864 4.82151
0.396297 0.0776602 1062 4.70062
0.401127 0.0758022 968 4.58815
0.405513 0.0737139 1248 4.46175
0.410547 0.0716737 864 4.33826
0.41537 0.0697933 1404 4.22445
0.420644 0.0683031 1086 4.13425
0.425289 0.066747 1272 4.04006
0.430681 0.0644978 1392 3.90392
0.436011 0.0631002 1376 3.81933
0.440941 0.0619524 1110 3.74985
0.446174 0.0601902 1740 3.64319
0.45185 0.0586104 1584 3.54757
0.457529 0.0569723 1368 3.44842
0.462665 0.0556622 1662 3.36912
0.467842 0.0544792 1536 3.29751
0.473473 0.0528474 1820 3.19874
0.479577 0.0512393 1902 3.10141
0.485197 0.0501658 1704 3.03643
0.490809 0.0489036 2040 2.96003
0.497084 0.0473851 2088 2.86813
0.503027 0.0461581 1842 2.79385
0.508843 0.0448549 2456 2.71497
0.51514 0.0437744 1968 2.64958
0.521205 0.0426256 2382 2.58004
0.527271 0.0416975 2352 2.52386
0.533802 0.0404955 2604 2.45111
0.539882 0.0392273 2280 2.37435
0.546709 0.0384946 2990 2.33
0.553468 0.0372835 2880 2.25669
0.559954 0.036238 2508 2.19341
0.566543 0.0352611 3126 2.13428
0.573496 0.0344863 3216 2.08738
0.580523 0.0333639 3032 2.01945
0.587241 0.0327198 3294 1.98046
0.594316 0.0317196 3540 1.91993
0.601466 0.0307075 3408 1.85866
0.609018 0.0298964 4014 1.80957
0.61634 0.0292784 3728 1.77216
0.623417 0.0284086 3588 1.71951
0.630695 0.0277617 4230 1.68036
0.638291 0.0267795 4176 1.62091
0.645683 0.0260511 4158 1.57682
0.653416 0.0255642 4652 1.54735
0.660988 0.0247104 4584 1.49567
0.669506 0.0239886 5454 1.45198
0.677708 0.0232806 4884 1.40913
0.685505 0.0226669 5000 1.37198
0.694 0.0220906 5934 1.3371
0.702333 0.0214573 5376 1.29877
0.710789 0.0208591 5898 1.26256
0.719251 0.0202314 6216 1.22457
0.727942 0.0196408 6104 1.18882
0.736661 0.0191029 6618 1.15626
0.745211 0.0185479 6480 1.12267
0.754127 0.0180525 6918 1.09268
0.762976 0.0175795 7304 1.06405
0.772239 0.0169857 7338 1.02811
0.781657 0.0165981 8376 1.00465
0.791082 0.0160226 7590 0.969814
0.800591 0.0156026 8780 0.944394
0.810283 0.0151133 8496 0.914774
0.820075 0.014739 9294 0.892124
0.829801 0.0142339 8828 0.861546
0.839624 0.0138792 9846 0.840083
0.849851 0.0134394 10248 0.813461
0.860395 0.0129929 10626 0.786434
0.870624 0.0126108 10520 0.763308
0.880856 0.0122264 10902 0.74004
0.8914 0.0118531 11796 0.717446
0.902254 0.0115493 11894 0.699054
0.912774 0.0111916 12060 0.677403
0.923682 0.0108817 12942 0.658646
0.934704 0.0105181 13224 0.636642
0.946056 0.0102042 14042 0.617638
0.957461 0.0098839 14400 0.598253
0.969088 0.00957085 15054 0.579304
0.980756 0.00928544 15194 0.562029
0.992313 0.00901993 15768 0.545958
1.00427 0.00870198 16626 0.526713
1.0163 0.00846039 17168 0.51209
1.02842 0.00819803 17334 0.49621
1.04065 0.00789087 18564 0.477618
1.05325 0.0077128 19214 0.46684
1.06615 0.00740793 20298 0.448387
1.07882 0.00718011 19800 0.434597
1.09171 0.00697386 21434 0.422114
1.10469 0.00673512 21630 0.407663
1.1179 0.00653606 22976 0.395614
1.13133 0.00628331 23370 0.380316
1.14472 0.0060911 24240 0.368682
1.15877 0.0059003 26642 0.357133
1.17281 0.00568209 25518 0.343925
1.18671 0.00550578 27498 0.333254
1.20092 0.0053296 27944 0.32259
1.21541 0.00515484 29778 0.312012
1.23005 0.00495934 30158 0.300179
1.24487 0.0048187 32076 0.291666
1.25995 0.00465449 32430 0.281727
1.27496 0.00449144 33602 0.271858
1.29008 0.00432106 34584 0.261545
1.30561 0.00417948 36842 0.252975
1.32148 0.00403519 38070 0.244242
1.33731 0.00388425 38402 0.235106
1.35304 0.00375862 39600 0.227502
1.36931 0.00362477 42786 0.2194
1.38597 0.00349746 43754 0.211694
1.40251 0.00336918 44190 0.203929
1.41927 0.00325037 47042 0.196738
1.43629 0.0031228 48000 0.189017
1.45349 0.00303439 50210 0.183665
1.47092 0.00291438 51678 0.176401
1.48857 0.00280241 54050 0.169624
1.50651 0.00269654 56010 0.163216
1.5246 0.00260036 57782 0.157395
1.54296 0.00249898 60306 0.151258
1.5614 0.00241299 61244 0.146053
1.57996 0.00231852 64086 0.140335
1.59904 0.00222987 67706 0.134969
1.61841 0.00215126 69486 0.130211
1.63786 0.00206226 71426 0.124824
1.65727 0.00198884 72882 0.120381
1.67716 0.00190831 78230 0.115506
1.69752 0.00183269 80378 0.110929
1.71789 0.00175838 82242 0.106431
1.73855 0.00169447 86546 0.102563
1.75938 0.0016322 87750 0.0987939
1.78034 0.00156335 91922 0.0946264
1.80163 0.00149992 94890 0.0907872
1.82321 0.0014355 99062 0.0868878
1.84528 0.00138163 103898 0.083627
1.86742 0.00132625 105090 0.0802752
1.88971 0.00127004 109874 0.076873
1.91235 0.00121968 114110 0.0738245
1.93516 0.001171 116850 0.0708784
1.95828 0.00112452 122672 0.0680651
1.98195 0.00107622 128874 0.0651412
2.00592 0.00103496 131714 0.0626439
2.02983 0.000984182 134822 0.0595705
2.05418 0.000948745 142866 0.0574256
2.07887 0.000907884 145514 0.0549524
2.10372 0.00087381 151880 0.05289
2.12915 0.000835059 159746 0.0505444
2.15486 0.000802667 162858 0.0485838
2.18054 0.000768154 167474 0.0464948
2.20649 0.000735911 174110 0.0445432
2.23302 0.000708418 183336 0.0428791
2.25999 0.000676305 189146 0.0409354
2.28711 0.000654595 194354 0.0396213
2.31452 0.00062505 202496 0.037833
2.3423 0.000600196 209754 0.0363287
2.37031 0.00057403 215618 0.0347449
2.39862 0.000555586 224600 0.0336285
2.42748 0.000533113 235370 0.0322682
2.45668 0.000511391 240794 0.0309535
2.48608 0.000498011 250560 0.0301436
2.5159 0.000476809 259874 0.0288603
2.54615 0.00046218 270224 0.0279748
2.57673 0.000444377 278570 0.0268973
2.60767 0.00043089 290216 0.0260809
2.63893 0.000418336 298370 0.025321
2.67053 0.000406323 310928 0.0245939
2.70255 0.000394932 321522 0.0239044
2.73501 0.00038627 334640 0.0233801
2.76784 0.000377419 345302 0.0228444
2.80103 0.000371488 358736 0.0224854
2.83468 0.000363281 372320 0.0219887
2.86869 0.000360694 384386 0.0218321
2.90306 0.000356925 398576 0.021604
2.93788 0.00035439 414032 0.0214505
2.97314 0.000356156 428570 0.0215574
3.00878 0.000354968 443420 0.0214855
3.04485 0.000357316 460880 0.0216276
3.08141 0.000359895 477608 0.0217837
3.11839 0.000368186 494666 0.0222856
3.15587 0.000374409 514172 0.0226622
3.19377 0.000382472 531200 0.0231503
3.23206 0.000394724 549944 0.0238918
3.27078 0.000405477 569924 0.0245427
3.31006 0.000422324 593642 0.0255624
3.34977 0.000445271 610856 0.0269514
3.38996 0.000471063 637756 0.0285125
3.43072 0.000496004 659240 0.0300221
3.47187 0.000527221 681752 0.0319116
3.51352 0.000559217 708404 0.0338483
3.55566 0.000600913 731720 0.036372
3.59831 0.000648778 761324 0.0392692
3.64146 0.000702018 785624 0.0424917
3.68509 0.000760509 815932 0.0460321
3.72935 0.000840134 848150 0.0508516
3.77412 0.000923084 875876 0.0558724
3.81939 0.00100881 909872 0.0610612
3.86521 0.00111256 940708 0.0673409
3.91154 0.00123294 975368 0.0746271
3.95847 0.00139337 1012826 0.0843379
4.00597 0.00157766 1047892 0.0954924
4.05405 0.00175714 1088600 0.106356
4.10276 0.00197006 1127762 0.119244
4.15198 0.00232094 1166140 0.140482
4.20175 0.00260334 1209440 0.157575
4.25218 0.00303713 1255802 0.183831
4.30322 0.00350636 1298860 0.212233
4.35482 0.00407778 1347110 0.24682
4.40705 0.00492758 1395124 0.298257
4.45993 0.00568489 1448666 0.344095
4.51349 0.00681685 1501036 0.41261
4.56763 0.00841648 1552442 0.509433
4.6224 0.00976475 1611310 0.59104
4.67785 0.0131029 1669244 0.79309
4.73396 0.016175 1729786 0.97904
4.79079 0.0197873 1796522 1.19768
4.84827 0.0261812 1856476 1.5847
4.90642 0.0371052 1928050 2.2459
4.96533 0.0512208 1998290 3.10029
5.02487 0.0741045 2065786 4.48539
5.0851 0.114541 2145058 6.93294
5.14613 0.190799 2224298 11.5487
5.20788 0.37381 2303434 22.626
5.27036 0.933626 2388202 56.5105
5.33364 39.5069 2478599 2391.27
5.39744 0.00427352 2508700 0.258668
5.46211 0.00177442 2510380 0.107402
5.52769 0.00159636 2512288 0.0966244
5.59404 0.00163017 2497276 0.0986711
5.66113 0.00180154 2490536 0.109043
5.72904 0.00206208 2476432 0.124814
5.79779 0.00246714 2464036 0.149331
5.86736 0.00301971 2441572 0.182777
5.93771 0.00375545 2420164 0.22731
6.00892 0.00474613 2394628 0.287274
6.08102 0.00607856 2368624 0.367923
6.15399 0.00789815 2332204 0.478059
6.2278 0.0103693 2296528 0.627632
6.30252 0.0138491 2255452 0.838258
6.37813 0.0187458 2208364 1.13464
6.45461 0.0255235 2156872 1.54488
6.53204 0.035364 2104512 2.14051
6.6104 0.0494956 2039548 2.99587
6.68969 0.0722779 1976956 4.37483
6.76993 0.103907 1900768 6.2893
6.85111 0.160044 1825120 9.68715
6.93325 0.239574 1737192 14.5009
7.01639 0.402395 1649440 24.3561
7.10058 0.680194 1549012 41.1708
7.18569 1.2227 1441740 74.0075
7.27174 2.2668 1326940 137.205
7.35886 5.40567 1207764 327.194
7.44702 15.8215 1075156 957.645
7.53611 83.1281 935664 5031.58
7.62659 676.965 801523 40975.3
7.71818 0.0194168 692322 1.17526
7.81076 0.0287125 599362 1.73791
7.90447 0.0445245 516300 2.69498
7.99927 0.0706977 441076 4.27919
8.09511 0.117053 372798 7.08499
8.19203 0.197768 311442 11.9705
8.2901 0.343176 255850 20.7718
8.3894 0.633605 206196 38.3508
8.49004 1.22714 161820 74.2761
8.59152 2.49853 121362 151.231
8.69409 5.74914 88608 347.984
8.79786 14.9876 59292 907.169
8.90093 44.5902 35826 2698.95
9.00404 184.103 19252 11143.4
9.10719 1340.87 7314 81160.3
9.20136 42933.7 1158 2.59869e+06
9.28665 2.07937e+08 1 1.2586e+10
