# in Mpc/h Units 
# D1 = 0.0778613 
# k P N P(z=0)
0.020944 150.054 6 24751.6
0.0296192 123.293 12 20337.3
0.036276 101.655 8 16768.1
0.0418879 87.3248 6 14404.4
0.0468321 78.1391 24 12889.2
0.051302 73.2708 24 12086.1
0.0592384 64.7217 12 10675.9
0.0628319 63.2324 30 10430.3
0.0662306 61.1829 24 10092.2
0.0694632 58.0525 24 9575.85
0.072552 55.2186 8 9108.4
0.0755145 53.1415 24 8765.76
0.0783651 50.065 48 8258.3
0.0837758 46.8215 6 7723.28
0.0863541 42.4611 48 7004.02
0.0888577 40.2092 36 6632.57
0.0912926 38.1832 24 6298.38
0.0936642 36.9311 24 6091.85
0.0959772 35.3162 48 5825.46
0.0982358 33.2693 24 5487.82
0.102604 29.9621 24 4942.29
0.10472 28.616 30 4720.26
0.106794 28.6292 72 4722.42
0.108828 28.8492 32 4758.71
0.112787 26.7869 72 4418.53
0.114715 26.3585 48 4347.88
0.118477 26.1972 12 4321.26
0.120314 25.7733 48 4251.35
0.122123 25.4463 48 4197.41
0.123906 25.154 48 4149.2
0.125664 24.3422 30 4015.27
0.127397 25.0891 24 4138.49
0.129107 23.9523 72 3950.97
0.132461 23.0121 24 3795.88
0.134107 22.6631 96 3738.31
0.135732 22.2667 48 3672.92
0.137339 22.2076 24 3663.18
0.138926 21.7616 24 3589.61
0.140496 20.5361 72 3387.46
0.142049 19.9672 48 3293.62
0.145104 21.1998 8 3496.94
0.146608 19.6846 54 3247
0.148632 18.4599 132 3044.99
0.151029 17.6907 24 2918.1
0.152474 17.181 72 2834.04
0.153906 17.2741 96 2849.39
0.15673 16.1995 48 2672.13
0.158123 15.5976 48 2572.85
0.160531 15.5023 96 2557.13
0.163577 15.145 72 2498.19
0.164913 14.5911 96 2406.83
0.167552 14.9832 6 2471.5
0.169502 14.2914 192 2357.38
0.172283 13.9946 72 2308.42
0.173974 13.713 96 2261.99
0.17523 13.5583 48 2236.46
0.178418 13.2072 84 2178.54
0.180167 12.743 120 2101.98
0.181741 13.1686 80 2172.17
0.184179 12.5097 144 2063.5
0.187328 12.8791 24 2124.43
0.188867 12.2094 150 2013.96
0.191267 11.9055 120 1963.83
0.193903 11.7943 168 1945.49
0.196472 11.6824 24 1927.04
0.198088 11.5261 264 1901.25
0.199793 11.0122 48 1816.48
0.202698 10.9475 144 1805.81
0.205919 10.7406 72 1771.68
0.207757 10.7106 180 1766.72
0.21056 10.1174 246 1668.89
0.213587 9.74312 72 1607.14
0.215528 9.81026 240 1618.22
0.218352 9.11588 104 1503.68
0.219662 9.14707 144 1508.82
0.223423 8.45904 240 1395.33
0.22618 8.66273 192 1428.93
0.228278 8.35121 120 1377.54
0.231217 8.11747 246 1338.99
0.234628 7.9632 288 1313.54
0.237806 7.94178 156 1310.01
0.239714 7.72029 216 1273.47
0.242607 7.70898 264 1271.61
0.245954 7.50413 264 1237.82
0.248695 7.23772 192 1193.87
0.252641 7.04347 318 1161.83
0.255182 6.95758 248 1147.66
0.257969 6.94798 336 1146.08
0.260901 6.74524 264 1112.64
0.263594 6.83703 120 1127.78
0.266618 6.53936 420 1078.68
0.269843 6.40751 264 1056.93
0.273272 6.13751 366 1012.39
0.275985 6.03379 336 995.282
0.280415 5.94407 456 980.484
0.283902 5.55574 384 916.428
0.287082 5.51443 432 909.613
0.291553 5.2969 296 873.731
0.29372 5.28621 390 871.968
0.297469 5.09097 444 839.763
0.301416 5.04347 600 831.928
0.304904 4.89424 408 807.312
0.308899 4.71031 408 776.973
0.311881 4.69577 384 774.575
0.316099 4.60791 774 760.081
0.320152 4.51207 432 744.272
0.323319 4.36006 456 719.199
0.327249 4.34425 620 716.59
0.331125 4.16237 600 686.589
0.335425 4.02283 582 663.572
0.339086 4.01218 576 661.815
0.342966 3.87094 768 638.518
0.347538 3.88472 744 640.79
0.352007 3.71071 648 612.088
0.356145 3.48774 666 575.309
0.360285 3.46105 960 570.905
0.365066 3.33019 752 549.32
0.368573 3.39701 552 560.342
0.372864 3.30587 984 545.309
0.378105 3.16527 1062 522.116
0.382338 3.15339 648 520.156
0.386795 3.03404 1140 500.47
0.391574 2.94536 864 485.841
0.396297 2.86353 1062 472.344
0.401127 2.84825 968 469.823
0.405513 2.68373 1248 442.686
0.410547 2.6808 864 442.202
0.41537 2.57559 1404 424.847
0.420644 2.53774 1086 418.604
0.425289 2.47596 1272 408.414
0.430681 2.38756 1392 393.832
0.436011 2.3784 1376 392.32
0.440941 2.28294 1110 376.575
0.446174 2.23628 1740 368.878
0.45185 2.19054 1584 361.333
0.457529 2.12085 1368 349.837
0.462665 2.08694 1662 344.244
0.467842 2.04212 1536 336.85
0.473473 1.98195 1820 326.926
0.479577 1.90451 1902 314.151
0.485197 1.87164 1704 308.729
0.490809 1.84518 2040 304.365
0.497084 1.75177 2088 288.958
0.503027 1.70347 1842 280.991
0.508843 1.65061 2456 272.271
0.51514 1.63967 1968 270.466
0.521205 1.59857 2382 263.687
0.527271 1.54634 2352 255.07
0.533802 1.50496 2604 248.246
0.539882 1.45673 2280 240.29
0.546709 1.45114 2990 239.368
0.553468 1.38684 2880 228.761
0.559954 1.34811 2508 222.374
0.566543 1.33339 3126 219.945
0.573496 1.29914 3216 214.295
0.580523 1.24703 3032 205.699
0.587241 1.22838 3294 202.623
0.594316 1.1939 3540 196.935
0.601466 1.14253 3408 188.462
0.609018 1.13518 4014 187.249
0.61634 1.10355 3728 182.033
0.623417 1.07234 3588 176.885
0.630695 1.03336 4230 170.454
0.638291 0.996318 4176 164.344
0.645683 0.973589 4158 160.595
0.653416 0.96304 4652 158.855
0.660988 0.927795 4584 153.041
0.669506 0.896915 5454 147.947
0.677708 0.873522 4884 144.089
0.685505 0.850685 5000 140.322
0.694 0.836681 5934 138.012
0.702333 0.805164 5376 132.813
0.710789 0.791211 5898 130.511
0.719251 0.762526 6216 125.78
0.727942 0.734065 6104 121.085
0.736661 0.716084 6618 118.119
0.745211 0.705311 6480 116.342
0.754127 0.689059 6918 113.661
0.762976 0.664074 7304 109.54
0.772239 0.639399 7338 105.47
0.781657 0.633198 8376 104.447
0.791082 0.608428 7590 100.361
0.800591 0.592549 8780 97.7418
0.810283 0.574253 8496 94.7239
0.820075 0.563329 9294 92.9219
0.829801 0.537524 8828 88.6654
0.839624 0.530609 9846 87.5247
0.849851 0.514322 10248 84.8381
0.860395 0.494262 10626 81.5292
0.870624 0.483458 10520 79.7471
0.880856 0.467601 10902 77.1315
0.8914 0.452019 11796 74.5612
0.902254 0.438679 11894 72.3608
0.912774 0.431124 12060 71.1145
0.923682 0.413301 12942 68.1746
0.934704 0.40354 13224 66.5645
0.946056 0.39233 14042 64.7154
0.957461 0.379998 14400 62.6812
0.969088 0.366173 15054 60.4009
0.980756 0.359088 15194 59.2321
0.992313 0.347933 15768 57.3921
1.00427 0.331692 16626 54.713
1.0163 0.325291 17168 53.6572
1.02842 0.317508 17334 52.3734
1.04065 0.306511 18564 50.5594
1.05325 0.303346 19214 50.0373
1.06615 0.284849 20298 46.9863
1.07882 0.277138 19800 45.7144
1.09171 0.272627 21434 44.9702
1.10469 0.261821 21630 43.1878
1.1179 0.256367 22976 42.2881
1.13133 0.24544 23370 40.4856
1.14472 0.23785 24240 39.2337
1.15877 0.231858 26642 38.2453
1.17281 0.226521 25518 37.365
1.18671 0.217816 27498 35.9291
1.20092 0.211774 27944 34.9324
1.21541 0.204394 29778 33.7152
1.23005 0.196608 30158 32.4307
1.24487 0.19147 32076 31.5833
1.25995 0.185118 32430 30.5354
1.27496 0.180718 33602 29.8097
1.29008 0.172596 34584 28.47
1.30561 0.16651 36842 27.4661
1.32148 0.162771 38070 26.8493
1.33731 0.156031 38402 25.7376
1.35304 0.151859 39600 25.0493
1.36931 0.147185 42786 24.2783
1.38597 0.141314 43754 23.31
1.40251 0.13708 44190 22.6116
1.41927 0.130921 47042 21.5955
1.43629 0.12723 48000 20.9868
1.45349 0.124915 50210 20.605
1.47092 0.119065 51678 19.64
1.48857 0.11654 54050 19.2235
1.50651 0.111567 56010 18.4031
1.5246 0.107203 57782 17.6834
1.54296 0.104796 60306 17.2863
1.5614 0.100736 61244 16.6165
1.57996 0.097074 64086 16.0125
1.59904 0.0936401 67706 15.4461
1.61841 0.0901948 69486 14.8778
1.63786 0.0867821 71426 14.3148
1.65727 0.0845601 72882 13.9483
1.67716 0.0808709 78230 13.3398
1.69752 0.0778918 80378 12.8484
1.71789 0.0754424 82242 12.4443
1.73855 0.0728063 86546 12.0095
1.75938 0.0705245 87750 11.6331
1.78034 0.0678621 91922 11.194
1.80163 0.0652632 94890 10.7653
1.82321 0.0627274 99062 10.347
1.84528 0.0605579 103898 9.98912
1.86742 0.0582951 105090 9.61587
1.88971 0.0564636 109874 9.31376
1.91235 0.0541686 114110 8.9352
1.93516 0.0524916 116850 8.65857
1.95828 0.0502294 122672 8.28542
1.98195 0.0483334 128874 7.97267
2.00592 0.0466884 131714 7.70132
2.02983 0.0448451 134822 7.39727
2.05418 0.0432804 142866 7.13917
2.07887 0.0414887 145514 6.84363
2.10372 0.0402521 151880 6.63964
2.12915 0.0385251 159746 6.35477
2.15486 0.0374801 162858 6.18239
2.18054 0.0360614 167474 5.94838
2.20649 0.0345932 174110 5.70619
2.23302 0.0334498 183336 5.5176
2.25999 0.0320755 189146 5.29089
2.28711 0.0310345 194354 5.11918
2.31452 0.0299754 202496 4.94449
2.3423 0.0288261 209754 4.75491
2.37031 0.027781 215618 4.58252
2.39862 0.0269377 224600 4.44341
2.42748 0.0259963 235370 4.28813
2.45668 0.025019 240794 4.12691
2.48608 0.0244385 250560 4.03117
2.5159 0.0234665 259874 3.87084
2.54615 0.0228799 270224 3.77408
2.57673 0.0221767 278570 3.65807
2.60767 0.0215662 290216 3.55738
2.63893 0.0209189 298370 3.45061
2.67053 0.0205068 310928 3.38263
2.70255 0.0199345 321522 3.28823
2.73501 0.0195246 334640 3.22061
2.76784 0.0190849 345302 3.14808
2.80103 0.0187826 358736 3.09821
2.83468 0.0184281 372320 3.03975
2.86869 0.0183169 384386 3.0214
2.90306 0.0181022 398576 2.98599
2.93788 0.017912 414032 2.95461
2.97314 0.0178988 428570 2.95243
3.00878 0.0178107 443420 2.9379
3.04485 0.0178792 460880 2.9492
3.08141 0.0179547 477608 2.96165
3.11839 0.0183252 494666 3.02277
3.15587 0.0185343 514172 3.05726
3.19377 0.0188226 531200 3.10481
3.23206 0.0191963 549944 3.16646
3.27078 0.0197929 569924 3.26487
3.31006 0.0204221 593642 3.36866
3.34977 0.0213239 610856 3.51741
3.38996 0.0222278 637756 3.66651
3.43072 0.0232553 659240 3.83599
3.47187 0.0245591 681752 4.05107
3.51352 0.0256829 708404 4.23643
3.55566 0.027452 731720 4.52825
3.59831 0.0292876 761324 4.83103
3.64146 0.0314811 785624 5.19285
3.68509 0.0336845 815932 5.55632
3.72935 0.0368437 848150 6.07742
3.77412 0.0401221 875876 6.6182
3.81939 0.0433837 909872 7.15621
3.86521 0.0478068 940708 7.8858
3.91154 0.0525533 975368 8.66874
3.95847 0.0581264 1012826 9.58804
4.00597 0.0653558 1047892 10.7805
4.05405 0.071993 1088600 11.8754
4.10276 0.0793424 1127762 13.0876
4.15198 0.0931828 1166140 15.3706
4.20175 0.103521 1209440 17.076
4.25218 0.119124 1255802 19.6497
4.30322 0.136073 1298860 22.4454
4.35482 0.154979 1347110 25.564
4.40705 0.184697 1395124 30.4661
4.45993 0.212044 1448666 34.977
4.51349 0.245239 1501036 40.4526
4.56763 0.298705 1552442 49.2718
4.6224 0.337154 1611310 55.6141
4.67785 0.433749 1669244 71.5476
4.73396 0.527681 1729786 87.0418
4.79079 0.610025 1796522 100.625
4.84827 0.774758 1856476 127.797
4.90642 0.992993 1928050 163.796
4.96533 1.25847 1998290 207.586
5.02487 1.63654 2065786 269.949
5.0851 2.10567 2145058 347.333
5.14613 2.71346 2224298 447.589
5.20788 3.65523 2303434 602.936
5.27036 4.73159 2388202 780.483
5.33364 5.32348 2478599 878.116
5.39744 0.327041 2508700 53.9458
5.46211 0.0785954 2510380 12.9644
5.52769 0.0683437 2512288 11.2734
5.59404 0.0702256 2497276 11.5838
5.66113 0.0783593 2490536 12.9255
5.72904 0.0895697 2476432 14.7747
5.79779 0.105609 2464036 17.4204
5.86736 0.127388 2441572 21.0128
5.93771 0.155211 2420164 25.6022
6.00892 0.191001 2394628 31.506
6.08102 0.238729 2368624 39.3787
6.15399 0.298696 2332204 49.2703
6.2278 0.380511 2296528 62.7658
6.30252 0.490309 2255452 80.8773
6.37813 0.635009 2208364 104.746
6.45461 0.830844 2156872 137.049
6.53204 1.09076 2104512 179.923
6.6104 1.44064 2039548 237.636
6.68969 2.00123 1976956 330.106
6.76993 2.65624 1900768 438.151
6.85111 3.76428 1825120 620.924
6.93325 5.05901 1737192 834.491
7.01639 7.52071 1649440 1240.55
7.10058 10.5742 1549012 1744.23
7.18569 14.9532 1441740 2466.56
7.27174 20.7699 1326940 3426.02
7.35886 29.924 1207764 4936.01
7.44702 35.4789 1075156 5852.3
7.53611 26.4862 935664 4368.95
7.62659 1.12639 801523 185.799
7.71818 0.601461 692322 99.2119
7.81076 0.840831 599362 138.696
7.90447 1.23014 516300 202.913
7.99927 1.82502 441076 301.04
8.09511 2.77433 372798 457.629
8.19203 4.29675 311442 708.755
8.2901 6.8229 255850 1125.45
8.3894 11.0331 206196 1819.93
8.49004 18.3939 161820 3034.11
8.59152 31.4935 121362 5194.9
8.69409 56.8476 88608 9377.1
8.79786 106.055 59292 17494
8.90093 198.218 35826 32696.4
9.00404 398.405 19252 65717.5
9.10719 791.079 7314 130490
9.20136 1380.01 1158 227634
9.28665 110.45 1 18218.9
