# in Mpc/h Units 
# D1 = 0.256052 
# k P N P(z=0)
0.020944 1625.34 6 24790.7
0.0296192 1335.79 12 20374.2
0.036276 1092.53 8 16664
0.0418879 934.842 6 14258.8
0.0468321 834.012 24 12720.9
0.051302 806.529 24 12301.7
0.0592384 678.559 12 10349.8
0.0628319 689.667 30 10519.2
0.0662306 675.738 24 10306.8
0.0694632 625.777 24 9544.73
0.072552 587.886 8 8966.79
0.0755145 580.092 24 8847.92
0.0783651 538.609 48 8215.18
0.0837758 547.182 6 8345.94
0.0863541 456.969 48 6969.97
0.0888577 434.267 36 6623.7
0.0912926 415.455 24 6336.77
0.0936642 415.124 24 6331.72
0.0959772 403.578 48 6155.61
0.0982358 363.744 24 5548.04
0.102604 306.22 24 4670.66
0.10472 283.748 30 4327.89
0.106794 301.505 72 4598.74
0.108828 329.844 32 5030.98
0.112787 278.736 72 4251.46
0.114715 275.387 48 4200.36
0.118477 293.556 12 4477.5
0.120314 280.073 48 4271.84
0.122123 277.143 48 4227.15
0.123906 275.453 48 4201.38
0.125664 257.526 30 3927.94
0.127397 288.004 24 4392.81
0.129107 260.488 72 3973.11
0.132461 243.699 24 3717.04
0.134107 244.295 96 3726.14
0.135732 241.917 48 3689.87
0.137339 246.722 24 3763.15
0.138926 243.393 24 3712.38
0.140496 212.748 72 3244.95
0.142049 206.878 48 3155.42
0.145104 278.661 8 4250.3
0.146608 225.841 54 3444.67
0.148632 197.827 132 3017.38
0.151029 187.613 24 2861.59
0.152474 183.201 72 2794.29
0.153906 193.266 96 2947.81
0.15673 174.55 48 2662.34
0.158123 161.056 48 2456.52
0.160531 167.381 96 2552.99
0.163577 171.913 72 2622.13
0.164913 153.914 96 2347.58
0.167552 172.524 6 2631.44
0.169502 161.709 192 2466.49
0.172283 157.137 72 2396.75
0.173974 150.478 96 2295.19
0.17523 149.678 48 2282.97
0.178418 144.868 84 2209.61
0.180167 133.13 120 2030.58
0.181741 150.5 80 2295.51
0.184179 131.652 144 2008.03
0.187328 151.45 24 2310
0.188867 129.304 150 1972.22
0.191267 123.868 120 1889.32
0.193903 124.603 168 1900.52
0.196472 131.035 24 1998.62
0.198088 125.516 264 1914.44
0.199793 114.261 48 1742.77
0.202698 118.996 144 1814.99
0.205919 122.497 72 1868.4
0.207757 124.694 180 1901.91
0.21056 112.687 246 1718.77
0.213587 104.776 72 1598.1
0.215528 113.943 240 1737.93
0.218352 98.7653 104 1506.43
0.219662 102.764 144 1567.43
0.223423 88.0341 240 1342.75
0.22618 99.9625 192 1524.69
0.228278 91.5476 120 1396.34
0.231217 89.99 246 1372.58
0.234628 87.1313 288 1328.98
0.237806 89.4026 156 1363.62
0.239714 85.4104 216 1302.73
0.242607 90.5244 264 1380.73
0.245954 85.9712 264 1311.28
0.248695 80.8826 192 1233.67
0.252641 74.9232 318 1142.77
0.255182 75.5444 248 1152.25
0.257969 77.1263 336 1176.38
0.260901 74.6543 264 1138.67
0.263594 75.8185 120 1156.43
0.266618 74.2114 420 1131.92
0.269843 73.0607 264 1114.37
0.273272 68.0103 366 1037.33
0.275985 68.0202 336 1037.48
0.280415 70.1486 456 1069.95
0.283902 61.3722 384 936.086
0.287082 62.4676 432 952.793
0.291553 58.984 296 899.659
0.29372 61.0612 390 931.342
0.297469 57.125 444 871.306
0.301416 57.4688 600 876.549
0.304904 55.5403 408 847.133
0.308899 53.1323 408 810.405
0.311881 53.3014 384 812.985
0.316099 52.5962 774 802.229
0.320152 50.6025 432 771.819
0.323319 48.1018 456 733.678
0.327249 49.1118 620 749.082
0.331125 45.9258 600 700.487
0.335425 43.6047 582 665.085
0.339086 45.6465 576 696.228
0.342966 43.5714 768 664.577
0.347538 46.5396 744 709.85
0.352007 43.1053 648 657.467
0.356145 39.3341 666 599.947
0.360285 39.5405 960 603.096
0.365066 37.1931 752 567.292
0.368573 40.7265 552 621.185
0.372864 39.0481 984 595.586
0.378105 35.7045 1062 544.587
0.382338 37.1189 648 566.159
0.386795 34.6078 1140 527.859
0.391574 34.517 864 526.474
0.396297 33.6493 1062 513.24
0.401127 34.1893 968 521.476
0.405513 30.2618 1248 461.571
0.410547 30.7407 864 468.875
0.41537 29.4927 1404 449.84
0.420644 29.2897 1086 446.744
0.425289 29.4083 1272 448.553
0.430681 28.1067 1392 428.701
0.436011 28.7802 1376 438.973
0.440941 26.7772 1110 408.422
0.446174 25.9456 1740 395.738
0.45185 26.1772 1584 399.27
0.457529 25.6508 1368 391.242
0.462665 25.272 1662 385.464
0.467842 23.7907 1536 362.87
0.473473 23.3773 1820 356.564
0.479577 22.0055 1902 335.641
0.485197 22.5908 1704 344.569
0.490809 21.7572 2040 331.854
0.497084 20.4589 2088 312.051
0.503027 20.3385 1842 310.215
0.508843 19.6839 2456 300.23
0.51514 19.8797 1968 303.217
0.521205 19.214 2382 293.063
0.527271 18.2386 2352 278.186
0.533802 17.9472 2604 273.741
0.539882 17.4281 2280 265.824
0.546709 17.9855 2990 274.326
0.553468 16.9172 2880 258.031
0.559954 16.3559 2508 249.47
0.566543 16.2675 3126 248.122
0.573496 16.1591 3216 246.468
0.580523 15.0881 3032 230.133
0.587241 15.2259 3294 232.235
0.594316 14.7828 3540 225.476
0.601466 13.5286 3408 206.347
0.609018 14.4484 4014 220.376
0.61634 13.5968 3728 207.386
0.623417 13.3598 3588 203.772
0.630695 12.5438 4230 191.326
0.638291 12.3509 4176 188.383
0.645683 12.1395 4158 185.159
0.653416 11.8856 4652 181.287
0.660988 11.6616 4584 177.87
0.669506 11.1671 5454 170.327
0.677708 11.0251 4884 168.162
0.685505 10.6254 5000 162.065
0.694 10.693 5934 163.095
0.702333 10.3542 5376 157.929
0.710789 10.1208 5898 154.369
0.719251 9.66381 6216 147.398
0.727942 9.27394 6104 141.452
0.736661 9.10069 6618 138.809
0.745211 9.22204 6480 140.66
0.754127 8.8233 6918 134.578
0.762976 8.50466 7304 129.718
0.772239 8.39439 7338 128.036
0.781657 8.25421 8376 125.898
0.791082 8.10208 7590 123.578
0.800591 7.57353 8780 115.516
0.810283 7.48068 8496 114.1
0.820075 7.4209 9294 113.188
0.829801 7.01155 8828 106.944
0.839624 7.12113 9846 108.616
0.849851 6.8647 10248 104.705
0.860395 6.64483 10626 101.351
0.870624 6.51981 10520 99.4441
0.880856 6.30313 10902 96.1391
0.8914 6.06994 11796 92.5824
0.902254 5.84298 11894 89.1206
0.912774 5.90823 12060 90.1159
0.923682 5.62628 12942 85.8154
0.934704 5.53847 13224 84.4761
0.946056 5.37426 14042 81.9714
0.957461 5.23053 14400 79.7792
0.969088 5.07895 15054 77.4672
0.980756 5.01148 15194 76.4381
0.992313 4.71058 15768 71.8486
1.00427 4.66644 16626 71.1753
1.0163 4.50997 17168 68.7887
1.02842 4.34076 17334 66.2079
1.04065 4.32367 18564 65.9472
1.05325 4.22853 19214 64.4961
1.06615 4.01147 20298 61.1853
1.07882 3.97082 19800 60.5654
1.09171 3.85181 21434 58.7501
1.10469 3.74744 21630 57.1582
1.1179 3.68784 22976 56.2491
1.13133 3.57075 23370 54.4633
1.14472 3.45122 24240 52.6401
1.15877 3.41059 26642 52.0203
1.17281 3.27894 25518 50.0124
1.18671 3.21302 27498 49.007
1.20092 3.17588 27944 48.4405
1.21541 3.07021 29778 46.8288
1.23005 2.94019 30158 44.8455
1.24487 2.89654 32076 44.1797
1.25995 2.8019 32430 42.7362
1.27496 2.71283 33602 41.3777
1.29008 2.62441 34584 40.0291
1.30561 2.59626 36842 39.5997
1.32148 2.54272 38070 38.7832
1.33731 2.4113 38402 36.7786
1.35304 2.38927 39600 36.4425
1.36931 2.32082 42786 35.3985
1.38597 2.24267 43754 34.2066
1.40251 2.19574 44190 33.4907
1.41927 2.11008 47042 32.1842
1.43629 2.048 48000 31.2374
1.45349 1.99415 50210 30.416
1.47092 1.95022 51678 29.746
1.48857 1.90495 54050 29.0554
1.50651 1.82994 56010 27.9114
1.5246 1.78928 57782 27.2912
1.54296 1.74172 60306 26.5657
1.5614 1.69546 61244 25.8601
1.57996 1.62101 64086 24.7246
1.59904 1.59047 67706 24.2589
1.61841 1.54318 69486 23.5375
1.63786 1.49813 71426 22.8504
1.65727 1.46589 72882 22.3586
1.67716 1.42144 78230 21.6807
1.69752 1.38304 80378 21.0949
1.71789 1.34796 82242 20.5599
1.73855 1.29627 86546 19.7715
1.75938 1.26272 87750 19.2597
1.78034 1.21787 91922 18.5757
1.80163 1.17786 94890 17.9654
1.82321 1.15452 99062 17.6094
1.84528 1.12189 103898 17.1117
1.86742 1.09549 105090 16.7091
1.88971 1.05569 109874 16.102
1.91235 1.03181 114110 15.7378
1.93516 0.9959 116850 15.1901
1.95828 0.972269 122672 14.8296
1.98195 0.946775 128874 14.4408
2.00592 0.918075 131714 14.003
2.02983 0.888488 134822 13.5517
2.05418 0.867707 142866 13.2348
2.07887 0.836909 145514 12.765
2.10372 0.815858 151880 12.444
2.12915 0.79482 159746 12.1231
2.15486 0.769343 162858 11.7345
2.18054 0.747942 167474 11.4081
2.20649 0.727026 174110 11.089
2.23302 0.707001 183336 10.7836
2.25999 0.688934 189146 10.508
2.28711 0.666432 194354 10.1648
2.31452 0.646812 202496 9.86556
2.3423 0.629755 209754 9.6054
2.37031 0.611903 215618 9.33311
2.39862 0.599171 224600 9.13892
2.42748 0.579287 235370 8.83563
2.45668 0.566555 240794 8.64144
2.48608 0.553117 250560 8.43648
2.5159 0.540212 259874 8.23963
2.54615 0.527737 270224 8.04936
2.57673 0.511845 278570 7.80697
2.60767 0.501295 290216 7.64605
2.63893 0.4905 298370 7.4814
2.67053 0.475063 310928 7.24594
2.70255 0.468904 321522 7.152
2.73501 0.456499 334640 6.9628
2.76784 0.447013 345302 6.81812
2.80103 0.441371 358736 6.73206
2.83468 0.43147 372320 6.58104
2.86869 0.422499 384386 6.4442
2.90306 0.418138 398576 6.37769
2.93788 0.410284 414032 6.2579
2.97314 0.40664 428570 6.20232
3.00878 0.401477 443420 6.12356
3.04485 0.398406 460880 6.07672
3.08141 0.393136 477608 5.99635
3.11839 0.393542 494666 6.00255
3.15587 0.390658 514172 5.95855
3.19377 0.392671 531200 5.98926
3.23206 0.390347 549944 5.9538
3.27078 0.390497 569924 5.95609
3.31006 0.391394 593642 5.96978
3.34977 0.398245 610856 6.07427
3.38996 0.400887 637756 6.11457
3.43072 0.406489 659240 6.20001
3.47187 0.412726 681752 6.29514
3.51352 0.420014 708404 6.4063
3.55566 0.431136 731720 6.57594
3.59831 0.439825 761324 6.70847
3.64146 0.453063 785624 6.91038
3.68509 0.468867 815932 7.15144
3.72935 0.484252 848150 7.3861
3.77412 0.502019 875876 7.65709
3.81939 0.517903 909872 7.89937
3.86521 0.539406 940708 8.22734
3.91154 0.559633 975368 8.53586
3.95847 0.5871 1012826 8.9548
4.00597 0.613722 1047892 9.36086
4.05405 0.640237 1088600 9.76528
4.10276 0.661096 1127762 10.0834
4.15198 0.701378 1166140 10.6978
4.20175 0.722337 1209440 11.0175
4.25218 0.758256 1255802 11.5654
4.30322 0.792738 1298860 12.0913
4.35482 0.82648 1347110 12.606
4.40705 0.858264 1395124 13.0908
4.45993 0.88569 1448666 13.5091
4.51349 0.927893 1501036 14.1528
4.56763 0.962994 1552442 14.6882
4.6224 0.990852 1611310 15.1131
4.67785 1.04644 1669244 15.9609
4.73396 1.07027 1729786 16.3244
4.79079 1.09984 1796522 16.7754
4.84827 1.14922 1856476 17.5286
4.90642 1.19432 1928050 18.2165
4.96533 1.23439 1998290 18.8276
5.02487 1.27648 2065786 19.4697
5.0851 1.32565 2145058 20.2196
5.14613 1.37493 2224298 20.9712
5.20788 1.43508 2303434 21.8887
5.27036 1.49774 2388202 22.8444
5.33364 1.56405 2478599 23.8558
5.39744 1.35071 2508700 20.6019
5.46211 1.10742 2510380 16.891
5.52769 1.03092 2512288 15.7242
5.59404 1.02035 2497276 15.563
5.66113 1.05253 2490536 16.0538
5.72904 1.10874 2476432 16.9111
5.79779 1.19017 2464036 18.1532
5.86736 1.28684 2441572 19.6276
5.93771 1.40088 2420164 21.3671
6.00892 1.52617 2394628 23.278
6.08102 1.66866 2368624 25.4514
6.15399 1.83188 2332204 27.941
6.2278 2.00619 2296528 30.5995
6.30252 2.1904 2255452 33.4093
6.37813 2.39019 2208364 36.4566
6.45461 2.59359 2156872 39.5589
6.53204 2.81467 2104512 42.931
6.6104 3.02118 2039548 46.0809
6.68969 3.25268 1976956 49.6118
6.76993 3.44349 1900768 52.5222
6.85111 3.67084 1825120 55.9899
6.93325 3.83208 1737192 58.4492
7.01639 3.99365 1649440 60.9135
7.10058 4.12013 1549012 62.8427
7.18569 4.19465 1441740 63.9793
7.27174 4.2194 1326940 64.3569
7.35886 4.14996 1207764 63.2976
7.44702 3.87817 1075156 59.1522
7.53611 3.34003 935664 50.9442
7.62659 2.69765 801523 41.1462
7.71818 2.61192 692322 39.8386
7.81076 2.73255 599362 41.6785
7.90447 2.96357 516300 45.2022
7.99927 3.26868 441076 49.8558
8.09511 3.60973 372798 55.0578
8.19203 4.01776 311442 61.2814
8.2901 4.43648 255850 67.6678
8.3894 4.88428 206196 74.498
8.49004 5.40699 161820 82.4707
8.59152 5.99752 121362 91.4778
8.69409 6.59762 88608 100.631
8.79786 7.38585 59292 112.653
8.90093 8.07383 35826 123.147
9.00404 9.19143 19252 140.193
9.10719 10.1849 7314 155.347
9.20136 11.3135 1158 172.56
9.28665 41.1897 1 628.249
