# in Mpc/h Units 
# D1 = 0.0130978 
# k P N P(z=0)
0.020944 0.0421201 6 245.522
0.0296192 0.0345762 12 201.548
0.036276 0.0285721 8 166.549
0.0418879 0.0246059 6 143.43
0.0468321 0.0220722 24 128.66
0.051302 0.0204369 24 119.128
0.0592384 0.0184791 12 107.716
0.0628319 0.0177673 30 103.567
0.0662306 0.0170856 24 99.5933
0.0694632 0.0163916 24 95.5478
0.072552 0.0156678 8 91.3288
0.0755145 0.0149234 24 86.99
0.0783651 0.0141645 48 82.566
0.0837758 0.0126792 6 73.9083
0.0863541 0.0119835 48 69.8527
0.0888577 0.0113348 36 66.0712
0.0912926 0.0107398 24 62.6033
0.0936642 0.0102055 24 59.4887
0.0959772 0.00973319 48 56.7356
0.0982358 0.00931436 24 54.2942
0.102604 0.00864168 24 50.3731
0.10472 0.00837804 30 48.8363
0.106794 0.00815634 72 47.544
0.108828 0.00797003 32 46.458
0.112787 0.00766545 72 44.6825
0.114715 0.00754634 48 43.9882
0.118477 0.00734264 12 42.8008
0.120314 0.00724924 48 42.2564
0.122123 0.00715847 48 41.7273
0.123906 0.00706826 48 41.2015
0.125664 0.00697463 30 40.6557
0.127397 0.0068784 24 40.0948
0.129107 0.00677688 72 39.503
0.132461 0.00655901 24 38.233
0.134107 0.0064398 96 37.5381
0.135732 0.00631713 48 36.8231
0.137339 0.00619182 24 36.0927
0.138926 0.00606415 24 35.3484
0.140496 0.00593148 72 34.5751
0.142049 0.00579961 48 33.8064
0.145104 0.00553998 8 32.293
0.146608 0.00540763 54 31.5215
0.148632 0.00523515 132 30.5161
0.151029 0.00503699 24 29.3611
0.152474 0.00492307 72 28.697
0.153906 0.00481421 96 28.0625
0.15673 0.00461201 48 26.8838
0.158123 0.00451897 48 26.3415
0.160531 0.00437427 96 25.498
0.163577 0.0042098 72 24.5392
0.164913 0.00414612 96 24.1681
0.167552 0.00403516 6 23.5213
0.169502 0.00396216 192 23.0957
0.172283 0.00387245 72 22.5728
0.173974 0.00382432 96 22.2923
0.17523 0.00379041 48 22.0946
0.178418 0.0037151 84 21.6556
0.180167 0.00367614 120 21.4285
0.181741 0.00364355 80 21.2386
0.184179 0.00359293 144 20.9435
0.187328 0.00352718 24 20.5602
0.188867 0.00349372 150 20.3652
0.191267 0.00343767 120 20.0385
0.193903 0.00337265 168 19.6594
0.196472 0.00330176 24 19.2463
0.198088 0.00325535 264 18.9757
0.199793 0.0032048 48 18.681
0.202698 0.00311224 144 18.1415
0.205919 0.00300784 72 17.5329
0.207757 0.00294647 180 17.1752
0.21056 0.00285344 246 16.6329
0.213587 0.00275564 72 16.0629
0.215528 0.0026957 240 15.7135
0.218352 0.00261098 104 15.2196
0.219662 0.00257461 144 15.0076
0.223423 0.0024741 240 14.4217
0.22618 0.00241015 192 14.049
0.228278 0.00236464 120 13.7837
0.231217 0.0023075 246 13.4506
0.234628 0.00225026 288 13.117
0.237806 0.00220333 156 12.8434
0.239714 0.00217725 216 12.6914
0.242607 0.00214105 264 12.4803
0.245954 0.00210152 264 12.2499
0.248695 0.00206965 192 12.0642
0.252641 0.00202458 318 11.8015
0.255182 0.00199386 248 11.6224
0.257969 0.0019585 336 11.4162
0.260901 0.00192064 264 11.1956
0.263594 0.00188416 120 10.9829
0.266618 0.00184046 420 10.7282
0.269843 0.00179304 264 10.4518
0.273272 0.00174297 366 10.1599
0.275985 0.0017029 336 9.92635
0.280415 0.00163995 456 9.55939
0.283902 0.00159278 384 9.28444
0.287082 0.00155293 432 9.05214
0.291553 0.00150132 296 8.75131
0.29372 0.0014787 390 8.61947
0.297469 0.00144248 444 8.40835
0.301416 0.00140883 600 8.21219
0.304904 0.00138043 408 8.04666
0.308899 0.00135056 408 7.87255
0.311881 0.00132955 384 7.75004
0.316099 0.00130001 774 7.57785
0.320152 0.00127186 432 7.41376
0.323319 0.00124891 456 7.27998
0.327249 0.00122007 620 7.11192
0.331125 0.00119102 600 6.94254
0.335425 0.0011585 582 6.75297
0.339086 0.00113144 576 6.59527
0.342966 0.00110241 768 6.42605
0.347538 0.00107025 744 6.23857
0.352007 0.00103999 648 6.0622
0.356145 0.00101323 666 5.90622
0.360285 0.000989722 960 5.76917
0.365066 0.000963447 752 5.61601
0.368573 0.0009458 552 5.51315
0.372864 0.000925499 984 5.39481
0.378105 0.000901611 1062 5.25556
0.382338 0.000883034 648 5.14728
0.386795 0.000863077 1140 5.03095
0.391574 0.000842457 864 4.91076
0.396297 0.000821462 1062 4.78837
0.401127 0.000800545 968 4.66645
0.405513 0.0007818 1248 4.55718
0.410547 0.000760925 864 4.4355
0.41537 0.000741289 1404 4.32103
0.420644 0.000721393 1086 4.20506
0.425289 0.000704854 1272 4.10865
0.430681 0.000686245 1392 4.00018
0.436011 0.000669103 1376 3.90026
0.440941 0.000654285 1110 3.81388
0.446174 0.000638677 1740 3.7229
0.45185 0.000622435 1584 3.62823
0.457529 0.000606337 1368 3.53439
0.462665 0.000592267 1662 3.45237
0.467842 0.000578186 1536 3.37029
0.473473 0.000563247 1820 3.28321
0.479577 0.000547626 1902 3.19216
0.485197 0.000533955 1704 3.11247
0.490809 0.00052072 2040 3.03532
0.497084 0.000506606 2088 2.95305
0.503027 0.000494022 1842 2.8797
0.508843 0.000482183 2456 2.81069
0.51514 0.000469707 1968 2.73796
0.521205 0.000458054 2382 2.67003
0.527271 0.000446872 2352 2.60485
0.533802 0.000434893 2604 2.53503
0.539882 0.000424186 2280 2.47262
0.546709 0.000412846 2990 2.40651
0.553468 0.000401866 2880 2.34251
0.559954 0.000391496 2508 2.28206
0.566543 0.000381777 3126 2.22541
0.573496 0.000371769 3216 2.16707
0.580523 0.000362005 3032 2.11016
0.587241 0.000353071 3294 2.05808
0.594316 0.000343856 3540 2.00437
0.601466 0.000334812 3408 1.95165
0.609018 0.000325745 4014 1.89879
0.61634 0.000317256 3728 1.84931
0.623417 0.000309098 3588 1.80176
0.630695 0.000301334 4230 1.7565
0.638291 0.000293403 4176 1.71027
0.645683 0.000285857 4158 1.66628
0.653416 0.00027852 4652 1.62351
0.660988 0.00027137 4584 1.58184
0.669506 0.000263641 5454 1.53678
0.677708 0.000256602 4884 1.49576
0.685505 0.000249917 5000 1.45679
0.694 0.000243219 5934 1.41774
0.702333 0.000236784 5376 1.38024
0.710789 0.000230456 5898 1.34335
0.719251 0.000224315 6216 1.30755
0.727942 0.000218318 6104 1.2726
0.736661 0.000212484 6618 1.23859
0.745211 0.000206869 6480 1.20585
0.754127 0.00020144 6918 1.17421
0.762976 0.000196148 7304 1.14336
0.772239 0.000190748 7338 1.11189
0.781657 0.000185627 8376 1.08204
0.791082 0.000180502 7590 1.05216
0.800591 0.000175664 8780 1.02396
0.810283 0.000170847 8496 0.995883
0.820075 0.000166201 9294 0.968797
0.829801 0.000161683 8828 0.942466
0.839624 0.000157407 9846 0.91754
0.849851 0.000153022 10248 0.891977
0.860395 0.000148772 10626 0.867204
0.870624 0.000144629 10520 0.843055
0.880856 0.00014074 10902 0.820383
0.8914 0.000136894 11796 0.797967
0.902254 0.00013311 11894 0.77591
0.912774 0.00012958 12060 0.755334
0.923682 0.000126087 12942 0.734973
0.934704 0.000122481 13224 0.713949
0.946056 0.000119151 14042 0.69454
0.957461 0.00011576 14400 0.674777
0.969088 0.000112533 15054 0.655966
0.980756 0.000109369 15194 0.63752
0.992313 0.000106461 15768 0.620571
1.00427 0.000103436 16626 0.602937
1.0163 0.000100538 17168 0.586043
1.02842 9.77854e-05 17334 0.569999
1.04065 9.4981e-05 18564 0.553652
1.05325 9.23711e-05 19214 0.538439
1.06615 8.96849e-05 20298 0.522781
1.07882 8.72255e-05 19800 0.508444
1.09171 8.47482e-05 21434 0.494004
1.10469 8.23685e-05 21630 0.480133
1.1179 8.00832e-05 22976 0.466811
1.13133 7.77351e-05 23370 0.453124
1.14472 7.55869e-05 24240 0.440602
1.15877 7.3395e-05 26642 0.427826
1.17281 7.12726e-05 25518 0.415454
1.18671 6.92752e-05 27498 0.403811
1.20092 6.72897e-05 27944 0.392237
1.21541 6.53367e-05 29778 0.380853
1.23005 6.34123e-05 30158 0.369636
1.24487 6.162e-05 32076 0.359188
1.25995 5.98632e-05 32430 0.348948
1.27496 5.81343e-05 33602 0.33887
1.29008 5.64466e-05 34584 0.329032
1.30561 5.48277e-05 36842 0.319595
1.32148 5.32695e-05 38070 0.310512
1.33731 5.17044e-05 38402 0.301389
1.35304 5.01974e-05 39600 0.292605
1.36931 4.87106e-05 42786 0.283938
1.38597 4.73035e-05 43754 0.275736
1.40251 4.59549e-05 44190 0.267875
1.41927 4.4576e-05 47042 0.259837
1.43629 4.32715e-05 48000 0.252233
1.45349 4.20101e-05 50210 0.24488
1.47092 4.0809e-05 51678 0.237879
1.48857 3.95298e-05 54050 0.230423
1.50651 3.83735e-05 56010 0.223683
1.5246 3.72528e-05 57782 0.21715
1.54296 3.61393e-05 60306 0.210659
1.5614 3.50753e-05 61244 0.204457
1.57996 3.40323e-05 64086 0.198377
1.59904 3.30312e-05 67706 0.192542
1.61841 3.20493e-05 69486 0.186818
1.63786 3.10756e-05 71426 0.181142
1.65727 3.0166e-05 72882 0.17584
1.67716 2.92492e-05 78230 0.170496
1.69752 2.83481e-05 80378 0.165244
1.71789 2.74757e-05 82242 0.160158
1.73855 2.66786e-05 86546 0.155512
1.75938 2.58803e-05 87750 0.150858
1.78034 2.51231e-05 91922 0.146445
1.80163 2.43476e-05 94890 0.141924
1.82321 2.36039e-05 99062 0.137589
1.84528 2.29363e-05 103898 0.133697
1.86742 2.22e-05 105090 0.129406
1.88971 2.15081e-05 109874 0.125373
1.91235 2.08916e-05 114110 0.121779
1.93516 2.02532e-05 116850 0.118058
1.95828 1.96498e-05 122672 0.11454
1.98195 1.90545e-05 128874 0.11107
2.00592 1.84658e-05 131714 0.107639
2.02983 1.78998e-05 134822 0.104339
2.05418 1.73505e-05 142866 0.101138
2.07887 1.68355e-05 145514 0.0981358
2.10372 1.63376e-05 151880 0.0952331
2.12915 1.5819e-05 159746 0.0922105
2.15486 1.53676e-05 162858 0.0895788
2.18054 1.48835e-05 167474 0.0867571
2.20649 1.44454e-05 174110 0.0842037
2.23302 1.40449e-05 183336 0.0818686
2.25999 1.36003e-05 189146 0.0792776
2.28711 1.32457e-05 194354 0.0772104
2.31452 1.28301e-05 202496 0.0747878
2.3423 1.24624e-05 209754 0.0726446
2.37031 1.2105e-05 215618 0.0705608
2.39862 1.17757e-05 224600 0.0686414
2.42748 1.143e-05 235370 0.0666266
2.45668 1.11093e-05 240794 0.0647569
2.48608 1.08488e-05 250560 0.0632386
2.5159 1.05435e-05 259874 0.0614589
2.54615 1.02727e-05 270224 0.0598807
2.57673 9.997e-06 278570 0.0582734
2.60767 9.7487e-06 290216 0.056826
2.63893 9.52469e-06 298370 0.0555202
2.67053 9.31365e-06 310928 0.0542901
2.70255 9.10606e-06 321522 0.05308
2.73501 8.92023e-06 334640 0.0519968
2.76784 8.75798e-06 345302 0.051051
2.80103 8.58834e-06 358736 0.0500621
2.83468 8.43622e-06 372320 0.0491754
2.86869 8.31963e-06 384386 0.0484958
2.90306 8.20313e-06 398576 0.0478167
2.93788 8.11741e-06 414032 0.0473171
2.97314 8.05154e-06 428570 0.0469331
3.00878 7.99596e-06 443420 0.0466091
3.04485 7.96807e-06 460880 0.0464465
3.08141 7.95029e-06 477608 0.0463429
3.11839 7.98016e-06 494666 0.046517
3.15587 8.01374e-06 514172 0.0467128
3.19377 8.10069e-06 531200 0.0472196
3.23206 8.19711e-06 549944 0.0477816
3.27078 8.31399e-06 569924 0.048463
3.31006 8.49119e-06 593642 0.0494958
3.34977 8.77303e-06 610856 0.0511387
3.38996 9.03345e-06 637756 0.0526567
3.43072 9.35222e-06 659240 0.0545148
3.47187 9.7441e-06 681752 0.0567992
3.51352 1.01459e-05 708404 0.0591413
3.55566 1.07061e-05 731720 0.0624068
3.59831 1.13038e-05 761324 0.0658907
3.64146 1.19818e-05 785624 0.0698429
3.68509 1.28154e-05 815932 0.0747018
3.72935 1.38356e-05 848150 0.0806489
3.77412 1.49833e-05 875876 0.0873392
3.81939 1.62005e-05 909872 0.0944343
3.86521 1.76923e-05 940708 0.10313
3.91154 1.93568e-05 975368 0.112832
3.95847 2.14876e-05 1012826 0.125253
4.00597 2.40627e-05 1047892 0.140264
4.05405 2.65981e-05 1088600 0.155043
4.10276 2.97244e-05 1127762 0.173266
4.15198 3.43043e-05 1166140 0.199963
4.20175 3.83824e-05 1209440 0.223734
4.25218 4.43515e-05 1255802 0.258529
4.30322 5.11667e-05 1298860 0.298255
4.35482 5.89742e-05 1347110 0.343766
4.40705 6.99566e-05 1395124 0.407783
4.45993 8.20085e-05 1448666 0.478034
4.51349 9.7565e-05 1501036 0.568715
4.56763 0.000119654 1552442 0.697474
4.6224 0.000139055 1611310 0.810561
4.67785 0.000183058 1669244 1.06706
4.73396 0.000227553 1729786 1.32643
4.79079 0.000278906 1796522 1.62577
4.84827 0.000369179 1856476 2.15198
4.90642 0.000519403 1928050 3.02764
4.96533 0.000725661 1998290 4.22994
5.02487 0.00106282 2065786 6.19526
5.0851 0.00166216 2145058 9.68886
5.14613 0.00285302 2224298 16.6305
5.20788 0.00582895 2303434 33.9775
5.27036 0.0154599 2388202 90.1168
5.33364 39.3331 2478599 229276
5.39744 4.09846e-05 2508700 0.238903
5.46211 3.11921e-05 2510380 0.181821
5.52769 3.06624e-05 2512288 0.178734
5.59404 3.22501e-05 2497276 0.187988
5.66113 3.55843e-05 2490536 0.207424
5.72904 4.00585e-05 2476432 0.233504
5.79779 4.63896e-05 2464036 0.270409
5.86736 5.46838e-05 2441572 0.318757
5.93771 6.51916e-05 2420164 0.380007
6.00892 7.89734e-05 2394628 0.460343
6.08102 9.68229e-05 2368624 0.564389
6.15399 0.00012053 2332204 0.70258
6.2278 0.000152075 2296528 0.886457
6.30252 0.000194615 2255452 1.13443
6.37813 0.000252702 2208364 1.47302
6.45461 0.000332367 2156872 1.9374
6.53204 0.000442977 2104512 2.58215
6.6104 0.000601534 2039548 3.50639
6.68969 0.000851916 1976956 4.96589
6.76993 0.00119429 1900768 6.96163
6.85111 0.00179946 1825120 10.4892
6.93325 0.00264898 1737192 15.4411
7.01639 0.00439709 1649440 25.631
7.10058 0.0073818 1549012 43.0291
7.18569 0.0132073 1441740 76.9865
7.27174 0.0249956 1326940 145.701
7.35886 0.0615281 1207764 358.653
7.44702 0.193272 1075156 1126.6
7.53611 1.10968 935664 6468.4
7.62659 739.883 801523 4.31284e+06
7.71818 0.000311125 692322 1.81357
7.81076 0.000443503 599362 2.58522
7.90447 0.000658313 516300 3.83736
7.99927 0.00100335 441076 5.8486
8.09511 0.00158714 372798 9.25157
8.19203 0.00258697 311442 15.0797
8.2901 0.00439369 255850 25.6112
8.3894 0.00786542 206196 45.8482
8.49004 0.0150453 161820 87.7006
8.59152 0.0304071 121362 177.246
8.69409 0.0704047 88608 410.395
8.79786 0.182834 59292 1065.75
8.90093 0.557895 35826 3252.02
9.00404 2.43185 19252 14175.4
9.10719 19.531 7314 113848
9.20136 690.563 1158 4.02535e+06
9.28665 2.37724e+08 1 1.38572e+12
