# in Mpc/h Units 
# D1 = 0.0471945 
# k P N P(z=0)
0.020944 0.553269 6 248.401
0.0296192 0.45176 12 202.826
0.036276 0.373927 8 167.882
0.0418879 0.317132 6 142.383
0.0468321 0.288551 24 129.55
0.051302 0.26672 24 119.749
0.0592384 0.240484 12 107.97
0.0628319 0.231428 30 103.904
0.0662306 0.222172 24 99.7484
0.0694632 0.212956 24 95.6109
0.072552 0.203377 8 91.3098
0.0755145 0.193958 24 87.0814
0.0783651 0.184104 48 82.657
0.0837758 0.164673 6 73.9333
0.0863541 0.156224 48 70.1397
0.0888577 0.147729 36 66.3258
0.0912926 0.139843 24 62.7854
0.0936642 0.133102 24 59.7587
0.0959772 0.127029 48 57.0321
0.0982358 0.121485 24 54.5429
0.102604 0.112608 24 50.5575
0.10472 0.109239 30 49.045
0.106794 0.106283 72 47.7177
0.108828 0.103906 32 46.6505
0.112787 0.0997828 72 44.7994
0.114715 0.0983253 48 44.145
0.118477 0.0954784 12 42.8669
0.120314 0.0942474 48 42.3142
0.122123 0.0928844 48 41.7023
0.123906 0.0918717 48 41.2476
0.125664 0.0905769 30 40.6662
0.127397 0.0894152 24 40.1447
0.129107 0.0880645 72 39.5382
0.132461 0.0852276 24 38.2646
0.134107 0.0835838 96 37.5265
0.135732 0.0820023 48 36.8165
0.137339 0.080424 24 36.1079
0.138926 0.0788452 24 35.3991
0.140496 0.0770166 72 34.5781
0.142049 0.0753363 48 33.8237
0.145104 0.0721847 8 32.4087
0.146608 0.0705713 54 31.6844
0.148632 0.0680807 132 30.5661
0.151029 0.0655032 24 29.4089
0.152474 0.0640227 72 28.7442
0.153906 0.0626443 96 28.1254
0.15673 0.06006 48 26.9651
0.158123 0.0587701 48 26.386
0.160531 0.0570173 96 25.599
0.163577 0.0547741 72 24.5919
0.164913 0.0539773 96 24.2341
0.167552 0.0543059 6 24.3817
0.169502 0.0515471 192 23.1431
0.172283 0.0503303 72 22.5967
0.173974 0.0498205 96 22.3679
0.17523 0.049261 48 22.1167
0.178418 0.0483418 84 21.704
0.180167 0.0477443 120 21.4357
0.181741 0.0473495 80 21.2585
0.184179 0.0466504 144 20.9446
0.187328 0.0457347 24 20.5335
0.188867 0.0453476 150 20.3597
0.191267 0.044625 120 20.0352
0.193903 0.043779 168 19.6554
0.196472 0.042828 24 19.2285
0.198088 0.0422494 264 18.9687
0.199793 0.0415885 48 18.672
0.202698 0.0403855 144 18.1318
0.205919 0.0390497 72 17.5321
0.207757 0.0382462 180 17.1714
0.21056 0.0370332 246 16.6268
0.213587 0.0357915 72 16.0693
0.215528 0.0350354 240 15.7298
0.218352 0.033904 104 15.2219
0.219662 0.0334621 144 15.0234
0.223423 0.0321256 240 14.4234
0.22618 0.0312893 192 14.0479
0.228278 0.0307444 120 13.8033
0.231217 0.029947 246 13.4453
0.234628 0.0292456 288 13.1304
0.237806 0.0286181 156 12.8487
0.239714 0.0282887 216 12.7008
0.242607 0.027792 264 12.4778
0.245954 0.0272699 264 12.2434
0.248695 0.0268588 192 12.0588
0.252641 0.0262653 318 11.7923
0.255182 0.0258703 248 11.615
0.257969 0.0253899 336 11.3993
0.260901 0.024904 264 11.1811
0.263594 0.0244525 120 10.9784
0.266618 0.0238372 420 10.7022
0.269843 0.0232085 264 10.4199
0.273272 0.0226031 366 10.1481
0.275985 0.0220837 336 9.9149
0.280415 0.0212669 456 9.5482
0.283902 0.0206517 384 9.27199
0.287082 0.0201347 432 9.03984
0.291553 0.0194436 296 8.72958
0.29372 0.0191783 390 8.61045
0.297469 0.0186941 444 8.39309
0.301416 0.0182566 600 8.19665
0.304904 0.0178814 408 8.0282
0.308899 0.0174741 408 7.84535
0.311881 0.0172244 384 7.73322
0.316099 0.0168162 774 7.54996
0.320152 0.0164699 432 7.39447
0.323319 0.0161592 456 7.255
0.327249 0.0157778 620 7.08374
0.331125 0.0153944 600 6.91162
0.335425 0.0149969 582 6.73314
0.339086 0.0146537 576 6.57904
0.342966 0.0142457 768 6.39589
0.347538 0.0138486 744 6.21759
0.352007 0.0134452 648 6.03648
0.356145 0.013099 666 5.88105
0.360285 0.0128034 960 5.74833
0.365066 0.0124487 752 5.5891
0.368573 0.0122195 552 5.48618
0.372864 0.0119605 984 5.36991
0.378105 0.0116359 1062 5.22417
0.382338 0.011414 648 5.12452
0.386795 0.011142 1140 5.0024
0.391574 0.0108713 864 4.88087
0.396297 0.0105962 1062 4.75737
0.401127 0.0103328 968 4.63913
0.405513 0.0100827 1248 4.52682
0.410547 0.00980724 864 4.40315
0.41537 0.00955218 1404 4.28864
0.420644 0.00930275 1086 4.17665
0.425289 0.00909418 1272 4.08301
0.430681 0.00883836 1392 3.96815
0.436011 0.0086112 1376 3.86617
0.440941 0.00842577 1110 3.78291
0.446174 0.00822257 1740 3.69168
0.45185 0.0080128 1584 3.5975
0.457529 0.00779843 1368 3.50125
0.462665 0.0076154 1662 3.41908
0.467842 0.00744126 1536 3.3409
0.473473 0.00723488 1820 3.24824
0.479577 0.0070312 1902 3.15679
0.485197 0.00686099 1704 3.08037
0.490809 0.00668687 2040 3.0022
0.497084 0.00649798 2088 2.91739
0.503027 0.00634024 1842 2.84657
0.508843 0.00618287 2456 2.77592
0.51514 0.00602185 1968 2.70362
0.521205 0.0058649 2382 2.63316
0.527271 0.00572826 2352 2.57181
0.533802 0.00556641 2604 2.49915
0.539882 0.00542283 2280 2.43468
0.546709 0.00528353 2990 2.37214
0.553468 0.00514226 2880 2.30872
0.559954 0.00500166 2508 2.24559
0.566543 0.00487818 3126 2.19015
0.573496 0.00475065 3216 2.13289
0.580523 0.00461867 3032 2.07364
0.587241 0.00450463 3294 2.02244
0.594316 0.00438534 3540 1.96888
0.601466 0.00426346 3408 1.91416
0.609018 0.00414916 4014 1.86285
0.61634 0.0040413 3728 1.81442
0.623417 0.00392971 3588 1.76432
0.630695 0.00383408 4230 1.72138
0.638291 0.00372832 4176 1.6739
0.645683 0.00362879 4158 1.62922
0.653416 0.00353777 4652 1.58835
0.660988 0.00344293 4584 1.54577
0.669506 0.00333992 5454 1.49952
0.677708 0.00325099 4884 1.45959
0.685505 0.0031615 5000 1.41942
0.694 0.00307888 5934 1.38232
0.702333 0.00299149 5376 1.34309
0.710789 0.00291049 5898 1.30672
0.719251 0.00283261 6216 1.27176
0.727942 0.00275011 6104 1.23472
0.736661 0.00267806 6618 1.20237
0.745211 0.00260353 6480 1.16891
0.754127 0.00253395 6918 1.13766
0.762976 0.0024648 7304 1.10662
0.772239 0.00239296 7338 1.07437
0.781657 0.00233088 8376 1.04649
0.791082 0.00226085 7590 1.01505
0.800591 0.0021999 8780 0.987687
0.810283 0.00213549 8496 0.958771
0.820075 0.002078 9294 0.932957
0.829801 0.00201697 8828 0.905556
0.839624 0.00196346 9846 0.881534
0.849851 0.001905 10248 0.855288
0.860395 0.0018509 10626 0.830997
0.870624 0.00179636 10520 0.80651
0.880856 0.00174615 10902 0.783969
0.8914 0.00169668 11796 0.761757
0.902254 0.00164802 11894 0.739909
0.912774 0.00160181 12060 0.719165
0.923682 0.00155746 12942 0.69925
0.934704 0.00150899 13224 0.677489
0.946056 0.00146772 14042 0.658963
0.957461 0.00142207 14400 0.638468
0.969088 0.00138186 15054 0.620411
0.980756 0.00134038 15194 0.601787
0.992313 0.00130353 15768 0.585246
1.00427 0.00126328 16626 0.567173
1.0163 0.00122615 17168 0.550503
1.02842 0.00119141 17334 0.534907
1.04065 0.00115333 18564 0.517809
1.05325 0.00112193 19214 0.503711
1.06615 0.00108549 20298 0.487353
1.07882 0.00105436 19800 0.473377
1.09171 0.00102315 21434 0.459362
1.10469 0.000991295 21630 0.445061
1.1179 0.000962395 22976 0.432086
1.13133 0.000931706 23370 0.418307
1.14472 0.000903608 24240 0.405692
1.15877 0.000876577 26642 0.393556
1.17281 0.000849218 25518 0.381273
1.18671 0.000822598 27498 0.369321
1.20092 0.000798184 27944 0.35836
1.21541 0.000772743 29778 0.346938
1.23005 0.000747363 30158 0.335543
1.24487 0.000725333 32076 0.325652
1.25995 0.000702436 32430 0.315372
1.27496 0.000680378 33602 0.305469
1.29008 0.000658274 34584 0.295545
1.30561 0.000638324 36842 0.286588
1.32148 0.000618255 38070 0.277577
1.33731 0.000597976 38402 0.268473
1.35304 0.000578784 39600 0.259856
1.36931 0.00056025 42786 0.251535
1.38597 0.000542328 43754 0.243489
1.40251 0.000524901 44190 0.235664
1.41927 0.000507323 47042 0.227773
1.43629 0.000490658 48000 0.22029
1.45349 0.000475236 50210 0.213366
1.47092 0.000460014 51678 0.206532
1.48857 0.000443812 54050 0.199258
1.50651 0.000429287 56010 0.192736
1.5246 0.000415066 57782 0.186352
1.54296 0.000401012 60306 0.180042
1.5614 0.000387673 61244 0.174053
1.57996 0.000374731 64086 0.168243
1.59904 0.000362246 67706 0.162637
1.61841 0.000349942 69486 0.157113
1.63786 0.000337791 71426 0.151658
1.65727 0.000326614 72882 0.14664
1.67716 0.000315096 78230 0.141469
1.69752 0.000304063 80378 0.136515
1.71789 0.000293307 82242 0.131686
1.73855 0.000283446 86546 0.127259
1.75938 0.000273638 87750 0.122855
1.78034 0.000264433 91922 0.118722
1.80163 0.000254864 94890 0.114426
1.82321 0.000245735 99062 0.110327
1.84528 0.000237578 103898 0.106665
1.86742 0.000228786 105090 0.102718
1.88971 0.00022035 109874 0.0989304
1.91235 0.000212955 114110 0.0956103
1.93516 0.000205277 116850 0.0921633
1.95828 0.000198153 122672 0.0889644
1.98195 0.000190945 128874 0.0857286
2.00592 0.000184102 131714 0.0826563
2.02983 0.000177262 134822 0.0795853
2.05418 0.000170817 142866 0.0766918
2.07887 0.000164777 145514 0.0739796
2.10372 0.000159063 151880 0.0714144
2.12915 0.000152984 159746 0.0686853
2.15486 0.000147813 162858 0.0663635
2.18054 0.000142181 167474 0.0638351
2.20649 0.000137132 174110 0.0615678
2.23302 0.000132651 183336 0.0595562
2.25999 0.000127639 189146 0.057306
2.28711 0.000123504 194354 0.0554495
2.31452 0.000118885 202496 0.0533759
2.3423 0.00011485 209754 0.0515643
2.37031 0.000110788 215618 0.0497404
2.39862 0.000107219 224600 0.048138
2.42748 0.000103433 235370 0.046438
2.45668 9.9863e-05 240794 0.0448354
2.48608 9.7153e-05 250560 0.0436187
2.5159 9.37415e-05 259874 0.0420871
2.54615 9.09389e-05 270224 0.0408287
2.57673 8.79462e-05 278570 0.0394851
2.60767 8.5382e-05 290216 0.0383339
2.63893 8.30503e-05 298370 0.037287
2.67053 8.08735e-05 310928 0.0363097
2.70255 7.87496e-05 321522 0.0353562
2.73501 7.68841e-05 334640 0.0345186
2.76784 7.52156e-05 345302 0.0337695
2.80103 7.36892e-05 358736 0.0330842
2.83468 7.21586e-05 372320 0.032397
2.86869 7.11516e-05 384386 0.0319449
2.90306 7.01365e-05 398576 0.0314891
2.93788 6.93776e-05 414032 0.0311484
2.97314 6.89602e-05 428570 0.030961
3.00878 6.85582e-05 443420 0.0307805
3.04485 6.84715e-05 460880 0.0307416
3.08141 6.84091e-05 477608 0.0307136
3.11839 6.91296e-05 494666 0.0310371
3.15587 6.96687e-05 514172 0.0312791
3.19377 7.08145e-05 531200 0.0317935
3.23206 7.20119e-05 549944 0.0323311
3.27078 7.35428e-05 569924 0.0330185
3.31006 7.56143e-05 593642 0.0339485
3.34977 7.88814e-05 610856 0.0354153
3.38996 8.19289e-05 637756 0.0367835
3.43072 8.55367e-05 659240 0.0384033
3.47187 8.99671e-05 681752 0.0403924
3.51352 9.44845e-05 708404 0.0424206
3.55566 0.000100668 731720 0.0451969
3.59831 0.000107274 761324 0.0481627
3.64146 0.000114688 785624 0.0514914
3.68509 0.000123657 815932 0.0555182
3.72935 0.000134832 848150 0.0605354
3.77412 0.000147175 875876 0.0660772
3.81939 0.000160248 909872 0.0719465
3.86521 0.000176207 940708 0.0791117
3.91154 0.000193929 975368 0.0870683
3.95847 0.000216711 1012826 0.0972968
4.00597 0.000244423 1047892 0.109739
4.05405 0.000271268 1088600 0.121791
4.10276 0.000304447 1127762 0.136687
4.15198 0.000354167 1166140 0.15901
4.20175 0.000397294 1209440 0.178373
4.25218 0.000461493 1255802 0.207196
4.30322 0.000534372 1298860 0.239917
4.35482 0.000618392 1347110 0.277639
4.40705 0.000737038 1395124 0.330907
4.45993 0.00086626 1448666 0.388924
4.51349 0.00103379 1501036 0.46414
4.56763 0.00127381 1552442 0.571899
4.6224 0.00148005 1611310 0.664497
4.67785 0.0019624 1669244 0.881055
4.73396 0.00244497 1729786 1.09772
4.79079 0.00300034 1796522 1.34706
4.84827 0.00398588 1856476 1.78954
4.90642 0.00563008 1928050 2.52773
4.96533 0.00788889 1998290 3.54187
5.02487 0.011581 2065786 5.19953
5.0851 0.0181523 2145058 8.14982
5.14613 0.0312233 2224298 14.0183
5.20788 0.063964 2303434 28.7179
5.27036 0.170501 2388202 76.5495
5.33364 39.7471 2478599 17845.2
5.39744 0.000398188 2508700 0.178774
5.46211 0.000286114 2510380 0.128456
5.52769 0.000276146 2512288 0.123981
5.59404 0.000289874 2497276 0.130145
5.66113 0.000322472 2490536 0.14478
5.72904 0.000368087 2476432 0.16526
5.79779 0.000434448 2464036 0.195054
5.86736 0.000523247 2441572 0.234922
5.93771 0.000638163 2420164 0.286516
6.00892 0.000791351 2394628 0.355292
6.08102 0.000993485 2368624 0.446044
6.15399 0.00126644 2332204 0.568593
6.2278 0.00163425 2296528 0.733728
6.30252 0.00213993 2255452 0.960761
6.37813 0.00283906 2208364 1.27465
6.45461 0.00380932 2156872 1.71027
6.53204 0.00517908 2104512 2.32525
6.6104 0.00716403 2039548 3.21643
6.68969 0.0103213 1976956 4.63392
6.76993 0.014698 1900768 6.59894
6.85111 0.0224485 1825120 10.0787
6.93325 0.0335254 1737192 15.0519
7.01639 0.0562033 1649440 25.2335
7.10058 0.0953496 1549012 42.809
7.18569 0.172066 1441740 77.2522
7.27174 0.327693 1326940 147.124
7.35886 0.810631 1207764 363.948
7.44702 2.53805 1075156 1139.51
7.53611 14.5844 935664 6547.97
7.62659 741.931 801523 333104
7.71818 0.0030167 692322 1.3544
7.81076 0.00439571 599362 1.97354
7.90447 0.00668461 516300 3.00118
7.99927 0.0104215 441076 4.67895
8.09511 0.0168626 372798 7.57079
8.19203 0.0279562 311442 12.5515
8.2901 0.04814 255850 21.6134
8.3894 0.0872951 206196 39.1928
8.49004 0.168201 161820 75.5169
8.59152 0.342161 121362 153.62
8.69409 0.799459 88608 358.933
8.79786 2.08094 59292 934.277
8.90093 6.34533 35826 2848.86
9.00404 27.6667 19252 12421.5
9.10719 219.788 7314 98677.9
9.20136 7844.38 1158 3.52188e+06
9.28665 2.39191e+08 1 1.07389e+11
