# in Mpc/h Units 
# D1 = 0.122251 
# k P N P(z=0)
0.00628319 273.362 6 18290.9
0.00888577 329.633 12 22056.1
0.0108828 356.897 8 23880.4
0.0125664 371.949 6 24887.5
0.0140496 379.325 24 25381
0.0153906 383.32 24 25648.4
0.0177715 380.337 12 25448.8
0.0188496 378.533 30 25328
0.0198692 375.028 24 25093.5
0.020839 368.849 24 24680.1
0.0217656 362.546 8 24258.3
0.0226543 357.806 24 23941.2
0.0235095 352.096 48 23559.1
0.0251327 342.785 6 22936.1
0.0259062 333.462 48 22312.3
0.0266573 327.263 36 21897.5
0.0273878 321.795 24 21531.6
0.0280993 317.532 24 21246.4
0.0287932 311.886 48 20868.6
0.0294708 304.586 24 20380.2
0.0307812 290.967 24 19468.9
0.0314159 284.897 30 19062.8
0.0320381 282.023 72 18870.5
0.0326484 279.273 32 18686.5
0.033836 267.137 72 17874.4
0.0344144 263.261 48 17615.1
0.0355431 255.858 12 17119.8
0.0360942 251.716 48 16842.6
0.036637 247.567 48 16565
0.0371718 244.475 48 16358.1
0.0376991 239.526 30 16027
0.0382191 239.866 24 16049.7
0.0387322 233.76 72 15641.1
0.0397384 226.469 24 15153.3
0.040232 224.824 96 15043.2
0.0407197 221.167 48 14798.5
0.0412016 220.291 24 14739.9
0.0416779 217.607 24 14560.4
0.0421489 212.437 72 14214.4
0.0426146 209.84 48 14040.6
0.0435312 213.057 8 14255.8
0.0439823 207.18 54 13862.6
0.0444288 203.165 84 13594
0.0448709 200.938 48 13445
0.0453087 199.114 24 13322.9
0.0457423 196.928 72 13176.7
0.0461718 196.389 96 13140.6
0.0470191 191.786 48 12832.6
0.047437 188.977 48 12644.7
0.0478513 191.087 24 12785.9
0.0482621 187.548 72 12549
0.0490732 185.986 72 12444.5
0.0494739 182.869 96 12235.9
0.0502655 184.076 6 12316.7
0.0506567 181.827 96 12166.3
0.0510448 179.056 96 11980.8
0.0514301 176.031 24 11778.4
0.0518125 178.597 48 11950.1
0.0521921 176.749 96 11826.5
0.0525689 175.99 48 11775.7
0.0533146 173.19 36 11588.3
0.0536836 174.1 48 11649.2
0.05405 170.098 120 11381.4
0.054414 173.056 56 11579.4
0.0547755 169.118 24 11315.9
0.0551347 168.429 96 11269.7
0.0554916 167.728 48 11222.8
0.0561985 168.788 24 11293.8
0.0565487 166.036 102 11109.7
0.0568967 164.637 48 11016.1
0.0572425 164.02 72 10974.8
0.0575863 162.967 48 10904.3
0.0579281 165.04 48 11043
0.0582679 161.268 120 10790.6
0.0589415 161.564 24 10810.4
0.0592755 161.868 144 10830.8
0.0596075 159.568 120 10676.9
0.0599378 158.33 48 10594
0.0605928 159.102 48 10645.7
0.0609177 157.654 96 10548.8
0.0615624 157.236 24 10520.9
0.0618822 157.249 48 10521.7
0.0622004 157.889 108 10564.5
0.0625169 156.288 72 10457.4
0.0628319 155.84 30 10427.4
0.0631452 154.344 168 10327.3
0.0634571 153.119 48 10245.4
0.0640762 152.285 72 10189.5
0.0643835 153.087 96 10243.2
0.0646894 153.757 72 10288
0.0649938 151.754 72 10154
0.0652968 148.513 32 9937.15
0.0655984 149.533 72 10005.4
0.0658986 149.627 144 10011.7
0.0667912 145.093 96 9708.33
0.0670861 144.807 96 9689.2
0.0673797 146.393 48 9795.34
0.067672 147.194 72 9848.93
0.067963 145.868 120 9760.2
0.0682529 143.471 72 9599.77
0.0688288 145.766 48 9753.37
0.069115 144.144 78 9644.8
0.0694001 140.527 120 9402.81
0.0696839 144.389 48 9661.25
0.0702481 141.128 144 9443.03
0.0705286 140.327 144 9389.45
0.0710861 136.259 12 9117.22
0.0713633 139.618 144 9341.99
0.0716393 138.79 48 9286.61
0.0719926 137.645 168 9209.97
0.0724612 136.985 48 9165.83
0.0727331 136.334 168 9122.22
0.0734532 136.196 144 9112.99
0.0738107 132.722 96 8880.55
0.0740777 134.234 72 8981.74
0.0743437 131.426 48 8793.88
0.0746967 131.39 144 8791.46
0.0753982 129.642 30 8674.5
0.0758332 128.18 288 8576.64
0.0761796 126.367 56 8455.32
0.0766638 126.662 192 8475.07
0.076953 127.058 120 8501.58
0.0776339 125.362 216 8388.09
0.0779723 125.876 96 8422.49
0.078225 122.543 96 8199.46
0.0787281 121.144 72 8105.89
0.0789784 122.911 96 8224.14
0.0794767 124.379 24 8322.36
0.0798137 120.154 300 8039.64
0.0802183 118.98 24 7961.08
0.0805865 119.303 192 7982.69
0.0809532 117.607 120 7869.18
0.0814394 115.242 48 7710.95
0.0818379 115.837 222 7750.75
0.0821633 112.935 120 7556.59
0.0826125 113.258 192 7578.23
0.0828809 113.943 144 7624.04
0.0833559 108.458 24 7257.05
0.0837495 112.051 144 7497.46
0.0840633 110.978 120 7425.65
0.0844439 109.398 192 7319.93
0.0847648 108.552 144 7263.32
0.0852293 106.617 48 7133.84
0.0855594 105.708 336 7073.05
0.0859213 105.911 48 7086.62
0.0864252 104.519 240 6993.49
0.0870624 104.884 8 7017.93
0.0872888 103.408 48 6919.17
0.087579 101.57 336 6796.16
0.0881192 100.6 174 6731.23
0.0884123 100.806 120 6745.07
0.0889978 99.4083 228 6651.51
0.089427 96.6241 168 6465.22
0.0898883 96.3724 144 6448.38
0.0901807 95.7966 240 6409.86
0.0906174 98.5644 24 6595.05
0.090897 96.0166 336 6424.58
0.0913765 91.78 144 6141.1
0.0917922 93.9266 168 6284.73
0.0923436 91.9271 96 6150.94
0.0926754 90.7933 216 6075.08
0.0932651 90.2924 288 6041.56
0.0936174 89.8257 144 6010.33
0.0941969 87.9916 198 5887.61
0.094573 87.2118 216 5835.43
0.0950225 86.9915 168 5820.69
0.0952892 86.7639 240 5805.46
0.0958792 83.9972 168 5620.34
0.0962314 85.828 336 5742.84
0.0968099 82.9483 240 5550.16
0.097638 82.7904 276 5539.59
0.0981837 81.2587 344 5437.1
0.0985479 82.4082 144 5514.02
0.0990673 80.8464 240 5409.52
0.0994528 79.169 312 5297.28
0.100098 77.8761 240 5210.77
0.100531 79.0169 6 5287.11
0.100874 77.5655 384 5189.99
0.101448 77.3452 312 5175.25
0.101924 76.5298 168 5120.69
0.102421 75.5625 336 5055.97
0.102983 75.2664 336 5036.16
0.103243 75.0307 192 5020.38
0.103879 74.673 288 4996.45
0.104279 74.5809 216 4990.29
0.104705 75.0115 240 5019.1
0.105349 73.2799 384 4903.24
0.1057 71.5578 72 4788.01
0.106152 72.3668 336 4842.14
0.106914 70.1371 378 4692.95
0.107244 70.3366 144 4706.3
0.107631 70.5733 384 4722.14
0.10826 69.5653 384 4654.69
0.108777 69.4812 344 4649.06
0.10919 68.5924 144 4589.59
0.109816 68.6229 456 4591.63
0.110311 69.8591 312 4674.35
0.110746 68.7482 144 4600.02
0.111354 67.8747 552 4541.57
0.111965 68.2698 264 4568.01
0.112557 67.2125 264 4497.26
0.112926 66.4556 294 4446.62
0.113378 67.2335 432 4498.66
0.113986 65.6669 432 4393.84
0.114516 67.184 264 4495.35
0.114915 65.4896 192 4381.98
0.115567 65.6829 468 4394.91
0.116093 65.0185 552 4350.46
0.116705 65.6034 336 4389.59
0.117239 65.0678 288 4353.76
0.117777 63.8161 456 4270
0.118366 63.6396 432 4258.19
0.118788 62.4887 168 4181.19
0.119469 63.5632 566 4253.08
0.120077 63.7608 432 4266.31
0.120751 62.9425 432 4211.55
0.121153 62.1027 360 4155.36
0.121711 62.2695 624 4166.52
0.122203 61.1262 264 4090.02
0.122718 62.6232 360 4190.18
0.123453 61.4285 456 4110.25
0.123969 61.3345 504 4103.96
0.12467 60.863 564 4072.41
0.12526 60.4993 384 4048.08
0.125876 60.3843 462 4040.38
0.126429 60.5752 624 4053.15
0.127121 60.1828 432 4026.9
0.127677 59.565 624 3985.56
0.128318 59.1433 312 3957.34
0.128807 59.1588 552 3958.38
0.129504 58.5704 408 3919.01
0.129878 58.6349 600 3923.33
0.130701 58.7603 608 3931.72
0.131297 57.5868 504 3853.2
0.131933 57.1086 510 3821.2
0.13258 56.977 600 3812.39
0.133214 56.3883 492 3773
0.133672 55.8234 552 3735.2
0.134446 56.1195 696 3755.02
0.13492 54.8664 504 3671.17
0.135589 55.4074 528 3707.37
0.136149 55.3233 624 3701.74
0.136788 54.2391 504 3629.2
0.137489 53.8606 552 3603.87
0.138157 53.3304 654 3568.39
0.138792 53.247 840 3562.82
0.139482 51.8804 744 3471.37
0.140148 52.4377 456 3508.66
0.140735 51.4877 648 3445.1
0.141506 50.8751 896 3404.11
0.142105 51.5207 396 3447.31
0.142726 49.8359 816 3334.57
0.14348 49.3711 672 3303.47
0.144008 48.7176 552 3259.75
0.14474 48.4979 894 3245.05
0.145447 48.1283 672 3220.32
0.146112 47.6206 624 3186.35
0.146784 47.3149 888 3165.89
0.147376 46.683 720 3123.61
0.148179 46.346 936 3101.06
0.148977 44.9372 648 3006.79
0.149637 44.7676 936 2995.45
0.150285 44.3765 696 2969.28
0.151106 43.2936 618 2896.82
0.151697 43.3613 1008 2901.35
0.15237 42.5367 872 2846.18
0.153147 42.2388 960 2826.25
0.153934 42.2797 888 2828.98
0.154569 41.248 648 2759.95
0.155288 41.2361 840 2759.15
0.155941 40.4819 912 2708.68
0.156682 40.2257 774 2691.54
0.157451 39.9319 1272 2671.89
0.158249 39.6799 912 2655.03
0.159019 38.6239 864 2584.36
0.159745 38.4809 924 2574.8
0.160428 38.1966 1080 2555.77
0.161255 37.357 1008 2499.6
0.161989 37.3652 1128 2500.14
0.162879 37.475 768 2507.49
0.1635 37.0909 1046 2481.79
0.164304 36.8392 1152 2464.95
0.16512 36.155 1272 2419.17
0.165918 35.4363 912 2371.08
0.166638 35.6873 1200 2387.87
0.167465 34.7188 1080 2323.07
0.1681 35.3256 840 2363.67
0.169017 34.7597 1332 2325.81
0.169783 34.7553 1062 2325.52
0.170536 34.4301 1320 2303.76
0.17142 33.8735 1248 2266.51
0.172167 34.2576 1104 2292.21
0.173001 33.8119 1392 2262.39
0.173739 33.3717 776 2232.94
0.174601 33.2237 1728 2223.03
0.175449 33.0531 1224 2211.62
0.17633 33.1906 1254 2220.82
0.177179 32.7475 1368 2191.17
0.177982 32.1301 1236 2149.86
0.178748 32.6657 1608 2185.7
0.179662 32.0911 1008 2147.25
0.180329 31.9012 1488 2134.54
0.181298 31.4196 1440 2102.32
0.182161 31.707 1158 2121.55
0.182962 31.832 1824 2129.91
0.183819 31.4668 1464 2105.48
0.184763 30.9879 1448 2073.43
0.18557 31.2996 1560 2094.29
0.186484 30.8433 1428 2063.76
0.187347 30.9058 1680 2067.94
0.188277 30.8703 1494 2065.57
0.189164 30.2307 1944 2022.77
0.190083 30.1986 1368 2020.62
0.190912 29.4583 1584 1971.09
0.191791 29.9676 1776 2005.17
0.192627 29.2151 1440 1954.81
0.19355 29.2862 1968 1959.57
0.194476 29.3558 1374 1964.23
0.195383 29.2821 2100 1959.29
0.196314 28.5428 1640 1909.83
0.19731 28.4175 2496 1901.45
0.198246 28.4686 1248 1904.86
0.198969 28.0544 1512 1877.15
0.200004 27.7774 2280 1858.61
0.200981 27.5374 1926 1842.56
0.201907 26.9585 2064 1803.82
0.202923 27.0558 1920 1810.33
0.203766 26.7988 1944 1793.14
0.204817 26.2852 2172 1758.77
0.205802 26.0603 2256 1743.73
0.206744 25.992 1736 1739.15
0.207695 25.795 2094 1725.97
0.208661 25.3985 2328 1699.44
0.209635 25.3423 2256 1695.68
0.210605 24.7035 1920 1652.94
0.211552 24.5789 2520 1644.6
0.212598 24.4895 2088 1638.62
0.213716 24.0991 2634 1612.5
0.214685 24.0671 2328 1610.35
0.215636 23.2696 2304 1557
0.2167 23.048 2568 1542.17
0.217712 22.958 2024 1536.14
0.21856 22.4272 2352 1500.63
0.21964 22.3806 2718 1497.51
0.220689 22.3652 2520 1496.48
0.221792 21.7027 2772 1452.15
0.222806 21.9058 2640 1465.74
0.223891 21.3286 2880 1427.12
0.224992 21.5363 2448 1441.02
0.225967 21.0344 2478 1407.43
0.226978 20.9312 2904 1400.53
0.228073 20.6904 2816 1384.42
0.229091 20.4908 3024 1371.06
0.230305 20.3715 2952 1363.08
0.231358 19.9232 2796 1333.08
0.232405 20.0419 2982 1341.03
0.23355 19.9654 3312 1335.91
0.234601 19.7299 2688 1320.15
0.235688 19.4853 3144 1303.79
0.236855 19.2634 3672 1288.93
0.237877 19.1879 2328 1283.88
0.239086 19.1075 4046 1278.5
0.240233 18.9432 2844 1267.51
0.241291 18.8937 3600 1264.2
0.242431 18.8992 3264 1264.56
0.243572 18.4983 3288 1237.74
0.244685 18.4182 3198 1232.38
0.245798 18.3319 3864 1226.61
0.246976 18.4608 3456 1235.23
0.248127 18.0842 3744 1210.03
0.24936 17.7249 3876 1185.99
0.250523 17.8374 3392 1193.52
0.251669 17.8715 3918 1195.8
0.252872 17.6136 3864 1178.55
0.254083 17.5336 4104 1173.19
0.255199 17.3902 3480 1163.6
0.256387 17.1888 4080 1150.12
0.257664 17.0473 4170 1140.65
0.258855 17.0258 4176 1139.22
0.26008 16.8322 4560 1126.26
0.261336 16.6894 3656 1116.71
0.262469 16.4468 4344 1100.48
0.263809 16.3278 4830 1092.51
0.265071 16.3152 4416 1091.67
0.266256 16.2196 3876 1085.27
0.267421 15.7638 4752 1054.77
0.268761 15.6502 4968 1047.17
0.2701 15.465 4494 1034.78
0.27124 15.4006 4200 1030.47
0.272568 15.3471 5792 1026.89
0.273851 15.0614 4224 1007.78
0.275155 14.8703 5220 994.991
0.276427 14.9046 4590 997.28
0.277657 14.512 5328 971.014
0.27902 14.5042 5304 970.489
0.280352 14.2603 5040 954.173
0.281565 14.0891 4920 942.717
0.282918 13.8654 5750 927.746
0.284302 13.8852 5388 929.074
0.285589 13.7537 5784 920.272
0.286971 13.6186 5400 911.236
0.288304 13.3596 5640 893.904
0.289695 13.2135 5934 884.132
0.291035 13.1548 6120 880.205
0.292425 12.8249 5544 858.13
0.293779 12.8876 6164 862.325
0.295153 12.9068 5838 863.605
0.296461 12.7308 6144 851.831
0.297907 12.5545 6288 840.034
0.299258 12.4678 6576 834.235
0.300748 12.0749 6504 807.944
0.302188 12.1766 6594 814.747
0.30361 12.0279 7008 804.8
0.305003 11.9843 6200 801.88
0.306412 11.8961 6768 795.978
0.307876 11.8567 7182 793.343
0.309298 11.7512 6864 786.287
0.310761 11.5935 7308 775.731
0.312204 11.5958 6744 775.889
0.313652 11.4871 7686 768.616
0.315175 11.4726 7280 767.643
0.31662 11.4242 7920 764.408
0.318151 11.2824 7560 754.916
0.319599 10.9884 6948 735.248
0.321058 10.9213 8430 730.755
0.322645 10.8184 8328 723.872
0.324166 10.8363 7824 725.071
0.32568 10.7149 8160 716.945
0.327167 10.5854 8030 708.281
0.328774 10.5731 9372 707.455
0.330313 10.3962 7968 695.618
0.331826 10.331 8568 691.257
0.333427 10.2957 8934 688.897
0.334947 10.1052 8952 676.148
0.336524 9.98767 8880 668.285
0.338146 9.82079 9548 657.119
0.339739 9.82586 9126 657.459
0.341313 9.68268 9384 647.878
0.342874 9.55451 9288 639.302
0.344468 9.54906 9792 638.938
0.346116 9.44746 9570 632.14
0.34771 9.27996 10376 620.932
0.349362 9.12997 10152 610.896
0.351033 9.23042 9960 617.618
0.352646 9.03436 10782 604.499
0.354377 8.96223 10992 599.673
0.356063 8.89715 10452 595.318
0.357696 8.70909 10806 582.734
0.359426 8.71881 11312 583.385
0.361079 8.5959 11112 575.161
0.362754 8.46772 10848 566.584
0.364449 8.3931 11394 561.591
0.366133 8.35136 11952 558.798
0.367846 8.30248 11352 555.528
0.369601 8.17598 12584 547.064
0.371397 8.08391 12390 540.903
0.373143 8.07103 12252 540.041
0.374848 8.03083 12240 537.351
0.37663 7.88968 12486 527.907
0.378363 7.87998 13080 527.258
0.380139 7.81583 12968 522.966
0.381916 7.65034 12612 511.892
0.38369 7.68932 13974 514.5
0.385541 7.58949 13944 507.821
0.387327 7.46226 12840 499.308
0.3891 7.46944 14358 499.789
0.390994 7.35295 14588 491.994
0.392843 7.27091 14688 486.504
0.394661 7.16557 13560 479.456
0.396505 7.16029 15582 479.103
0.398367 7.04026 14544 471.071
0.400233 7.00134 15420 468.467
0.402152 6.90162 15614 461.795
0.40399 6.89995 14880 461.683
0.405874 6.81177 16728 455.783
0.407843 6.73055 15690 450.348
0.409716 6.62957 16248 443.592
0.411602 6.65731 16584 445.447
0.413596 6.51554 16904 435.962
0.415548 6.42782 17430 430.092
0.417499 6.3738 16908 426.478
0.419429 6.32527 17640 423.23
0.421439 6.27549 17550 419.9
0.4234 6.16182 18696 412.294
0.425408 6.0987 17792 408.071
0.42739 6.04242 18138 404.305
0.42937 6.01999 19392 402.804
0.431414 5.87426 18768 393.053
0.433421 5.95757 19038 398.627
0.435438 5.85283 19460 391.619
0.437444 5.83359 19992 390.332
0.4396 5.70937 21174 382.02
0.441671 5.62982 20040 376.697
0.443727 5.61454 20628 375.675
0.445802 5.55007 20798 371.361
0.447878 5.55094 21480 371.42
0.449991 5.44703 21792 364.466
0.452114 5.40414 21414 361.597
0.454235 5.37324 23100 359.529
0.456374 5.27713 21992 353.098
0.458534 5.23318 23406 350.158
0.460666 5.24943 22536 351.245
0.46284 5.10644 24348 341.677
0.465042 5.12187 23598 342.71
0.467214 5.03322 24224 336.778
0.469406 4.99269 24648 334.066
0.471626 4.93802 24618 330.408
0.473743 4.91686 24192 328.992
0.475977 4.83739 26208 323.675
0.478226 4.79865 25790 321.083
0.480485 4.76334 26916 318.72
0.482752 4.67504 26214 312.812
0.485019 4.67155 27528 312.578
0.487306 4.56389 27720 305.375
0.48961 4.53661 27122 303.549
0.491868 4.46936 28632 299.05
0.494198 4.44967 28680 297.732
0.496522 4.44048 28722 297.117
0.498833 4.35161 30000 291.171
0.501204 4.35408 29408 291.336
0.50355 4.27493 30678 286.04
0.505916 4.22701 30660 282.834
0.508313 4.18425 31494 279.972
0.510704 4.13863 31448 276.92
0.513084 4.09008 32160 273.672
0.515543 4.07588 33090 272.722
0.51795 4.02539 32664 269.343
0.520364 3.99558 32718 267.349
0.522793 3.96818 34472 265.515
0.52526 3.9166 34260 262.064
0.527713 3.88442 34302 259.911
0.530156 3.84859 35472 257.514
0.532669 3.79969 36020 254.242
0.535188 3.73297 36942 249.777
0.5377 3.70066 36360 247.615
0.540241 3.66734 38166 245.386
0.542756 3.63899 36804 243.489
0.545284 3.5828 38864 239.729
0.54787 3.56192 39366 238.332
0.550466 3.53459 40068 236.503
0.553028 3.49353 38910 233.756
0.555606 3.45707 41360 231.316
0.558224 3.41504 40782 228.504
0.56083 3.39347 42204 227.061
0.56345 3.34363 41544 223.726
0.566114 3.3211 44510 222.219
0.568794 3.274 42948 219.067
0.57145 3.24901 44478 217.394
0.574166 3.21983 46032 215.443
0.576877 3.18803 44402 213.314
0.57954 3.15464 46320 211.08
0.582264 3.13295 46848 209.629
0.585017 3.08718 47814 206.567
0.587762 3.04941 48260 204.04
0.590569 3.00373 49758 200.983
0.593327 2.99255 49032 200.234
0.596104 2.94049 49770 196.751
0.598885 2.93217 51056 196.195
0.601688 2.88791 51504 193.233
0.60453 2.8619 52866 191.492
0.607362 2.84399 52848 190.294
0.610229 2.78821 54542 186.562
0.613094 2.78165 54276 186.123
0.615957 2.76126 55062 184.759
0.618839 2.71756 56568 181.835
0.62177 2.66736 57266 178.476
0.624688 2.65887 58056 177.908
0.627616 2.62661 57750 175.749
0.630554 2.6007 60380 174.015
0.633541 2.58635 60390 173.055
0.63652 2.5492 61608 170.57
0.639512 2.52297 61362 168.814
0.64251 2.49841 63752 167.171
0.64554 2.48741 63528 166.435
0.648554 2.44867 64050 163.843
0.651549 2.4181 64784 161.798
0.654649 2.39343 68814 160.147
0.657741 2.36146 66156 158.008
0.66081 2.35409 68718 157.515
0.663899 2.32935 69104 155.859
0.667047 2.28995 71682 153.223
0.670183 2.28109 70512 152.63
0.673306 2.24313 72278 150.091
0.676483 2.21735 74532 148.365
0.679687 2.18291 74454 146.061
0.682871 2.16849 75540 145.096
0.686079 2.1598 76526 144.515
0.689314 2.11633 78648 141.606
0.692548 2.11147 77370 141.281
0.695723 2.07706 78272 138.978
0.698997 2.06086 82710 137.894
0.702314 2.03032 82146 135.851
0.705609 2.0099 83712 134.485
0.708938 1.99414 84710 133.43
0.712273 1.96259 86172 131.319
0.715624 1.9482 86406 130.356
0.718964 1.92949 88244 129.104
0.722353 1.9023 89670 127.285
0.725741 1.88464 90792 126.104
0.729184 1.87434 93194 125.414
0.732605 1.83237 92352 122.606
0.736035 1.826 94914 122.18
0.739481 1.80004 95504 120.443
0.742951 1.79392 97230 120.033
0.746441 1.76495 98802 118.094
0.749957 1.74526 100952 116.778
0.753469 1.72649 99990 115.521
0.756983 1.7134 103356 114.646
0.760565 1.69606 105014 113.485
0.764149 1.67163 106548 111.851
0.767736 1.65233 106302 110.559
0.771306 1.64033 108002 109.756
0.774926 1.61833 111696 108.284
0.778598 1.60014 112158 107.067
0.782245 1.58182 113300 105.841
0.785923 1.56946 115302 105.015
0.789616 1.54253 117396 103.212
0.793312 1.54052 117158 103.078
0.797042 1.51291 121470 101.23
0.800776 1.49761 120660 100.207
0.804553 1.49158 125030 99.8029
0.808343 1.46763 125388 98.2005
0.812158 1.45402 128094 97.2897
0.815959 1.42961 127058 95.6568
0.819781 1.41604 132336 94.749
0.823648 1.3947 132006 93.3212
0.827505 1.38684 134162 92.7952
0.8314 1.36331 137760 91.2202
0.835324 1.35784 137802 90.8542
0.839214 1.33395 139016 89.2562
0.843171 1.32703 144354 88.7927
0.847141 1.31725 142814 88.1386
0.851084 1.29477 145932 86.6343
0.855081 1.28551 148206 86.0151
0.859091 1.26684 150566 84.7655
0.863128 1.25308 152820 83.8447
0.867194 1.24125 155142 83.0537
0.87127 1.22701 157220 82.1008
0.875368 1.20798 159198 80.8271
0.879473 1.19496 160994 79.956
0.883606 1.18291 164544 79.1498
0.887753 1.17053 165282 78.3214
0.891919 1.16081 168350 77.6714
0.896109 1.14801 171660 76.8144
0.900336 1.12894 173622 75.5383
0.904563 1.12023 175034 74.956
0.908805 1.10627 178512 74.0218
0.913051 1.0962 178646 73.3479
0.917348 1.08234 185466 72.4205
0.921672 1.06946 185382 71.559
0.925992 1.06141 188252 71.0202
0.930354 1.05111 192126 70.3312
0.93473 1.03082 193562 68.973
0.939107 1.02411 196176 68.5246
0.943526 1.01454 200130 67.8837
0.947959 1.00062 201326 66.9528
0.952394 0.982792 204972 65.7597
0.956874 0.973707 208406 65.1518
0.961345 0.965267 208362 64.587
0.965874 0.952771 217662 63.7509
0.970451 0.945968 217124 63.2958
0.974982 0.929851 217446 62.2173
0.979556 0.919296 224690 61.5111
0.984147 0.909561 224058 60.8597
0.988771 0.900959 231848 60.2841
0.993453 0.89019 233994 59.5636
0.998112 0.879762 234198 58.8658
1.00278 0.866443 239708 57.9746
1.00751 0.859408 243630 57.5039
1.01226 0.848635 247010 56.7831
1.01699 0.839288 246414 56.1576
1.02174 0.829576 253772 55.5078
1.02654 0.822755 256902 55.0514
1.03137 0.811423 261066 54.2931
1.03624 0.801768 265958 53.6471
1.0411 0.793207 265098 53.0743
1.04596 0.781521 271424 52.2924
1.05088 0.773354 276858 51.746
1.05585 0.763994 281186 51.1197
1.06082 0.753993 282918 50.4505
1.06577 0.745801 285146 49.9023
1.07077 0.738369 293280 49.4051
1.07581 0.728657 294602 48.7552
1.08087 0.720634 301278 48.2184
1.08595 0.712936 302954 47.7033
1.09104 0.702609 307674 47.0123
1.09614 0.693609 310560 46.4101
1.1013 0.689882 320834 46.1608
1.1065 0.681191 321582 45.5792
1.1117 0.670824 325226 44.8855
1.11691 0.663478 331422 44.394
1.12216 0.653829 335066 43.7484
1.12744 0.649415 341340 43.453
1.13272 0.641507 342038 42.9239
1.13803 0.631328 351354 42.2428
1.14339 0.625525 355478 41.8545
1.14877 0.621027 360066 41.5536
1.15416 0.606376 364634 40.5733
1.15957 0.603592 369072 40.387
1.16503 0.594979 377642 39.8107
1.17053 0.589167 382074 39.4218
1.17602 0.58128 384014 38.894
1.18154 0.574882 393066 38.466
1.18707 0.569392 393950 38.0986
1.19264 0.561852 404154 37.5941
1.19826 0.555249 409178 37.1523
1.20388 0.547392 413334 36.6266
1.20954 0.542965 421196 36.3304
1.21521 0.534768 422658 35.7819
1.22091 0.527733 434990 35.3112
1.22666 0.521347 437442 34.8839
1.23241 0.516095 443066 34.5325
1.2382 0.508493 452150 34.0238
1.24401 0.503239 455538 33.6722
1.24985 0.497937 463382 33.3175
1.25571 0.49146 468666 32.8841
1.26162 0.486534 479642 32.5545
1.26756 0.480663 482814 32.1617
1.2735 0.474803 489386 31.7696
1.27948 0.46798 498642 31.313
1.2855 0.462894 503450 30.9727
1.29154 0.457745 512838 30.6282
1.29761 0.452329 517586 30.2658
1.30369 0.445044 524372 29.7784
1.3098 0.439155 534270 29.3843
1.31596 0.435968 540386 29.1711
1.32215 0.429677 550938 28.7501
1.32836 0.425037 554270 28.4397
1.33459 0.419473 564978 28.0674
1.34087 0.415068 574370 27.7726
1.34718 0.409342 579614 27.3895
1.3535 0.403623 587778 27.0069
1.35985 0.399338 596978 26.7201
1.36624 0.394927 606570 26.425
1.37267 0.389416 613982 26.0563
1.37911 0.384883 621200 25.753
1.38558 0.380251 631386 25.443
1.39208 0.37619 640418 25.1713
1.39864 0.372318 651870 24.9122
1.40521 0.366446 657770 24.5193
1.4118 0.363023 667082 24.2903
1.41842 0.358025 675810 23.9559
1.42509 0.353109 689318 23.6269
1.4318 0.349395 698754 23.3784
1.43854 0.344181 706922 23.0295
1.44529 0.340071 715562 22.7545
1.45208 0.337702 727662 22.596
1.45889 0.332203 734426 22.228
1.46572 0.328066 745746 21.9512
1.4726 0.325223 759698 21.761
1.47952 0.3201 768140 21.4182
1.48647 0.316594 778770 21.1836
1.49347 0.313111 795842 20.9506
1.50049 0.308995 799442 20.6752
1.50754 0.304934 816042 20.4035
1.51462 0.30181 822038 20.1944
1.52173 0.298392 837722 19.9657
1.52887 0.29375 846330 19.6551
1.53605 0.289831 860768 19.3929
1.54327 0.288225 873722 19.2855
1.55052 0.283758 885438 18.9866
1.55781 0.280034 898730 18.7374
1.56513 0.276624 908402 18.5092
1.57247 0.273958 923226 18.3308
1.57985 0.26987 933944 18.0573
1.58727 0.268112 949730 17.9397
1.59472 0.263537 961278 17.6335
1.60222 0.261445 981218 17.4936
1.60976 0.257551 989186 17.233
1.6173 0.255152 1001016 17.0725
1.62489 0.251891 1019138 16.8543
1.63253 0.248849 1032842 16.6507
1.64019 0.2456 1045394 16.4334
1.6479 0.242724 1066230 16.2409
1.65565 0.239553 1075496 16.0287
1.66341 0.237395 1090154 15.8843
1.67122 0.234894 1110378 15.717
1.67908 0.231567 1124666 15.4944
1.68697 0.229079 1139624 15.3279
1.6949 0.226479 1157114 15.154
1.70286 0.223704 1171434 14.9683
1.71085 0.221392 1188494 14.8136
1.71889 0.218767 1205504 14.638
1.72697 0.215642 1226594 14.4289
1.73508 0.213652 1235562 14.2957
1.74322 0.21114 1259120 14.1276
1.75141 0.209062 1274498 13.9886
1.75964 0.205757 1295594 13.7674
1.76791 0.203922 1308312 13.6447
1.77621 0.201464 1333922 13.4802
1.78456 0.19958 1348418 13.3541
1.79294 0.196745 1366112 13.1644
1.80136 0.195143 1389738 13.0573
1.80982 0.192355 1407458 12.8707
1.81832 0.190949 1426520 12.7766
1.82687 0.188896 1448810 12.6392
1.83545 0.186564 1465802 12.4832
1.84406 0.184713 1488456 12.3594
1.85272 0.182951 1510766 12.2414
1.86142 0.180227 1528298 12.0592
1.87016 0.178824 1552784 11.9653
1.87895 0.177101 1579538 11.85
1.88779 0.175225 1595784 11.7245
1.89665 0.173146 1619930 11.5854
1.90555 0.171174 1637186 11.4534
1.91449 0.169898 1669616 11.3681
1.9235 0.167837 1691834 11.2301
1.93253 0.166517 1706952 11.1418
1.94159 0.16438 1739630 10.9988
1.95073 0.163036 1765064 10.9089
1.95988 0.161667 1783538 10.8173
1.9691 0.15983 1817480 10.6944
1.97835 0.158299 1837034 10.5919
1.98765 0.15705 1866512 10.5084
1.99698 0.155381 1888242 10.3967
2.00636 0.154273 1917056 10.3225
2.01577 0.153001 1941554 10.2375
2.02525 0.151155 1978040 10.1139
2.03477 0.15008 1997426 10.042
2.04433 0.148734 2029256 9.95198
2.05393 0.147248 2056370 9.85251
2.06357 0.146127 2084000 9.77752
2.07326 0.14509 2117778 9.7081
2.083 0.143738 2143952 9.61766
2.09278 0.142817 2175614 9.55604
2.10261 0.141733 2206400 9.48349
2.11248 0.140493 2233970 9.40055
2.12241 0.139353 2276456 9.32423
2.13239 0.138541 2301848 9.26996
2.1424 0.137563 2332922 9.20445
2.15246 0.136689 2366960 9.14601
2.16256 0.135397 2397698 9.05956
2.17272 0.134656 2436644 9.00999
2.18293 0.133942 2472608 8.96221
2.19319 0.133236 2503050 8.91499
2.20348 0.132291 2535392 8.85172
2.21383 0.131396 2581088 8.79187
2.22424 0.130825 2612762 8.75363
2.23469 0.130124 2647964 8.70675
2.24518 0.129512 2687216 8.66578
2.25573 0.12856 2724434 8.60208
2.26633 0.12815 2765840 8.57467
2.27697 0.12762 2798504 8.53918
2.28766 0.126986 2841326 8.49679
2.29841 0.126522 2886128 8.46572
2.30921 0.126141 2920808 8.44025
2.32005 0.125436 2967536 8.39304
2.33094 0.125283 3000674 8.38281
2.34188 0.124803 3050324 8.35071
2.35289 0.124321 3094664 8.31847
2.36395 0.124065 3136016 8.30133
2.37505 0.123749 3179546 8.28018
2.38621 0.123413 3227060 8.25773
2.39742 0.123332 3271832 8.25225
2.40868 0.123091 3315440 8.23618
2.41998 0.122985 3363800 8.22905
2.43135 0.123102 3414158 8.23688
2.44278 0.122961 3459752 8.22742
2.45425 0.12285 3508864 8.21999
2.46578 0.122883 3560804 8.2222
2.47736 0.123015 3608912 8.23108
2.489 0.122832 3660608 8.21881
2.50068 0.122992 3707846 8.22952
2.51243 0.123399 3769664 8.25677
2.52424 0.123473 3822920 8.26172
2.53609 0.123706 3863564 8.27731
2.548 0.123904 3930704 8.29057
2.55998 0.12429 3986168 8.31638
2.572 0.124855 4034228 8.35418
2.58406 0.124977 4090816 8.36233
2.5962 0.125796 4160360 8.41716
2.60841 0.125989 4213436 8.43006
2.62066 0.126633 4270976 8.47315
2.63296 0.127243 4332308 8.51396
2.64533 0.127943 4395896 8.56082
2.65775 0.12858 4454378 8.60343
2.67023 0.129273 4517036 8.64976
2.68278 0.130151 4588552 8.70852
2.69539 0.131105 4651316 8.77234
2.70805 0.131992 4711190 8.83175
2.72076 0.133033 4782704 8.9014
2.73355 0.133989 4849964 8.96533
2.74639 0.135295 4917080 9.05273
2.75928 0.136377 4985260 9.12514
2.77224 0.137596 5060456 9.20667
2.78527 0.139068 5127788 9.30519
2.79835 0.140245 5201672 9.38396
2.81149 0.14176 5278196 9.48529
2.8247 0.143483 5350384 9.60058
2.83797 0.144571 5423492 9.67338
2.8513 0.146214 5504720 9.78335
2.86469 0.148225 5581268 9.91791
2.87815 0.150099 5659270 10.0433
2.89166 0.152354 5736332 10.1942
2.90524 0.153901 5823104 10.2977
2.91889 0.156333 5909900 10.4604
2.93261 0.158164 5986168 10.5829
2.94637 0.160578 6064034 10.7445
2.96021 0.163217 6162248 10.921
2.97412 0.165592 6249932 11.08
2.9881 0.167746 6331588 11.224
3.00213 0.170618 6424736 11.4163
3.01623 0.173666 6515066 11.6202
3.0304 0.176829 6607552 11.8318
3.04463 0.179581 6691412 12.0159
3.05892 0.182709 6796676 12.2252
3.0733 0.186335 6894838 12.4679
3.08773 0.189917 6983324 12.7075
3.10224 0.193536 7094120 12.9497
3.11681 0.197619 7182634 13.2229
3.13145 0.201563 7295588 13.4868
3.14616 0.205484 7389992 13.7492
3.16094 0.210148 7499434 14.0613
3.17579 0.21475 7606244 14.3692
3.1907 0.219046 7703654 14.6566
3.20568 0.225227 7823908 15.0702
3.22074 0.229705 7933148 15.3698
3.23587 0.235213 8035210 15.7383
3.25107 0.241349 8168648 16.1489
3.26635 0.246215 8270402 16.4745
3.28169 0.253145 8396284 16.9382
3.2971 0.258277 8496608 17.2816
3.31258 0.266773 8636482 17.8501
3.32814 0.272392 8744780 18.226
3.34377 0.281252 8878274 18.8189
3.35948 0.287683 8998288 19.2492
3.37526 0.297172 9127058 19.8841
3.39111 0.303794 9258676 20.3272
3.40704 0.314529 9394994 21.0455
3.42305 0.3222 9518530 21.5588
3.43912 0.333157 9652352 22.2919
3.45528 0.342805 9800506 22.9375
3.47151 0.354332 9929156 23.7088
3.48782 0.365574 10079002 24.461
3.5042 0.375611 10202930 25.1325
3.52065 0.390735 10362148 26.1445
3.53719 0.402031 10508450 26.9003
3.5538 0.414593 10647784 27.7408
3.5705 0.431104 10817954 28.8456
3.58727 0.445311 10950034 29.7962
3.60411 0.460439 11116484 30.8085
3.62105 0.47925 11277610 32.0672
3.63806 0.496369 11430154 33.2126
3.65514 0.513389 11580074 34.3514
3.6723 0.534324 11759140 35.7522
3.68955 0.556687 11924378 37.2485
3.70689 0.576561 12099850 38.5783
3.7243 0.598086 12260050 40.0186
3.7418 0.624067 12439484 41.757
3.75937 0.653093 12606226 43.6991
3.77703 0.678335 12800474 45.3881
3.79477 0.705327 12964258 47.1942
3.81259 0.735235 13155874 49.1953
3.8305 0.764963 13345394 51.1845
3.84849 0.803701 13525540 53.7765
3.86657 0.841246 13730122 56.2887
3.88473 0.879931 13917890 58.8771
3.90298 0.915387 14114938 61.2495
3.92131 0.960592 14316682 64.2742
3.93974 1.00653 14520626 67.348
3.95824 1.05582 14708962 70.6458
3.97682 1.1073 14936002 74.0904
3.9955 1.16079 15141986 77.6698
4.01428 1.2207 15366994 81.6781
4.03313 1.28129 15563242 85.7322
4.05207 1.34336 15794614 89.8855
4.07111 1.41804 16021226 94.8829
4.09023 1.4922 16238338 99.845
4.10944 1.56943 16476706 105.012
4.12874 1.65738 16717282 110.897
4.14814 1.74832 16935730 116.982
4.16762 1.83638 17183270 122.874
4.18719 1.93017 17431546 129.15
4.20686 2.05781 17672128 137.69
4.22662 2.17927 17929450 145.818
4.24648 2.30204 18181246 154.032
4.26643 2.42003 18436154 161.927
4.28646 2.54805 18688066 170.492
4.30659 2.68134 18966160 179.411
4.32682 2.90532 19228342 194.398
4.34714 3.03796 19497994 203.273
4.36756 3.18499 19789402 213.111
4.38808 3.35093 20048224 224.214
4.40868 3.65672 20340694 244.675
4.42939 3.79428 20631698 253.879
4.4502 3.9568 20920738 264.754
4.4711 4.30731 21224764 288.207
4.49211 4.49879 21524794 301.019
4.51321 4.63078 21819694 309.85
4.53441 5.1278 22136776 343.107
4.55571 5.21401 22446490 348.875
4.5771 5.57465 22753708 373.006
4.5986 5.86365 23092930 392.343
4.6202 6.01476 23405020 402.454
4.6419 6.6106 23744914 442.322
4.66371 6.47454 24090094 433.218
4.68561 7.27425 24416584 486.728
4.70762 6.93989 24763822 464.355
4.72973 7.85252 25116112 525.421
4.75194 7.61676 25474348 509.646
4.77427 8.09315 25839802 541.521
4.79669 8.18851 26191732 547.902
4.81921 7.49681 26563339 501.619
4.84183 2.21674 26678128 148.324
4.86457 1.11793 26655828 74.8016
4.88742 0.840492 26675140 56.2382
4.91038 0.723001 26644864 48.3768
4.93344 0.663867 26631640 44.4201
4.95661 0.630792 26619904 42.207
4.9799 0.612258 26596180 40.9669
5.00329 0.603698 26557060 40.3941
5.02679 0.600808 26532520 40.2007
5.0504 0.602831 26493240 40.3361
5.07412 0.608246 26453764 40.6984
5.09795 0.616636 26412544 41.2598
5.1219 0.628216 26360476 42.0346
5.14595 0.640687 26299600 42.869
5.17012 0.657258 26254092 43.9779
5.19441 0.674871 26178916 45.1563
5.21881 0.695963 26116096 46.5676
5.24332 0.71848 26040928 48.0743
5.26795 0.74482 25967736 49.8367
5.29269 0.771681 25862260 51.634
5.31755 0.803328 25796416 53.7515
5.34253 0.836562 25689396 55.9753
5.36762 0.872332 25577176 58.3686
5.39283 0.914916 25489588 61.218
5.41816 0.958252 25373328 64.1177
5.44362 1.00517 25250224 67.257
5.46918 1.05904 25122124 70.8613
5.49487 1.11678 24990660 74.7247
5.52068 1.17958 24856192 78.9268
5.54661 1.24544 24706228 83.3338
5.57266 1.3216 24558204 88.4294
5.59883 1.40168 24392068 93.7877
5.62513 1.489 24237480 99.6306
5.65155 1.58604 24064336 106.123
5.67809 1.69343 23876980 113.309
5.70476 1.80869 23697324 121.021
5.73156 1.93431 23498488 129.427
5.75848 2.07277 23292324 138.691
5.78553 2.22426 23100964 148.828
5.81271 2.38515 22862988 159.593
5.84 2.56671 22634848 171.741
5.86743 2.76204 22410012 184.811
5.89499 2.96995 22160572 198.723
5.92268 3.21714 21915600 215.262
5.9505 3.47401 21645516 232.45
5.97844 3.74893 21372232 250.845
6.00652 4.0546 21101172 271.298
6.03474 4.4074 20815564 294.904
6.06308 4.75954 20504628 318.466
6.09156 5.1763 20204736 346.352
6.12017 5.59636 19883356 374.459
6.14891 6.06747 19552848 405.981
6.17779 6.5898 19217196 440.931
6.20681 7.15241 18861736 478.576
6.23596 7.7525 18502836 518.728
6.26525 8.44736 18135780 565.222
6.29467 9.10474 17749600 609.208
6.32424 9.88347 17354232 661.314
6.35394 10.6583 16953228 713.16
6.38378 11.4878 16529656 768.66
6.41376 12.3055 16099164 823.373
6.44388 13.2964 15659388 889.676
6.47415 14.1806 15207864 948.839
6.50455 14.9722 14736132 1001.8
6.5351 15.7715 14255596 1055.29
6.56579 16.3894 13762332 1096.63
6.59662 16.8218 13252296 1125.56
6.6276 17.0729 12731268 1142.37
6.65872 16.8514 12198720 1127.55
6.68999 16.1486 11649660 1080.52
6.72141 14.6989 11081952 983.52
6.75296 12.4375 10500652 832.206
6.78467 9.25516 9911376 619.272
6.81652 5.17115 9301473 346.007
6.84856 3.16052 8737218 211.474
6.88073 3.12601 8239530 209.165
6.91305 3.31448 7788972 221.775
6.94552 3.59277 7357452 240.396
6.97814 3.9286 6958434 262.867
7.01093 4.32876 6572454 289.642
7.04385 4.80239 6204966 321.333
7.07693 5.33241 5851524 356.797
7.11016 5.95818 5518854 398.668
7.14356 6.66658 5192928 446.068
7.17711 7.49119 4883690 501.244
7.21082 8.43229 4585122 564.214
7.24468 9.51444 4294452 636.621
7.27871 10.7755 4020870 720.998
7.31289 12.2467 3750774 819.442
7.34723 13.8986 3496122 929.969
7.38174 15.833 3250038 1059.41
7.41641 18.0704 3010904 1209.11
7.45123 20.637 2783520 1380.85
7.48622 23.7317 2566482 1587.91
7.52138 27.1671 2355504 1817.78
7.55668 31.2188 2154350 2088.88
7.59215 35.9578 1964322 2405.97
7.62781 41.5724 1782180 2781.65
7.66364 48.0394 1608354 3214.37
7.69963 55.4899 1442012 3712.89
7.73577 64.3204 1285878 4303.75
7.77208 74.1252 1137636 4959.8
7.80856 86.1939 999476 5767.33
7.84519 99.6228 867846 6665.87
7.88195 115.106 746768 7701.85
7.91894 133.978 636276 8964.6
7.95615 154.875 532566 10362.9
7.99345 178.183 435044 11922.4
8.03087 206.114 351690 13791.3
8.06861 235.465 275630 15755.2
8.1063 268.906 204876 17992.8
8.14415 305.07 150770 20412.6
8.18252 341.403 100542 22843.6
8.22015 383.528 59294 25662.2
8.25771 417.978 32538 27967.3
8.29571 454.683 11726 30423.3
8.32962 457.603 1560 30618.7
8.35799 265.482 1 17763.7
