# in Mpc/h Units 
# D1 = 0.215648 
# k P N P(z=0)
0.00628319 849.956 6 18277.1
0.00888577 1024.5 12 22030.5
0.0108828 1108.55 8 23837.7
0.0125664 1155.82 6 24854.2
0.0140496 1178.42 24 25340.2
0.0153906 1192.59 24 25645
0.0177715 1180.02 12 25374.7
0.0188496 1177.66 30 25323.8
0.0198692 1168.16 24 25119.6
0.020839 1145.76 24 24638
0.0217656 1123.98 8 24169.5
0.0226543 1111.44 24 23900
0.0235095 1094.8 48 23542.2
0.0251327 1071.66 6 23044.5
0.0259062 1035.94 48 22276.4
0.0266573 1016.41 36 21856.4
0.0273878 1001.01 24 21525.4
0.0280993 991.442 24 21319.6
0.0287932 974.587 48 20957.1
0.0294708 947.758 24 20380.2
0.0307812 898.977 24 19331.2
0.0314159 878.388 30 18888.5
0.0320381 874.594 72 18806.9
0.0326484 871.317 32 18736.4
0.033836 826.571 72 17774.2
0.0344144 816.202 48 17551.3
0.0355431 795.461 12 17105.2
0.0360942 781.884 48 16813.3
0.036637 768.222 48 16519.5
0.0371718 760.359 48 16350.4
0.0376991 741.898 30 15953.4
0.0382191 751.459 24 16159
0.0387322 726.135 72 15614.5
0.0397384 700.3 24 15059
0.040232 698.864 96 15028.1
0.0407197 685.443 48 14739.5
0.0412016 686.844 24 14769.6
0.0416779 678.194 24 14583.6
0.0421489 655.912 72 14104.4
0.0426146 647.745 48 13928.8
0.0435312 676.163 8 14539.9
0.0439823 648.277 54 13940.3
0.0444288 631.197 84 13573
0.0448709 623.469 48 13406.8
0.0453087 618.309 24 13295.9
0.0457423 610.825 72 13134.9
0.0461718 611.567 96 13150.9
0.0470191 594.354 48 12780.7
0.047437 582.475 48 12525.3
0.0478513 597.135 24 12840.5
0.0482621 581.725 72 12509.2
0.0490732 579.477 72 12460.8
0.0494739 565.166 96 12153.1
0.0502655 577.812 6 12425
0.0506567 567.978 96 12213.5
0.0510448 555.458 96 11944.3
0.0514301 541.028 24 11634
0.0518125 557.7 48 11992.5
0.0521921 549.875 96 11824.3
0.0525689 548.123 48 11786.6
0.0533146 537.822 36 11565.1
0.0536836 544.615 48 11711.2
0.05405 524.649 120 11281.8
0.054414 542.944 56 11675.2
0.0547755 523.247 24 11251.7
0.0551347 521.433 96 11212.7
0.0554916 519.095 48 11162.4
0.0561985 528.829 24 11371.7
0.0565487 515.316 102 11081.1
0.0568967 509.43 48 10954.6
0.0572425 507.345 72 10909.7
0.0575863 503.489 48 10826.8
0.0579281 515.921 48 11094.2
0.0582679 497.157 120 10690.6
0.0589415 502.285 24 10800.9
0.0592755 504.615 144 10851
0.0596075 493.491 120 10611.8
0.0599378 488.639 48 10507.5
0.0605928 495.481 48 10654.6
0.0609177 488.606 96 10506.8
0.0615624 489.459 24 10525.1
0.0618822 490.789 48 10553.7
0.0622004 495.376 108 10652.4
0.0625169 488.127 72 10496.5
0.0628319 487.224 30 10477.1
0.0631452 480.062 168 10323.1
0.0634571 474.03 48 10193.3
0.0640762 472.101 72 10151.8
0.0643835 478.007 96 10278.9
0.0646894 483.16 72 10389.7
0.0649938 473.31 72 10177.9
0.0652968 457.238 32 9832.24
0.0655984 463.805 72 9973.47
0.0658986 465.805 144 10016.5
0.0667912 444.908 96 9567.11
0.0670861 444.382 96 9555.79
0.0673797 454.338 48 9769.89
0.067672 460.144 72 9894.74
0.067963 454.086 120 9764.47
0.0682529 441.992 72 9504.4
0.0688288 457.426 48 9836.28
0.069115 450.063 78 9677.97
0.0694001 431.929 120 9288.03
0.0696839 453.494 48 9751.73
0.0702481 438.146 144 9421.71
0.0705286 435.443 144 9363.57
0.0710861 416.404 12 8954.18
0.0713633 435.463 144 9364.01
0.0716393 432.813 48 9307.02
0.0719926 427.663 168 9196.28
0.0724612 426.998 48 9181.98
0.0727331 424.744 168 9133.51
0.0734532 427.616 144 9195.27
0.0738107 409.889 96 8814.09
0.0740777 420.215 72 9036.13
0.0743437 406.247 48 8735.76
0.0746967 407.811 144 8769.4
0.0753982 401.692 30 8637.8
0.0758332 395.916 288 8513.61
0.0761796 387.561 56 8333.95
0.0766638 392.128 192 8432.15
0.076953 395.699 120 8508.94
0.0776339 390.427 216 8395.57
0.0779723 394.981 96 8493.5
0.078225 378.136 96 8131.27
0.0787281 373.688 72 8035.63
0.0789784 383.534 96 8247.35
0.0794767 395.097 24 8495.99
0.0798137 374.179 300 8046.17
0.0802183 369.376 24 7942.89
0.0805865 373.62 192 8034.17
0.0809532 366.288 120 7876.49
0.0814394 356.208 48 7659.74
0.0818379 361.638 222 7776.5
0.0821633 347.665 120 7476.03
0.0826125 351.888 192 7566.86
0.0828809 356.892 144 7674.44
0.0833559 330.344 24 7103.57
0.0837495 351.78 144 7564.52
0.0840633 348.033 120 7483.94
0.0844439 340.831 192 7329.08
0.0847648 338.238 144 7273.33
0.0852293 330.548 48 7107.96
0.0855594 327.122 336 7034.3
0.0859213 330.265 48 7101.89
0.0864252 325.32 240 6995.55
0.0870624 329.62 8 7088
0.0872888 323.24 48 6950.81
0.087579 315.442 336 6783.14
0.0881192 312.859 174 6727.58
0.0884123 315.341 120 6780.97
0.0889978 310.971 228 6686.99
0.089427 297.687 168 6401.33
0.0898883 298.134 144 6410.95
0.0901807 296.775 240 6381.72
0.0906174 314.443 24 6761.65
0.090897 301.851 336 6490.88
0.0913765 281.078 144 6044.19
0.0917922 294.669 168 6336.44
0.0923436 286.676 96 6164.57
0.0926754 281.875 216 6061.33
0.0932651 281.729 288 6058.19
0.0936174 280.595 144 6033.8
0.0941969 273.282 198 5876.53
0.094573 270.701 216 5821.04
0.0950225 270.959 168 5826.58
0.0952892 271.106 240 5829.75
0.0958792 258.396 168 5556.44
0.0962314 269.644 336 5798.31
0.0968099 256.291 240 5511.18
0.097638 258.383 276 5556.15
0.0981837 251.982 344 5418.51
0.0985479 259.884 144 5588.43
0.0990673 253.081 240 5442.14
0.0994528 244.81 312 5264.29
0.100098 240.2 240 5165.16
0.100531 244.845 6 5265.04
0.100874 240.983 384 5181.99
0.101448 241.132 312 5185.2
0.101924 238.736 168 5133.68
0.102421 234.545 336 5043.55
0.102983 234.508 336 5042.76
0.103243 233.846 192 5028.53
0.103879 233.49 288 5020.86
0.104279 234.199 216 5036.11
0.104705 237.102 240 5098.54
0.105349 229.558 384 4936.31
0.1057 221.02 72 4752.71
0.106152 226.461 336 4869.71
0.106914 216.01 378 4644.98
0.107244 218.036 144 4688.54
0.107631 219.881 384 4728.22
0.10826 215.65 384 4637.25
0.108777 215.78 344 4640.03
0.10919 211.815 144 4554.78
0.109816 213.084 456 4582.07
0.110311 220.827 312 4748.57
0.110746 215.683 144 4637.95
0.111354 211.478 552 4547.54
0.111965 214.429 264 4610.99
0.112557 209.963 264 4514.95
0.112926 205.75 294 4424.37
0.113378 210.618 432 4529.03
0.113986 202.989 432 4365
0.114516 212.221 264 4563.52
0.114915 203.004 192 4365.3
0.115567 204.925 468 4406.61
0.116093 202.072 552 4345.27
0.116705 206.044 336 4430.68
0.117239 203.79 288 4382.22
0.117777 197.497 456 4246.89
0.118366 197.293 432 4242.5
0.118788 191.536 168 4118.7
0.119469 198.151 566 4260.96
0.120077 199.808 432 4296.59
0.120751 195.915 432 4212.86
0.121153 191.792 360 4124.22
0.121711 193.331 624 4157.3
0.122203 187.38 264 4029.34
0.122718 196.002 360 4214.74
0.123453 190.633 456 4099.29
0.123969 190.434 504 4095.02
0.12467 188.766 564 4059.13
0.12526 187.288 384 4027.36
0.125876 187.287 462 4027.34
0.126429 189.108 624 4066.5
0.127121 187.829 432 4039
0.127677 185.254 624 3983.63
0.128318 183.883 312 3954.15
0.128807 184.566 552 3968.83
0.129504 182.032 408 3914.34
0.129878 182.762 600 3930.05
0.130701 184.692 608 3971.54
0.131297 178.828 504 3845.43
0.131933 177.297 510 3812.51
0.13258 177.327 600 3813.17
0.133214 175.001 492 3763.15
0.133672 172.474 552 3708.8
0.134446 175.338 696 3770.4
0.13492 169.661 504 3648.33
0.135589 173.353 528 3727.7
0.136149 173.635 624 3733.77
0.136788 168.91 504 3632.17
0.137489 168.094 552 3614.62
0.138157 166.446 654 3579.19
0.138792 166.619 840 3582.91
0.139482 160.384 744 3448.83
0.140148 164.432 456 3535.88
0.140735 160.284 648 3446.68
0.141506 158.471 896 3407.69
0.142105 162.844 396 3501.72
0.142726 154.927 816 3331.48
0.14348 153.817 672 3307.61
0.144008 150.949 552 3245.95
0.14474 151.336 894 3254.27
0.145447 150.485 672 3235.97
0.146112 148.981 624 3203.62
0.146784 148.173 888 3186.24
0.147376 145.938 720 3138.19
0.148179 145.337 936 3125.26
0.148977 139.118 648 2991.54
0.149637 139.1 936 2991.15
0.150285 138.202 696 2971.84
0.151106 133.875 618 2878.8
0.151697 135.176 1008 2906.77
0.15237 131.645 872 2830.85
0.153147 131.288 960 2823.17
0.153934 132.472 888 2848.63
0.154569 128.083 648 2754.24
0.155288 128.804 840 2769.74
0.155941 125.782 912 2704.77
0.156682 125.446 774 2697.53
0.157451 124.907 1272 2685.94
0.158249 124.485 912 2676.87
0.159019 119.651 864 2572.93
0.159745 120.109 924 2582.78
0.160428 119.019 1080 2559.33
0.161255 115.637 1008 2486.62
0.161989 116.595 1128 2507.2
0.162879 118.132 768 2540.26
0.1635 116.697 1046 2509.39
0.164304 116.155 1152 2497.75
0.16512 113.324 1272 2436.88
0.165918 109.655 912 2357.97
0.166638 112.014 1200 2408.69
0.167465 107.361 1080 2308.65
0.1681 111.311 840 2393.59
0.169017 108.855 1332 2340.78
0.169783 109.2 1062 2348.19
0.170536 108.048 1320 2323.42
0.17142 105.743 1248 2273.86
0.172167 108.209 1104 2326.87
0.173001 106.19 1392 2283.46
0.173739 104.268 776 2242.13
0.174601 103.911 1728 2234.45
0.175449 103.384 1224 2223.12
0.17633 104.722 1254 2251.91
0.177179 102.487 1368 2203.85
0.177982 99.8541 1236 2147.22
0.178748 102.92 1608 2213.14
0.179662 100.215 1008 2154.98
0.180329 99.2256 1488 2133.71
0.181298 97.2542 1440 2091.31
0.182161 99.4862 1158 2139.31
0.182962 100.354 1824 2157.97
0.183819 98.7339 1464 2123.13
0.184763 96.3591 1448 2072.06
0.18557 98.2461 1560 2112.64
0.186484 96.4751 1428 2074.56
0.187347 97.2003 1680 2090.15
0.188277 97.129 1494 2088.62
0.189164 94.2452 1944 2026.61
0.190083 94.571 1368 2033.61
0.190912 91.0302 1584 1957.48
0.191791 93.9366 1776 2019.97
0.192627 90.4137 1440 1944.22
0.19355 91.3276 1968 1963.87
0.194476 92.2791 1374 1984.33
0.195383 92.241 2100 1983.51
0.196314 88.7306 1640 1908.02
0.19731 88.7744 2496 1908.97
0.198246 89.3804 1248 1922
0.198969 87.7137 1512 1886.16
0.200004 86.7761 2280 1866
0.200981 86.1972 1926 1853.55
0.201907 83.5046 2064 1795.65
0.202923 84.5539 1920 1818.21
0.203766 83.9681 1944 1805.61
0.204817 81.8355 2172 1759.76
0.205802 81.1763 2256 1745.58
0.206744 81.5832 1736 1754.33
0.207695 81.1576 2094 1745.18
0.208661 79.6918 2328 1713.66
0.209635 79.9515 2256 1719.24
0.210605 77.2284 1920 1660.69
0.211552 77.0218 2520 1656.24
0.212598 77.1786 2088 1659.62
0.213716 75.9294 2634 1632.75
0.214685 76.4505 2328 1643.96
0.215636 72.5735 2304 1560.59
0.2167 71.8936 2568 1545.97
0.217712 72.3139 2024 1555.01
0.21856 69.7175 2352 1499.18
0.21964 70.0996 2718 1507.39
0.220689 70.7567 2520 1521.52
0.221792 67.6729 2772 1455.21
0.222806 69.357 2640 1491.42
0.223891 66.9538 2880 1439.75
0.224992 68.3096 2448 1468.9
0.225967 66.1198 2478 1421.81
0.226978 66.0339 2904 1419.96
0.228073 65.1138 2816 1400.18
0.229091 64.4982 3024 1386.94
0.230305 64.3334 2952 1383.4
0.231358 62.2955 2796 1339.58
0.232405 63.3922 2982 1363.16
0.23355 63.2875 3312 1360.91
0.234601 62.3722 2688 1341.22
0.235688 61.3632 3144 1319.53
0.236855 60.6562 3672 1304.33
0.237877 60.4555 2328 1300.01
0.239086 60.3026 4046 1296.72
0.240233 59.6609 2844 1282.92
0.241291 59.7152 3600 1284.09
0.242431 59.9098 3264 1288.27
0.243572 58.2177 3288 1251.89
0.244685 57.9311 3198 1245.73
0.245798 57.8501 3864 1243.98
0.246976 58.8075 3456 1264.57
0.248127 56.8891 3744 1223.32
0.24936 55.3816 3876 1190.9
0.250523 56.2877 3392 1210.39
0.251669 56.579 3918 1216.65
0.252872 55.4372 3864 1192.1
0.254083 55.4663 4104 1192.72
0.255199 54.7914 3480 1178.21
0.256387 54.1156 4080 1163.68
0.257664 53.8017 4170 1156.93
0.258855 53.8237 4176 1157.4
0.26008 53.1315 4560 1142.52
0.261336 52.6501 3656 1132.16
0.262469 51.862 4344 1115.22
0.263809 51.3653 4830 1104.54
0.265071 51.7633 4416 1113.1
0.266256 51.5973 3876 1109.53
0.267421 49.5133 4752 1064.71
0.268761 49.1731 4968 1057.4
0.2701 48.4808 4494 1042.51
0.27124 48.6306 4200 1045.73
0.272568 48.5871 5792 1044.8
0.273851 47.5208 4224 1021.87
0.275155 46.9447 5220 1009.48
0.276427 47.3553 4590 1018.31
0.277657 45.637 5328 981.357
0.27902 45.9395 5304 987.863
0.280352 45.0788 5040 969.356
0.281565 44.5168 4920 957.271
0.282918 43.5684 5750 936.877
0.284302 44.216 5388 950.802
0.285589 43.728 5784 940.309
0.286971 43.2357 5400 929.723
0.288304 42.3716 5640 911.141
0.289695 41.8583 5934 900.102
0.291035 41.8442 6120 899.799
0.292425 40.3681 5544 868.058
0.293779 40.747 6164 876.207
0.295153 41.3582 5838 889.349
0.296461 40.6118 6144 873.299
0.297907 39.8778 6288 857.516
0.299258 39.6053 6576 851.655
0.300748 37.7777 6504 812.355
0.302188 38.6317 6594 830.719
0.30361 37.9805 7008 816.716
0.305003 38.0084 6200 817.317
0.306412 37.7338 6768 811.411
0.307876 37.7027 7182 810.744
0.309298 37.3047 6864 802.183
0.310761 36.6922 7308 789.014
0.312204 36.8557 6744 792.529
0.313652 36.5956 7686 786.937
0.315175 36.6372 7280 787.831
0.31662 36.5813 7920 786.628
0.318151 36.0428 7560 775.048
0.319599 34.6489 6948 745.076
0.321058 34.5814 8430 743.623
0.322645 34.1814 8328 735.022
0.324166 34.5429 7824 742.795
0.32568 34.0396 8160 731.974
0.327167 33.6016 8030 722.555
0.328774 33.7298 9372 725.311
0.330313 33.0461 7968 710.609
0.331826 32.9366 8568 708.256
0.333427 33.0056 8934 709.737
0.334947 32.2388 8952 693.25
0.336524 31.7378 8880 682.475
0.338146 31.2223 9548 671.391
0.339739 31.3886 9126 674.968
0.341313 30.8298 9384 662.952
0.342874 30.3611 9288 652.873
0.344468 30.4179 9792 654.093
0.346116 30.2775 9570 651.074
0.34771 29.6356 10376 637.271
0.349362 29.0969 10152 625.688
0.351033 29.7296 9960 639.292
0.352646 29.0171 10782 623.97
0.354377 28.7219 10992 617.623
0.356063 28.6644 10452 616.387
0.357696 27.7962 10806 597.717
0.359426 28.0056 11312 602.22
0.361079 27.6208 11112 593.945
0.362754 27.1937 10848 584.761
0.364449 26.8281 11394 576.9
0.366133 26.8257 11952 576.848
0.367846 26.7089 11352 574.337
0.369601 26.2216 12584 563.858
0.371397 25.8285 12390 555.405
0.373143 25.9701 12252 558.45
0.374848 25.9266 12240 557.514
0.37663 25.3483 12486 545.08
0.378363 25.3863 13080 545.895
0.380139 25.1539 12968 540.899
0.381916 24.5873 12612 528.714
0.38369 24.8344 13974 534.029
0.385541 24.4206 13944 525.129
0.387327 23.8967 12840 513.865
0.3891 24.0448 14358 517.048
0.390994 23.6034 14588 507.557
0.392843 23.4183 14688 503.577
0.394661 23.0665 13560 496.013
0.396505 23.146 15582 497.721
0.398367 22.6532 14544 487.125
0.400233 22.5835 15420 485.627
0.402152 22.2013 15614 477.408
0.40399 22.2838 14880 479.181
0.405874 21.9992 16728 473.062
0.407843 21.7127 15690 466.901
0.409716 21.3982 16248 460.139
0.411602 21.5745 16584 463.928
0.413596 21.0429 16904 452.498
0.415548 20.7688 17430 446.604
0.417499 20.5509 16908 441.918
0.419429 20.4886 17640 440.577
0.421439 20.3062 17550 436.655
0.4234 19.8872 18696 427.645
0.425408 19.6618 17792 422.799
0.42739 19.5451 18138 420.29
0.42937 19.6075 19392 421.632
0.431414 18.9629 18768 407.77
0.433421 19.4437 19038 418.108
0.435438 19.0021 19460 408.612
0.437444 18.9909 19992 408.372
0.4396 18.4666 21174 397.099
0.441671 18.2532 20040 392.508
0.443727 18.2487 20628 392.413
0.445802 18.0305 20798 387.719
0.447878 18.1013 21480 389.242
0.449991 17.6823 21792 380.234
0.452114 17.5017 21414 376.348
0.454235 17.4999 23100 376.31
0.456374 17.1305 21992 368.367
0.458534 16.9793 23406 365.116
0.460666 17.2028 22536 369.922
0.46284 16.5682 24348 356.275
0.465042 16.7405 23598 359.98
0.467214 16.3708 24224 352.03
0.469406 16.2728 24648 349.924
0.471626 16.1117 24618 346.459
0.473743 16.0846 24192 345.876
0.475977 15.7991 26208 339.736
0.478226 15.6911 25790 337.416
0.480485 15.5536 26916 334.457
0.482752 15.1538 26214 325.861
0.485019 15.2865 27528 328.713
0.487306 14.8624 27720 319.594
0.48961 14.7847 27122 317.923
0.491868 14.5969 28632 313.885
0.494198 14.5533 28680 312.948
0.496522 14.568 28722 313.264
0.498833 14.2871 30000 307.223
0.501204 14.272 29408 306.9
0.50355 14.0456 30678 302.03
0.505916 13.9113 30660 299.142
0.508313 13.7475 31494 295.62
0.510704 13.5559 31448 291.501
0.513084 13.3884 32160 287.898
0.515543 13.4024 33090 288.199
0.51795 13.2497 32664 284.915
0.520364 13.1215 32718 282.16
0.522793 13.0626 34472 280.892
0.52526 12.943 34260 278.32
0.527713 12.7892 34302 275.013
0.530156 12.7265 35472 273.664
0.532669 12.5516 36020 269.904
0.535188 12.3095 36942 264.698
0.5377 12.1625 36360 261.536
0.540241 12.109 38166 260.387
0.542756 11.9731 36804 257.464
0.545284 11.7857 38864 253.435
0.54787 11.7836 39366 253.39
0.550466 11.6918 40068 251.415
0.553028 11.5785 38910 248.979
0.555606 11.4508 41360 246.234
0.558224 11.2596 40782 242.123
0.56083 11.2424 42204 241.751
0.56345 11.1183 41544 239.083
0.566114 11.0534 44510 237.687
0.568794 10.8702 42948 233.748
0.57145 10.7964 44478 232.161
0.574166 10.737 46032 230.884
0.576877 10.6143 44402 228.246
0.57954 10.526 46320 226.346
0.582264 10.423 46848 224.131
0.585017 10.2521 47814 220.456
0.587762 10.1593 48260 218.461
0.590569 9.97199 49758 214.433
0.593327 9.97109 49032 214.414
0.596104 9.8002 49770 210.739
0.598885 9.76353 51056 209.951
0.601688 9.64864 51504 207.48
0.60453 9.55295 52866 205.423
0.607362 9.50691 52848 204.433
0.610229 9.27175 54542 199.376
0.613094 9.32687 54276 200.561
0.615957 9.28289 55062 199.615
0.618839 9.091 56568 195.489
0.62177 8.89423 57266 191.258
0.624688 8.92205 58056 191.856
0.627616 8.80593 57750 189.359
0.630554 8.71108 60380 187.319
0.633541 8.6805 60390 186.662
0.63652 8.54174 61608 183.678
0.639512 8.48628 61362 182.485
0.64251 8.40056 63752 180.642
0.64554 8.36195 63528 179.812
0.648554 8.25092 64050 177.424
0.651549 8.14615 64784 175.171
0.654649 8.10037 68814 174.187
0.657741 7.96541 66156 171.285
0.66081 7.94625 68718 170.873
0.663899 7.8891 69104 169.644
0.667047 7.73007 71682 166.224
0.670183 7.71728 70512 165.949
0.673306 7.6007 72278 163.442
0.676483 7.48055 74532 160.859
0.679687 7.36964 74454 158.474
0.682871 7.33235 75540 157.672
0.686079 7.32463 76526 157.506
0.689314 7.18179 78648 154.434
0.692548 7.15939 77370 153.953
0.695723 7.04048 78272 151.395
0.698997 7.02219 82710 151.002
0.702314 6.90518 82146 148.486
0.705609 6.84663 83712 147.227
0.708938 6.78309 84710 145.861
0.712273 6.69913 86172 144.055
0.715624 6.66191 86406 143.255
0.718964 6.57313 88244 141.346
0.722353 6.47557 89670 139.248
0.725741 6.43302 90792 138.333
0.729184 6.40644 93194 137.761
0.732605 6.25989 92352 134.61
0.736035 6.24081 94914 134.2
0.739481 6.15501 95504 132.355
0.742951 6.12974 97230 131.811
0.746441 6.04512 98802 129.992
0.749957 5.98307 100952 128.657
0.753469 5.91276 99990 127.145
0.756983 5.88221 103356 126.489
0.760565 5.81346 105014 125.01
0.764149 5.7302 106548 123.22
0.767736 5.69273 106302 122.414
0.771306 5.64797 108002 121.451
0.774926 5.59279 111696 120.265
0.778598 5.51635 112158 118.621
0.782245 5.46356 113300 117.486
0.785923 5.41296 115302 116.398
0.789616 5.32023 117396 114.404
0.793312 5.32714 117158 114.553
0.797042 5.21983 121470 112.245
0.800776 5.18497 120660 111.495
0.804553 5.15704 125030 110.895
0.808343 5.08961 125388 109.445
0.812158 5.03018 128094 108.167
0.815959 4.96217 127058 106.704
0.819781 4.907 132336 105.518
0.823648 4.84282 132006 104.138
0.827505 4.81821 134162 103.609
0.8314 4.7268 137760 101.643
0.835324 4.73562 137802 101.833
0.839214 4.65988 139016 100.204
0.843171 4.62318 144354 99.4149
0.847141 4.59599 142814 98.8302
0.851084 4.52376 145932 97.277
0.855081 4.49913 148206 96.7473
0.859091 4.46222 150566 95.9537
0.863128 4.40541 152820 94.7321
0.867194 4.35164 155142 93.5759
0.87127 4.28707 157220 92.1873
0.875368 4.24699 159198 91.3254
0.879473 4.2053 160994 90.429
0.883606 4.16492 164544 89.5607
0.887753 4.11846 165282 88.5616
0.891919 4.09373 168350 88.0299
0.896109 4.04752 171660 87.0362
0.900336 3.98939 173622 85.7862
0.904563 3.96118 175034 85.1795
0.908805 3.91801 178512 84.2513
0.913051 3.87114 178646 83.2433
0.917348 3.82457 185466 82.2419
0.921672 3.7715 185382 81.1008
0.925992 3.75649 188252 80.778
0.930354 3.73554 192126 80.3274
0.93473 3.64721 193562 78.4281
0.939107 3.64356 196176 78.3496
0.943526 3.61621 200130 77.7613
0.947959 3.55471 201326 76.439
0.952394 3.50448 204972 75.3589
0.956874 3.48946 208406 75.0359
0.961345 3.43651 208362 73.8973
0.965874 3.40443 217662 73.2075
0.970451 3.37644 217124 72.6056
0.974982 3.32195 217446 71.4338
0.979556 3.29797 224690 70.9181
0.984147 3.26291 224058 70.1642
0.988771 3.22719 231848 69.3961
0.993453 3.19569 233994 68.7187
0.998112 3.15996 234198 67.9505
1.00278 3.10807 239708 66.8345
1.00751 3.0949 243630 66.5513
1.01226 3.05586 247010 65.7119
1.01699 3.02337 246414 65.0132
1.02174 2.98511 253772 64.1905
1.02654 2.97055 256902 63.8773
1.03137 2.92709 261066 62.9429
1.03624 2.89926 265958 62.3444
1.0411 2.86754 265098 61.6624
1.04596 2.83861 271424 61.0403
1.05088 2.81659 276858 60.5668
1.05585 2.7759 281186 59.6919
1.06082 2.74503 282918 59.0278
1.06577 2.70621 285146 58.1931
1.07077 2.68384 293280 57.7122
1.07581 2.6615 294602 57.2318
1.08087 2.62478 301278 56.4421
1.08595 2.60765 302954 56.0738
1.09104 2.56399 307674 55.135
1.09614 2.5377 310560 54.5695
1.1013 2.52273 320834 54.2477
1.1065 2.4933 321582 53.6148
1.1117 2.46392 325226 52.9832
1.11691 2.44136 331422 52.498
1.12216 2.41509 335066 51.933
1.12744 2.38921 341340 51.3766
1.13272 2.36453 342038 50.8459
1.13803 2.33228 351354 50.1523
1.14339 2.31169 355478 49.7095
1.14877 2.28908 360066 49.2234
1.15416 2.24994 364634 48.3817
1.15957 2.23531 369072 48.0671
1.16503 2.21021 377642 47.5273
1.17053 2.18898 382074 47.0709
1.17602 2.15586 384014 46.3588
1.18154 2.13868 393066 45.9893
1.18707 2.12246 393950 45.6404
1.19264 2.10288 404154 45.2194
1.19826 2.07308 409178 44.5785
1.20388 2.04309 413334 43.9337
1.20954 2.0305 421196 43.6631
1.21521 2.00322 422658 43.0763
1.22091 1.97484 434990 42.4662
1.22666 1.95829 437442 42.1102
1.23241 1.93792 443066 41.6723
1.2382 1.91651 452150 41.2119
1.24401 1.88994 455538 40.6404
1.24985 1.87272 463382 40.2703
1.25571 1.8578 468666 39.9493
1.26162 1.82854 479642 39.3202
1.26756 1.81443 482814 39.0167
1.2735 1.79061 489386 38.5045
1.27948 1.77167 498642 38.0971
1.2855 1.75231 503450 37.6809
1.29154 1.73451 512838 37.2981
1.29761 1.71743 517586 36.9309
1.30369 1.69069 524372 36.3558
1.3098 1.67292 534270 35.9737
1.31596 1.66093 540386 35.7159
1.32215 1.64373 550938 35.346
1.32836 1.62515 554270 34.9465
1.33459 1.60264 564978 34.4625
1.34087 1.58489 574370 34.0807
1.34718 1.56474 579614 33.6474
1.3535 1.5466 587778 33.2574
1.35985 1.53685 596978 33.0477
1.36624 1.51949 606570 32.6744
1.37267 1.50397 613982 32.3408
1.37911 1.48454 621200 31.9229
1.38558 1.46498 631386 31.5023
1.39208 1.45543 640418 31.297
1.39864 1.43934 651870 30.9509
1.40521 1.42285 657770 30.5964
1.4118 1.40786 667082 30.2741
1.41842 1.38789 675810 29.8445
1.42509 1.37668 689318 29.6036
1.4318 1.35522 698754 29.142
1.43854 1.3428 706922 28.875
1.44529 1.32872 715562 28.5722
1.45208 1.31623 727662 28.3036
1.45889 1.29846 734426 27.9215
1.46572 1.28456 745746 27.6225
1.4726 1.27586 759698 27.4355
1.47952 1.25578 768140 27.0037
1.48647 1.24824 778770 26.8417
1.49347 1.23088 795842 26.4683
1.50049 1.21543 799442 26.136
1.50754 1.20503 816042 25.9124
1.51462 1.19426 822038 25.6808
1.52173 1.17979 837722 25.3697
1.52887 1.16447 846330 25.0404
1.53605 1.14932 860768 24.7144
1.54327 1.13769 873722 24.4643
1.55052 1.12898 885438 24.277
1.55781 1.11288 898730 23.931
1.56513 1.1005 908402 23.6646
1.57247 1.08727 923226 23.3802
1.57985 1.07632 933944 23.1446
1.58727 1.06649 949730 22.9334
1.59472 1.05431 961278 22.6715
1.60222 1.0434 981218 22.4368
1.60976 1.02993 989186 22.1472
1.6173 1.0198 1001016 21.9294
1.62489 1.01098 1019138 21.7397
1.63253 0.999634 1032842 21.4957
1.64019 0.989084 1045394 21.2688
1.6479 0.975803 1066230 20.9833
1.65565 0.966347 1075496 20.7799
1.66341 0.956467 1090154 20.5675
1.67122 0.947613 1110378 20.3771
1.67908 0.938386 1124666 20.1787
1.68697 0.925324 1139624 19.8978
1.6949 0.916232 1157114 19.7023
1.70286 0.908453 1171434 19.535
1.71085 0.89771 1188494 19.304
1.71889 0.889292 1205504 19.123
1.72697 0.880053 1226594 18.9243
1.73508 0.870218 1235562 18.7128
1.74322 0.860507 1259120 18.504
1.75141 0.851904 1274498 18.319
1.75964 0.841993 1295594 18.1058
1.76791 0.835273 1308312 17.9613
1.77621 0.825617 1333922 17.7537
1.78456 0.81653 1348418 17.5583
1.79294 0.808149 1366112 17.3781
1.80136 0.800847 1389738 17.2211
1.80982 0.790583 1407458 17.0004
1.81832 0.782877 1426520 16.8346
1.82687 0.777602 1448810 16.7212
1.83545 0.769275 1465802 16.5422
1.84406 0.759907 1488456 16.3407
1.85272 0.75289 1510766 16.1898
1.86142 0.744396 1528298 16.0072
1.87016 0.739322 1552784 15.8981
1.87895 0.731172 1579538 15.7228
1.88779 0.722733 1595784 15.5413
1.89665 0.717332 1619930 15.4252
1.90555 0.709917 1637186 15.2658
1.91449 0.703087 1669616 15.1189
1.9235 0.69683 1691834 14.9843
1.93253 0.68842 1706952 14.8035
1.94159 0.682291 1739630 14.6717
1.95073 0.676227 1765064 14.5413
1.95988 0.670777 1783538 14.4241
1.9691 0.663563 1817480 14.269
1.97835 0.65923 1837034 14.1758
1.98765 0.651217 1866512 14.0035
1.99698 0.646117 1888242 13.8938
2.00636 0.64006 1917056 13.7636
2.01577 0.63477 1941554 13.6498
2.02525 0.629696 1978040 13.5407
2.03477 0.622441 1997426 13.3847
2.04433 0.617828 2029256 13.2855
2.05393 0.612033 2056370 13.1609
2.06357 0.607112 2084000 13.0551
2.07326 0.601774 2117778 12.9403
2.083 0.597463 2143952 12.8476
2.09278 0.593073 2175614 12.7532
2.10261 0.58801 2206400 12.6443
2.11248 0.584329 2233970 12.5652
2.12241 0.579015 2276456 12.4509
2.13239 0.575016 2301848 12.3649
2.1424 0.570279 2332922 12.263
2.15246 0.565648 2366960 12.1635
2.16256 0.561588 2397698 12.0761
2.17272 0.558296 2436644 12.0054
2.18293 0.553797 2472608 11.9086
2.19319 0.549389 2503050 11.8138
2.20348 0.545934 2535392 11.7395
2.21383 0.541926 2581088 11.6533
2.22424 0.538913 2612762 11.5886
2.23469 0.535155 2647964 11.5077
2.24518 0.531435 2687216 11.4277
2.25573 0.52759 2724434 11.3451
2.26633 0.526123 2765840 11.3135
2.27697 0.522438 2798504 11.2343
2.28766 0.518178 2841326 11.1427
2.29841 0.516209 2886128 11.1003
2.30921 0.513055 2920808 11.0325
2.32005 0.509904 2967536 10.9648
2.33094 0.508392 3000674 10.9322
2.34188 0.505759 3050324 10.8756
2.35289 0.502827 3094664 10.8126
2.36395 0.500267 3136016 10.7575
2.37505 0.498591 3179546 10.7215
2.38621 0.495613 3227060 10.6574
2.39742 0.494525 3271832 10.6341
2.40868 0.492496 3315440 10.5904
2.41998 0.490459 3363800 10.5466
2.43135 0.48928 3414158 10.5213
2.44278 0.487767 3459752 10.4887
2.45425 0.485862 3508864 10.4478
2.46578 0.484408 3560804 10.4165
2.47736 0.483822 3608912 10.4039
2.489 0.481954 3660608 10.3637
2.50068 0.481593 3707846 10.356
2.51243 0.480426 3769664 10.3309
2.52424 0.480136 3822920 10.3246
2.53609 0.479592 3863564 10.3129
2.548 0.478845 3930704 10.2969
2.55998 0.478631 3986168 10.2923
2.572 0.478191 4034228 10.2828
2.58406 0.478537 4090816 10.2903
2.5962 0.478025 4160360 10.2792
2.60841 0.478027 4213436 10.2793
2.62066 0.477395 4270976 10.2657
2.63296 0.478788 4332308 10.2957
2.64533 0.479474 4395896 10.3104
2.65775 0.480324 4454378 10.3287
2.67023 0.481328 4517036 10.3503
2.68278 0.481869 4588552 10.3619
2.69539 0.483052 4651316 10.3873
2.70805 0.484198 4711190 10.412
2.72076 0.486338 4782704 10.458
2.73355 0.487746 4849964 10.4883
2.74639 0.490164 4917080 10.5403
2.75928 0.49203 4985260 10.5804
2.77224 0.494305 5060456 10.6293
2.78527 0.497065 5127788 10.6887
2.79835 0.499156 5201672 10.7336
2.81149 0.502225 5278196 10.7996
2.8247 0.505665 5350384 10.8736
2.83797 0.507659 5423492 10.9165
2.8513 0.511683 5504720 11.003
2.86469 0.515029 5581268 11.075
2.87815 0.519276 5659270 11.1663
2.89166 0.522617 5736332 11.2381
2.90524 0.527834 5823104 11.3503
2.91889 0.5326 5909900 11.4528
2.93261 0.536633 5986168 11.5395
2.94637 0.54218 6064034 11.6588
2.96021 0.54757 6162248 11.7747
2.97412 0.553236 6249932 11.8966
2.9881 0.558906 6331588 12.0185
3.00213 0.564658 6424736 12.1422
3.01623 0.571088 6515066 12.2804
3.0304 0.578905 6607552 12.4485
3.04463 0.585503 6691412 12.5904
3.05892 0.592658 6796676 12.7443
3.0733 0.601247 6894838 12.929
3.08773 0.608955 6983324 13.0947
3.10224 0.618391 7094120 13.2976
3.11681 0.627142 7182634 13.4858
3.13145 0.637604 7295588 13.7108
3.14616 0.644452 7389992 13.858
3.16094 0.657446 7499434 14.1374
3.17579 0.667199 7606244 14.3472
3.1907 0.676449 7703654 14.5461
3.20568 0.691456 7823908 14.8688
3.22074 0.702012 7933148 15.0958
3.23587 0.714939 8035210 15.3737
3.25107 0.727547 8168648 15.6449
3.26635 0.740565 8270402 15.9248
3.28169 0.755548 8396284 16.247
3.2971 0.768493 8496608 16.5253
3.31258 0.786753 8636482 16.918
3.32814 0.79875 8744780 17.176
3.34377 0.82039 8878274 17.6413
3.35948 0.833163 8998288 17.916
3.37526 0.856097 9127058 18.4091
3.39111 0.868817 9258676 18.6827
3.40704 0.89205 9394994 19.1823
3.42305 0.909494 9518530 19.5574
3.43912 0.935011 9652352 20.1061
3.45528 0.953692 9800506 20.5078
3.47151 0.977961 9929156 21.0297
3.48782 1.00272 10079002 21.5622
3.5042 1.01993 10202930 21.9321
3.52065 1.05379 10362148 22.6602
3.53719 1.07559 10508450 23.129
3.5538 1.09935 10647784 23.6399
3.5705 1.13301 10817954 24.3637
3.58727 1.15812 10950034 24.9037
3.60411 1.18498 11116484 25.4814
3.62105 1.22428 11277610 26.3264
3.63806 1.25295 11430154 26.9428
3.65514 1.28015 11580074 27.5278
3.6723 1.31892 11759140 28.3616
3.68955 1.355 11924378 29.1374
3.70689 1.38956 12099850 29.8805
3.7243 1.42257 12260050 30.5902
3.7418 1.46146 12439484 31.4267
3.75937 1.50765 12606226 32.4198
3.77703 1.54498 12800474 33.2226
3.79477 1.58351 12964258 34.051
3.81259 1.62756 13155874 34.9984
3.8305 1.67102 13345394 35.9329
3.84849 1.71792 13525540 36.9414
3.86657 1.76554 13730122 37.9654
3.88473 1.81349 13917890 38.9966
3.90298 1.85795 14114938 39.9526
3.92131 1.90194 14316682 40.8984
3.93974 1.95337 14520626 42.0045
3.95824 2.00465 14708962 43.1072
3.97682 2.05849 14936002 44.2649
3.9955 2.11177 15141986 45.4107
4.01428 2.16234 15366994 46.4981
4.03313 2.21588 15563242 47.6494
4.05207 2.26899 15794614 48.7914
4.07111 2.3262 16021226 50.0217
4.09023 2.37893 16238338 51.1555
4.10944 2.43633 16476706 52.3898
4.12874 2.48868 16717282 53.5154
4.14814 2.5392 16935730 54.602
4.16762 2.60334 17183270 55.9812
4.18719 2.65586 17431546 57.1106
4.20686 2.72345 17672128 58.5638
4.22662 2.7797 17929450 59.7734
4.24648 2.82853 18181246 60.8235
4.26643 2.8801 18436154 61.9325
4.28646 2.93985 18688066 63.2173
4.30659 2.98988 18966160 64.2932
4.32682 3.07252 19228342 66.0702
4.34714 3.1132 19497994 66.945
4.36756 3.16397 19789402 68.0367
4.38808 3.21442 20048224 69.1215
4.40868 3.29269 20340694 70.8046
4.42939 3.33711 20631698 71.7597
4.4502 3.37793 20920738 72.6376
4.4711 3.45239 21224764 74.2388
4.49211 3.49887 21524794 75.2381
4.51321 3.529 21819694 75.8862
4.53441 3.62282 22136776 77.9036
4.55571 3.64632 22446490 78.4089
4.5771 3.70163 22753708 79.5983
4.5986 3.76785 23092930 81.0223
4.6202 3.80026 23405020 81.7191
4.6419 3.8823 23744914 83.4833
4.66371 3.89395 24090094 83.7339
4.68561 3.9883 24416584 85.7626
4.70762 4.01168 24763822 86.2654
4.72973 4.10523 25116112 88.2772
4.75194 4.13002 25474348 88.8102
4.77427 4.21291 25839802 90.5927
4.79669 4.25506 26191732 91.4989
4.81921 4.26273 26563339 91.6639
4.84183 3.33852 26678128 71.7901
4.86457 2.57497 26655828 55.3711
4.88742 2.16009 26675140 46.4496
4.91038 1.90982 26644864 41.068
4.93344 1.74936 26631640 37.6175
4.95661 1.64359 26619904 35.343
4.9799 1.57406 26596180 33.848
5.00329 1.53006 26557060 32.9017
5.02679 1.50314 26532520 32.3228
5.0504 1.48978 26493240 32.0356
5.07412 1.48796 26453764 31.9965
5.09795 1.49538 26412544 32.1561
5.1219 1.50923 26360476 32.4538
5.14595 1.52668 26299600 32.829
5.17012 1.55562 26254092 33.4514
5.19441 1.5851 26178916 34.0854
5.21881 1.62122 26116096 34.862
5.24332 1.65984 26040928 35.6924
5.26795 1.70486 25967736 36.6605
5.29269 1.75132 25862260 37.6597
5.31755 1.80301 25796416 38.7712
5.34253 1.85907 25689396 39.9766
5.36762 1.91717 25577176 41.226
5.39283 1.98282 25489588 42.6378
5.41816 2.04961 25373328 44.074
5.44362 2.1164 25250224 45.5101
5.46918 2.19463 25122124 47.1924
5.49487 2.27375 24990660 48.8937
5.52068 2.35678 24856192 50.6793
5.54661 2.44083 24706228 52.4866
5.57266 2.53084 24558204 54.422
5.59883 2.62478 24392068 56.4421
5.62513 2.72456 24237480 58.5878
5.65155 2.82589 24064336 60.7668
5.67809 2.93494 23876980 63.1116
5.70476 3.04767 23697324 65.5357
5.73156 3.16348 23498488 68.026
5.75848 3.28299 23292324 70.5959
5.78553 3.40886 23100964 73.3026
5.81271 3.53906 22862988 76.1023
5.84 3.66929 22634848 78.9028
5.86743 3.80102 22410012 81.7354
5.89499 3.94058 22160572 84.7364
5.92268 4.09358 21915600 88.0265
5.9505 4.23939 21645516 91.1621
5.97844 4.38659 21372232 94.3274
6.00652 4.53591 21101172 97.5383
6.03474 4.70026 20815564 101.072
6.06308 4.8527 20504628 104.35
6.09156 5.01684 20204736 107.88
6.12017 5.17286 19883356 111.235
6.14891 5.33404 19552848 114.701
6.17779 5.49267 19217196 118.112
6.20681 5.65019 18861736 121.499
6.23596 5.80466 18502836 124.821
6.26525 5.96109 18135780 128.185
6.29467 6.10363 17749600 131.25
6.32424 6.25058 17354232 134.41
6.35394 6.38841 16953228 137.374
6.38378 6.51308 16529656 140.054
6.41376 6.62378 16099164 142.435
6.44388 6.74605 15659388 145.064
6.47415 6.8351 15207864 146.979
6.50455 6.91262 14736132 148.646
6.5351 6.95605 14255596 149.58
6.56579 6.99 13762332 150.31
6.59662 6.99335 13252296 150.382
6.6276 6.97077 12731268 149.896
6.65872 6.90192 12198720 148.416
6.68999 6.77994 11649660 145.793
6.72141 6.58412 11081952 141.582
6.75296 6.32624 10500652 136.037
6.78467 5.9711 9911376 128.4
6.81652 5.5051 9301473 118.379
6.84856 5.21182 8737218 112.073
6.88073 5.2258 8239530 112.373
6.91305 5.35891 7788972 115.236
6.94552 5.56481 7357452 119.663
6.97814 5.82509 6958434 125.26
7.01093 6.12605 6572454 131.732
7.04385 6.46409 6204966 139.001
7.07693 6.84548 5851524 147.202
7.11016 7.24536 5518854 155.801
7.14356 7.66422 5192928 164.808
7.17711 8.15582 4883690 175.379
7.21082 8.64618 4585122 185.924
7.24468 9.18613 4294452 197.535
7.27871 9.76084 4020870 209.893
7.31289 10.3483 3750774 222.525
7.34723 11.0021 3496122 236.585
7.38174 11.6702 3250038 250.951
7.41641 12.3922 3010904 266.477
7.45123 13.1265 2783520 282.267
7.48622 13.9523 2566482 300.025
7.52138 14.7477 2355504 317.127
7.55668 15.6353 2154350 336.215
7.59215 16.5581 1964322 356.059
7.62781 17.4554 1782180 375.354
7.66364 18.5064 1608354 397.954
7.69963 19.5254 1442012 419.866
7.73577 20.521 1285878 441.274
7.77208 21.7628 1137636 467.979
7.80856 22.9538 999476 493.589
7.84519 24.183 867846 520.021
7.88195 25.4113 746768 546.434
7.91894 26.8379 636276 577.111
7.95615 28.092 532566 604.079
7.99345 29.6699 435044 638.009
8.03087 31.1506 351690 669.849
8.06861 32.8012 275630 705.343
8.1063 34.6867 204876 745.889
8.14415 36.3381 150770 781.398
8.18252 38.3362 100542 824.364
8.22015 40.3524 59294 867.72
8.25771 42.4497 32538 912.82
8.29571 46.0079 11726 989.335
8.32962 48.543 1560 1043.85
8.35799 103.766 1 2231.34
