# in Mpc/h Units 
# D1 = 1 
# k P N P(z=0)
0.00628319 5.50085e-13 12 5.50085e-13
0.00888577 3.58593e-13 24 3.58593e-13
0.0108828 4.00544e-14 16 4.00544e-14
0.0125664 4.28884e-12 12 4.28884e-12
0.0140496 4.76449e-12 48 4.76449e-12
0.0153906 1.94497e-12 48 1.94497e-12
0.0177715 5.70521e-12 24 5.70521e-12
0.0188496 2.0499e-11 60 2.0499e-11
0.0198692 2.09944e-11 48 2.09944e-11
0.020839 2.58803e-11 48 2.58803e-11
0.0217656 1.13234e-12 16 1.13234e-12
0.0226543 3.44919e-11 48 3.44919e-11
0.0235095 1.95202e-11 96 1.95202e-11
0.0251327 6.00221e-11 12 6.00221e-11
0.0259062 4.2414e-11 96 4.2414e-11
0.0266573 7.55436e-11 72 7.55436e-11
0.0273878 1.70776e-11 48 1.70776e-11
0.0280993 1.14155e-10 48 1.14155e-10
0.0287932 7.48929e-11 96 7.48929e-11
0.0294708 1.04578e-11 48 1.04578e-11
0.0307812 8.76966e-11 48 8.76966e-11
0.0314159 9.1702e-11 60 9.1702e-11
0.0320381 1.25744e-10 144 1.25744e-10
0.0326484 1.62777e-10 64 1.62777e-10
0.033836 9.09231e-11 144 9.09231e-11
0.0344144 2.15368e-10 96 2.15368e-10
0.0355431 1.45295e-10 24 1.45295e-10
0.0360942 1.56579e-10 96 1.56579e-10
0.036637 6.79693e-11 96 6.79693e-11
0.0371718 1.6137e-10 96 1.6137e-10
0.0376991 8.47906e-11 60 8.47906e-11
0.0382191 3.72062e-10 48 3.72062e-10
0.0387322 1.81536e-10 144 1.81536e-10
0.0397384 2.47748e-10 48 2.47748e-10
0.040232 4.15085e-10 192 4.15085e-10
0.0407197 2.09348e-10 96 2.09348e-10
0.0412016 8.02579e-11 48 8.02579e-11
0.0416779 4.24389e-10 48 4.24389e-10
0.0421489 2.69993e-10 144 2.69993e-10
0.0426146 4.61731e-10 96 4.61731e-10
0.0435312 1.49491e-11 16 1.49491e-11
0.0439823 3.31595e-10 108 3.31595e-10
0.0444288 4.02389e-10 168 4.02389e-10
0.0448709 5.99925e-10 96 5.99925e-10
0.0453087 5.3222e-10 48 5.3222e-10
0.0457423 4.71795e-10 144 4.71795e-10
0.0461718 6.41874e-10 192 6.41874e-10
0.0470191 3.67199e-10 96 3.67199e-10
0.047437 4.05485e-10 96 4.05485e-10
0.0478513 7.69333e-10 48 7.69333e-10
0.0482621 6.44533e-10 144 6.44533e-10
0.0490732 2.89138e-10 144 2.89138e-10
0.0494739 5.5205e-10 192 5.5205e-10
0.0502655 1.47628e-09 12 1.47628e-09
0.0506567 8.20936e-10 192 8.20936e-10
0.0510448 8.34537e-10 192 8.34537e-10
0.0514301 6.98955e-10 48 6.98955e-10
0.0518125 8.66969e-10 96 8.66969e-10
0.0521921 9.16603e-10 192 9.16603e-10
0.0525689 2.54148e-10 96 2.54148e-10
0.0533146 1.42535e-09 72 1.42535e-09
0.0536836 1.04855e-09 96 1.04855e-09
0.05405 1.02002e-09 240 1.02002e-09
0.054414 4.79997e-10 112 4.79997e-10
0.0547755 3.2044e-10 48 3.2044e-10
0.0551347 6.61817e-10 192 6.61817e-10
0.0554916 6.09504e-10 96 6.09504e-10
0.0561985 1.64347e-09 48 1.64347e-09
0.0565487 7.54891e-10 204 7.54891e-10
0.0568967 1.6342e-09 96 1.6342e-09
0.0572425 1.28785e-09 144 1.28785e-09
0.0575863 1.10043e-09 96 1.10043e-09
0.0579281 1.35504e-09 96 1.35504e-09
0.0582679 1.81944e-09 240 1.81944e-09
0.0589415 2.17639e-10 48 2.17639e-10
0.0592755 1.36374e-09 288 1.36374e-09
0.0596075 9.00167e-10 240 9.00167e-10
0.0599378 3.7024e-09 96 3.7024e-09
0.0605928 7.4112e-10 96 7.4112e-10
0.0609177 1.32124e-09 192 1.32124e-09
0.0615624 1.00603e-09 48 1.00603e-09
0.0618822 8.69629e-10 96 8.69629e-10
0.0622004 1.64976e-09 216 1.64976e-09
0.0625169 1.12062e-09 144 1.12062e-09
0.0628319 2.27415e-09 60 2.27415e-09
0.0631452 2.05474e-09 336 2.05474e-09
0.0634571 2.57796e-09 96 2.57796e-09
0.0640762 2.21885e-09 144 2.21885e-09
0.0643835 2.04513e-09 192 2.04513e-09
0.0646894 1.64171e-09 144 1.64171e-09
0.0649938 1.91992e-09 144 1.91992e-09
0.0652968 1.96601e-09 64 1.96601e-09
0.0655984 2.58118e-09 144 2.58118e-09
0.0658986 2.29127e-09 288 2.29127e-09
0.0667912 2.64044e-09 192 2.64044e-09
0.0670861 1.01907e-09 192 1.01907e-09
0.0673797 1.84525e-09 96 1.84525e-09
0.067672 1.89321e-09 144 1.89321e-09
0.067963 1.94755e-09 240 1.94755e-09
0.0682529 2.41664e-09 144 2.41664e-09
0.0688288 2.03534e-09 96 2.03534e-09
0.069115 1.21766e-09 156 1.21766e-09
0.0694001 2.45001e-09 240 2.45001e-09
0.0696839 1.92973e-09 96 1.92973e-09
0.0702481 2.98439e-09 288 2.98439e-09
0.0705286 3.16782e-09 288 3.16782e-09
0.0710861 7.79132e-10 24 7.79132e-10
0.0713633 2.56319e-09 288 2.56319e-09
0.0716393 4.64301e-09 96 4.64301e-09
0.0719926 2.99785e-09 336 2.99785e-09
0.0724612 2.25144e-09 96 2.25144e-09
0.0727331 2.95606e-09 336 2.95606e-09
0.0734532 2.48008e-09 288 2.48008e-09
0.0738107 2.76852e-09 192 2.76852e-09
0.0740777 3.40653e-09 144 3.40653e-09
0.0743437 1.6696e-09 96 1.6696e-09
0.0746967 2.90665e-09 288 2.90665e-09
0.0753982 1.00224e-09 60 1.00224e-09
0.0758332 4.26003e-09 576 4.26003e-09
0.0761796 2.89399e-09 112 2.89399e-09
0.0766638 3.44374e-09 384 3.44374e-09
0.076953 3.0807e-09 240 3.0807e-09
0.0776339 3.72506e-09 432 3.72506e-09
0.0779723 3.87213e-09 192 3.87213e-09
0.078225 3.03882e-09 192 3.03882e-09
0.0787281 7.31898e-09 144 7.31898e-09
0.0789784 3.54603e-09 192 3.54603e-09
0.0794767 6.26565e-09 48 6.26565e-09
0.0798137 4.00422e-09 600 4.00422e-09
0.0802183 2.3912e-09 48 2.3912e-09
0.0805865 3.97729e-09 384 3.97729e-09
0.0809532 3.87284e-09 240 3.87284e-09
0.0814394 3.06393e-09 96 3.06393e-09
0.0818379 5.53605e-09 444 5.53605e-09
0.0821633 4.23447e-09 240 4.23447e-09
0.0826125 5.75893e-09 384 5.75893e-09
0.0828809 5.66569e-09 288 5.66569e-09
0.0833559 3.24681e-09 48 3.24681e-09
0.0837495 6.14119e-09 288 6.14119e-09
0.0840633 4.93111e-09 240 4.93111e-09
0.0844439 4.15792e-09 384 4.15792e-09
0.0847648 4.52044e-09 288 4.52044e-09
0.0852293 4.81867e-09 96 4.81867e-09
0.0855594 5.78303e-09 672 5.78303e-09
0.0859213 5.18864e-09 96 5.18864e-09
0.0864252 5.37258e-09 480 5.37258e-09
0.0870624 1.84104e-10 16 1.84104e-10
0.0872888 3.76961e-09 96 3.76961e-09
0.087579 5.93098e-09 672 5.93098e-09
0.0881192 5.42214e-09 348 5.42214e-09
0.0884123 5.76549e-09 240 5.76549e-09
0.0889978 7.87691e-09 456 7.87691e-09
0.089427 6.95712e-09 336 6.95712e-09
0.0898883 9.11862e-09 288 9.11862e-09
0.0901807 7.18319e-09 480 7.18319e-09
0.0906174 6.14104e-09 48 6.14104e-09
0.090897 6.84783e-09 672 6.84783e-09
0.0913765 5.72256e-09 288 5.72256e-09
0.0917922 8.58514e-09 336 8.58514e-09
0.0923436 7.94942e-09 192 7.94942e-09
0.0926754 4.75069e-09 432 4.75069e-09
0.0932651 7.63953e-09 576 7.63953e-09
0.0936174 1.05133e-08 288 1.05133e-08
0.0941969 5.87737e-09 396 5.87737e-09
0.094573 8.17716e-09 432 8.17716e-09
0.0950225 1.11058e-08 336 1.11058e-08
0.0952892 9.09966e-09 480 9.09966e-09
0.0958792 1.31284e-08 336 1.31284e-08
0.0962314 1.00095e-08 672 1.00095e-08
0.0968099 8.03478e-09 480 8.03478e-09
0.097638 1.06286e-08 552 1.06286e-08
0.0981837 1.00232e-08 688 1.00232e-08
0.0985479 7.59801e-09 288 7.59801e-09
0.0990673 7.66005e-09 480 7.66005e-09
0.0994528 1.08758e-08 624 1.08758e-08
0.100098 9.69784e-09 480 9.69784e-09
0.100531 2.27232e-08 12 2.27232e-08
0.100874 1.07844e-08 768 1.07844e-08
0.101448 1.27435e-08 624 1.27435e-08
0.101924 9.8038e-09 336 9.8038e-09
0.102421 1.40346e-08 672 1.40346e-08
0.102983 1.35227e-08 672 1.35227e-08
0.103243 9.78335e-09 384 9.78335e-09
0.103879 1.32669e-08 576 1.32669e-08
0.104279 1.42639e-08 432 1.42639e-08
0.104705 1.01772e-08 480 1.01772e-08
0.105349 1.31636e-08 768 1.31636e-08
0.1057 1.16121e-08 144 1.16121e-08
0.106152 1.25683e-08 672 1.25683e-08
0.106914 1.33457e-08 756 1.33457e-08
0.107244 1.46529e-08 288 1.46529e-08
0.107631 1.38e-08 768 1.38e-08
0.10826 1.62232e-08 768 1.62232e-08
0.108777 1.36927e-08 688 1.36927e-08
0.10919 1.24018e-08 288 1.24018e-08
0.109816 1.72217e-08 912 1.72217e-08
0.110311 1.66467e-08 624 1.66467e-08
0.110746 1.04657e-08 288 1.04657e-08
0.111354 1.64852e-08 1104 1.64852e-08
0.111965 1.71944e-08 528 1.71944e-08
0.112557 1.65156e-08 528 1.65156e-08
0.112926 1.61974e-08 588 1.61974e-08
0.113378 1.65388e-08 864 1.65388e-08
0.113986 2.26629e-08 864 2.26629e-08
0.114516 1.30612e-08 528 1.30612e-08
0.114915 3.18279e-08 384 3.18279e-08
0.115567 1.96947e-08 936 1.96947e-08
0.116093 1.97125e-08 1104 1.97125e-08
0.116705 1.73347e-08 672 1.73347e-08
0.117239 2.29483e-08 576 2.29483e-08
0.117777 1.71815e-08 912 1.71815e-08
0.118366 1.7753e-08 864 1.7753e-08
0.118788 2.28232e-08 336 2.28232e-08
0.119469 2.37115e-08 1132 2.37115e-08
0.120077 2.65133e-08 864 2.65133e-08
0.120751 2.04315e-08 864 2.04315e-08
0.121153 1.99717e-08 720 1.99717e-08
0.121711 2.39409e-08 1248 2.39409e-08
0.122203 2.97328e-08 528 2.97328e-08
0.122718 2.20755e-08 720 2.20755e-08
0.123453 3.06812e-08 912 3.06812e-08
0.123969 2.36225e-08 1008 2.36225e-08
0.12467 2.064e-08 1128 2.064e-08
0.12526 2.75056e-08 768 2.75056e-08
0.125876 2.82319e-08 924 2.82319e-08
0.126429 2.84582e-08 1248 2.84582e-08
0.127121 2.89903e-08 864 2.89903e-08
0.127677 3.21128e-08 1248 3.21128e-08
0.128318 2.80172e-08 624 2.80172e-08
0.128807 2.63164e-08 1104 2.63164e-08
0.129504 3.18687e-08 816 3.18687e-08
0.129878 3.07164e-08 1200 3.07164e-08
0.130701 2.92797e-08 1216 2.92797e-08
0.131297 2.61481e-08 1008 2.61481e-08
0.131933 3.17004e-08 1020 3.17004e-08
0.13258 3.54608e-08 1200 3.54608e-08
0.133214 3.46802e-08 984 3.46802e-08
0.133672 3.97043e-08 1104 3.97043e-08
0.134446 3.18929e-08 1392 3.18929e-08
0.13492 3.81313e-08 1008 3.81313e-08
0.135589 4.18789e-08 1056 4.18789e-08
0.136149 3.27895e-08 1248 3.27895e-08
0.136788 3.73325e-08 1008 3.73325e-08
0.137489 3.92281e-08 1104 3.92281e-08
0.138157 3.68836e-08 1308 3.68836e-08
0.138792 3.75063e-08 1680 3.75063e-08
0.139482 4.44208e-08 1488 4.44208e-08
0.140148 4.67533e-08 912 4.67533e-08
0.140735 5.50203e-08 1296 5.50203e-08
0.141506 4.30635e-08 1792 4.30635e-08
0.142105 4.19374e-08 792 4.19374e-08
0.142726 3.46161e-08 1632 3.46161e-08
0.14348 4.01049e-08 1344 4.01049e-08
0.144008 4.54534e-08 1104 4.54534e-08
0.14474 4.59365e-08 1788 4.59365e-08
0.145447 5.6412e-08 1344 5.6412e-08
0.146112 5.64492e-08 1248 5.64492e-08
0.146784 4.78059e-08 1776 4.78059e-08
0.147376 4.86759e-08 1440 4.86759e-08
0.148179 5.35665e-08 1872 5.35665e-08
0.148977 4.8452e-08 1296 4.8452e-08
0.149637 5.17828e-08 1872 5.17828e-08
0.150285 5.4585e-08 1392 5.4585e-08
0.151106 6.33804e-08 1236 6.33804e-08
0.151697 5.73095e-08 2016 5.73095e-08
0.15237 6.14743e-08 1744 6.14743e-08
0.153147 5.65319e-08 1920 5.65319e-08
0.153934 6.53627e-08 1776 6.53627e-08
0.154569 5.20932e-08 1296 5.20932e-08
0.155288 6.49747e-08 1680 6.49747e-08
0.155941 6.14442e-08 1824 6.14442e-08
0.156682 4.69687e-08 1548 4.69687e-08
0.157451 7.2064e-08 2544 7.2064e-08
0.158249 7.10468e-08 1824 7.10468e-08
0.159019 8.05088e-08 1728 8.05088e-08
0.159745 6.56503e-08 1848 6.56503e-08
0.160428 7.27839e-08 2160 7.27839e-08
0.161255 7.27979e-08 2016 7.27979e-08
0.161989 6.11067e-08 2256 6.11067e-08
0.162879 6.72973e-08 1536 6.72973e-08
0.1635 7.4834e-08 2092 7.4834e-08
0.164304 7.8419e-08 2304 7.8419e-08
0.16512 8.99006e-08 2544 8.99006e-08
0.165918 7.51048e-08 1824 7.51048e-08
0.166638 8.2736e-08 2400 8.2736e-08
0.167465 8.13553e-08 2160 8.13553e-08
0.1681 7.68832e-08 1680 7.68832e-08
0.169017 8.67413e-08 2664 8.67413e-08
0.169783 8.81231e-08 2124 8.81231e-08
0.170536 8.9982e-08 2640 8.9982e-08
0.17142 1.06933e-07 2496 1.06933e-07
0.172167 9.29518e-08 2208 9.29518e-08
0.173001 9.45496e-08 2784 9.45496e-08
0.173739 9.94648e-08 1552 9.94648e-08
0.174601 9.16735e-08 3456 9.16735e-08
0.175449 1.03048e-07 2448 1.03048e-07
0.17633 1.04745e-07 2508 1.04745e-07
0.177179 1.15671e-07 2736 1.15671e-07
0.177982 1.09961e-07 2472 1.09961e-07
0.178748 1.0671e-07 3216 1.0671e-07
0.179662 1.16491e-07 2016 1.16491e-07
0.180329 1.07572e-07 2976 1.07572e-07
0.181298 1.14211e-07 2880 1.14211e-07
0.182161 9.92002e-08 2316 9.92002e-08
0.182962 1.31156e-07 3648 1.31156e-07
0.183819 1.31612e-07 2928 1.31612e-07
0.184763 1.1909e-07 2896 1.1909e-07
0.18557 1.27331e-07 3120 1.27331e-07
0.186484 1.2454e-07 2856 1.2454e-07
0.187347 1.1525e-07 3360 1.1525e-07
0.188277 1.26507e-07 2988 1.26507e-07
0.189164 1.43782e-07 3888 1.43782e-07
0.190083 1.32715e-07 2736 1.32715e-07
0.190912 1.59362e-07 3168 1.59362e-07
0.191791 1.46389e-07 3552 1.46389e-07
0.192627 1.44809e-07 2880 1.44809e-07
0.19355 1.40822e-07 3936 1.40822e-07
0.194476 1.67553e-07 2748 1.67553e-07
0.195383 1.62554e-07 4200 1.62554e-07
0.196314 1.61554e-07 3280 1.61554e-07
0.19731 1.5842e-07 4992 1.5842e-07
0.198246 1.46197e-07 2496 1.46197e-07
0.198969 1.79089e-07 3024 1.79089e-07
0.200004 1.60162e-07 4560 1.60162e-07
0.200981 1.78349e-07 3852 1.78349e-07
0.201907 1.86596e-07 4128 1.86596e-07
0.202923 1.90117e-07 3840 1.90117e-07
0.203766 1.88692e-07 3888 1.88692e-07
0.204817 1.8441e-07 4344 1.8441e-07
0.205802 1.84008e-07 4512 1.84008e-07
0.206744 1.76788e-07 3472 1.76788e-07
0.207695 1.96969e-07 4188 1.96969e-07
0.208661 2.27661e-07 4656 2.27661e-07
0.209635 2.09289e-07 4512 2.09289e-07
0.210605 1.94794e-07 3840 1.94794e-07
0.211552 2.0305e-07 5040 2.0305e-07
0.212598 2.34596e-07 4176 2.34596e-07
0.213716 2.28701e-07 5268 2.28701e-07
0.214685 2.42895e-07 4656 2.42895e-07
0.215636 2.21757e-07 4608 2.21757e-07
0.2167 2.5429e-07 5136 2.5429e-07
0.217712 2.29541e-07 4048 2.29541e-07
0.21856 2.14728e-07 4704 2.14728e-07
0.21964 2.4503e-07 5436 2.4503e-07
0.220689 2.6485e-07 5040 2.6485e-07
0.221792 2.54275e-07 5544 2.54275e-07
0.222806 2.61336e-07 5280 2.61336e-07
0.223891 2.53253e-07 5760 2.53253e-07
0.224992 2.55294e-07 4896 2.55294e-07
0.225967 2.9424e-07 4956 2.9424e-07
0.226978 2.98909e-07 5808 2.98909e-07
0.228073 3.23921e-07 5632 3.23921e-07
0.229091 2.82628e-07 6048 2.82628e-07
0.230305 2.89834e-07 5904 2.89834e-07
0.231358 3.19784e-07 5592 3.19784e-07
0.232405 2.97071e-07 5964 2.97071e-07
0.23355 3.29943e-07 6624 3.29943e-07
0.234601 3.32613e-07 5376 3.32613e-07
0.235688 3.26223e-07 6288 3.26223e-07
0.236855 3.25743e-07 7344 3.25743e-07
0.237877 3.35377e-07 4656 3.35377e-07
0.239086 3.66337e-07 8092 3.66337e-07
0.240233 3.57957e-07 5688 3.57957e-07
0.241291 3.63098e-07 7200 3.63098e-07
0.242431 3.63476e-07 6528 3.63476e-07
0.243572 3.51821e-07 6576 3.51821e-07
0.244685 3.85475e-07 6396 3.85475e-07
0.245798 3.90961e-07 7728 3.90961e-07
0.246976 4.15587e-07 6912 4.15587e-07
0.248127 4.19292e-07 7488 4.19292e-07
0.24936 4.07244e-07 7752 4.07244e-07
0.250523 4.2598e-07 6784 4.2598e-07
0.251669 4.41269e-07 7836 4.41269e-07
0.252872 4.73583e-07 7728 4.73583e-07
0.254083 4.35067e-07 8208 4.35067e-07
0.255199 4.67644e-07 6960 4.67644e-07
0.256387 4.64691e-07 8160 4.64691e-07
0.257664 4.63013e-07 8340 4.63013e-07
0.258855 4.91828e-07 8352 4.91828e-07
0.26008 5.03426e-07 9120 5.03426e-07
0.261336 4.92082e-07 7312 4.92082e-07
0.262469 4.7611e-07 8688 4.7611e-07
0.263809 5.00959e-07 9660 5.00959e-07
0.265071 5.56919e-07 8832 5.56919e-07
0.266256 5.6581e-07 7752 5.6581e-07
0.267421 5.27712e-07 9504 5.27712e-07
0.268761 5.54845e-07 9936 5.54845e-07
0.2701 5.81003e-07 8988 5.81003e-07
0.27124 6.1114e-07 8400 6.1114e-07
0.272568 5.83315e-07 11584 5.83315e-07
0.273851 6.09314e-07 8448 6.09314e-07
0.275155 5.98725e-07 10440 5.98725e-07
0.276427 6.14688e-07 9180 6.14688e-07
0.277657 6.66515e-07 10656 6.66515e-07
0.27902 6.41853e-07 10608 6.41853e-07
0.280352 6.17349e-07 10080 6.17349e-07
0.281565 6.61298e-07 9840 6.61298e-07
0.282918 6.96456e-07 11500 6.96456e-07
0.284302 7.00524e-07 10776 7.00524e-07
0.285589 6.75933e-07 11568 6.75933e-07
0.286971 7.19144e-07 10800 7.19144e-07
0.288304 6.88546e-07 11280 6.88546e-07
0.289695 7.69932e-07 11868 7.69932e-07
0.291035 7.60741e-07 12240 7.60741e-07
0.292425 8.01155e-07 11088 8.01155e-07
0.293779 7.761e-07 12328 7.761e-07
0.295153 7.91703e-07 11676 7.91703e-07
0.296461 8.82507e-07 12288 8.82507e-07
0.297907 7.9173e-07 12576 7.9173e-07
0.299258 8.47353e-07 13152 8.47353e-07
0.300748 8.65987e-07 13008 8.65987e-07
0.302188 8.79811e-07 13188 8.79811e-07
0.30361 8.81758e-07 14016 8.81758e-07
0.305003 9.05492e-07 12400 9.05492e-07
0.306412 8.90307e-07 13536 8.90307e-07
0.307876 9.84726e-07 14364 9.84726e-07
0.309298 9.94414e-07 13728 9.94414e-07
0.310761 9.70198e-07 14616 9.70198e-07
0.312204 1.01483e-06 13488 1.01483e-06
0.313652 9.7986e-07 15372 9.7986e-07
0.315175 1.04793e-06 14560 1.04793e-06
0.31662 1.03091e-06 15840 1.03091e-06
0.318151 1.07397e-06 15120 1.07397e-06
0.319599 1.04912e-06 13896 1.04912e-06
0.321058 1.11454e-06 16860 1.11454e-06
0.322645 1.15653e-06 16656 1.15653e-06
0.324166 1.1502e-06 15648 1.1502e-06
0.32568 1.17683e-06 16320 1.17683e-06
0.327167 1.21329e-06 16060 1.21329e-06
0.328774 1.25387e-06 18744 1.25387e-06
0.330313 1.23157e-06 15936 1.23157e-06
0.331826 1.31179e-06 17136 1.31179e-06
0.333427 1.29694e-06 17868 1.29694e-06
0.334947 1.34293e-06 17904 1.34293e-06
0.336524 1.34142e-06 17760 1.34142e-06
0.338146 1.28957e-06 19096 1.28957e-06
0.339739 1.39463e-06 18252 1.39463e-06
0.341313 1.41281e-06 18768 1.41281e-06
0.342874 1.43267e-06 18576 1.43267e-06
0.344468 1.43122e-06 19584 1.43122e-06
0.346116 1.55329e-06 19140 1.55329e-06
0.34771 1.5796e-06 20752 1.5796e-06
0.349362 1.58042e-06 20304 1.58042e-06
0.351033 1.54229e-06 19920 1.54229e-06
0.352646 1.58134e-06 21564 1.58134e-06
0.354377 1.67071e-06 21984 1.67071e-06
0.356063 1.62655e-06 20904 1.62655e-06
0.357696 1.65327e-06 21612 1.65327e-06
0.359426 1.76766e-06 22624 1.76766e-06
0.361079 1.74015e-06 22224 1.74015e-06
0.362754 1.7774e-06 21696 1.7774e-06
0.364449 1.87025e-06 22788 1.87025e-06
0.366133 1.89372e-06 23904 1.89372e-06
0.367846 1.94536e-06 22704 1.94536e-06
0.369601 1.87433e-06 25168 1.87433e-06
0.371397 1.97521e-06 24780 1.97521e-06
0.373143 1.99333e-06 24504 1.99333e-06
0.374848 1.98481e-06 24480 1.98481e-06
0.37663 2.1071e-06 24972 2.1071e-06
0.378363 2.12709e-06 26160 2.12709e-06
0.380139 2.18275e-06 25936 2.18275e-06
0.381916 2.11089e-06 25224 2.11089e-06
0.38369 2.24909e-06 27948 2.24909e-06
0.385541 2.21958e-06 27888 2.21958e-06
0.387327 2.32898e-06 25680 2.32898e-06
0.3891 2.25492e-06 28716 2.25492e-06
0.390994 2.47278e-06 29176 2.47278e-06
0.392843 2.39747e-06 29376 2.39747e-06
0.394661 2.42502e-06 27120 2.42502e-06
0.396505 2.53565e-06 31164 2.53565e-06
0.398367 2.58574e-06 29088 2.58574e-06
0.400233 2.49259e-06 30840 2.49259e-06
0.402152 2.67224e-06 31228 2.67224e-06
0.40399 2.71078e-06 29760 2.71078e-06
0.405874 2.70081e-06 33456 2.70081e-06
0.407843 2.76707e-06 31380 2.76707e-06
0.409716 2.9154e-06 32496 2.9154e-06
0.411602 2.93375e-06 33168 2.93375e-06
0.413596 2.86174e-06 33808 2.86174e-06
0.415548 3.05702e-06 34860 3.05702e-06
0.417499 3.03907e-06 33816 3.03907e-06
0.419429 3.0619e-06 35280 3.0619e-06
0.421439 3.1926e-06 35100 3.1926e-06
0.4234 3.22578e-06 37392 3.22578e-06
0.425408 3.16159e-06 35584 3.16159e-06
0.42739 3.29411e-06 36276 3.29411e-06
0.42937 3.34538e-06 38784 3.34538e-06
0.431414 3.38869e-06 37536 3.38869e-06
0.433421 3.45929e-06 38076 3.45929e-06
0.435438 3.57017e-06 38920 3.57017e-06
0.437444 3.55453e-06 39984 3.55453e-06
0.4396 3.68719e-06 42348 3.68719e-06
0.441671 3.72061e-06 40080 3.72061e-06
0.443727 3.84547e-06 41256 3.84547e-06
0.445802 3.89231e-06 41596 3.89231e-06
0.447878 3.9609e-06 42960 3.9609e-06
0.449991 3.84191e-06 43584 3.84191e-06
0.452114 4.07372e-06 42828 4.07372e-06
0.454235 4.18152e-06 46200 4.18152e-06
0.456374 4.23184e-06 43984 4.23184e-06
0.458534 4.20747e-06 46812 4.20747e-06
0.460666 4.39366e-06 45072 4.39366e-06
0.46284 4.36633e-06 48696 4.36633e-06
0.465042 4.58049e-06 47196 4.58049e-06
0.467214 4.67924e-06 48448 4.67924e-06
0.469406 4.61708e-06 49296 4.61708e-06
0.471626 4.84215e-06 49236 4.84215e-06
0.473743 4.90238e-06 48384 4.90238e-06
0.475977 4.75172e-06 52416 4.75172e-06
0.478226 5.20771e-06 51580 5.20771e-06
0.480485 5.18644e-06 53832 5.18644e-06
0.482752 5.10153e-06 52428 5.10153e-06
0.485019 5.36142e-06 55056 5.36142e-06
0.487306 5.32262e-06 55440 5.32262e-06
0.48961 5.46243e-06 54244 5.46243e-06
0.491868 5.64105e-06 57264 5.64105e-06
0.494198 5.48731e-06 57360 5.48731e-06
0.496522 5.7452e-06 57444 5.7452e-06
0.498833 5.91447e-06 60000 5.91447e-06
0.501204 5.87168e-06 58816 5.87168e-06
0.50355 6.17189e-06 61356 6.17189e-06
0.505916 6.06215e-06 61320 6.06215e-06
0.508313 6.22813e-06 62988 6.22813e-06
0.510704 6.50928e-06 62896 6.50928e-06
0.513084 6.30588e-06 64320 6.30588e-06
0.515543 6.58151e-06 66180 6.58151e-06
0.51795 6.94828e-06 65328 6.94828e-06
0.520364 6.69407e-06 65436 6.69407e-06
0.522793 7.00788e-06 68944 7.00788e-06
0.52526 7.03076e-06 68520 7.03076e-06
0.527713 7.17368e-06 68604 7.17368e-06
0.530156 7.26085e-06 70944 7.26085e-06
0.532669 7.3321e-06 72040 7.3321e-06
0.535188 7.54189e-06 73884 7.54189e-06
0.5377 7.58115e-06 72720 7.58115e-06
0.540241 7.79051e-06 76332 7.79051e-06
0.542756 7.94662e-06 73608 7.94662e-06
0.545284 7.91163e-06 77728 7.91163e-06
0.54787 8.25379e-06 78732 8.25379e-06
0.550466 8.27428e-06 80136 8.27428e-06
0.553028 8.4038e-06 77820 8.4038e-06
0.555606 8.52895e-06 82720 8.52895e-06
0.558224 8.69802e-06 81564 8.69802e-06
0.56083 8.85688e-06 84408 8.85688e-06
0.56345 9.04644e-06 83088 9.04644e-06
0.566114 9.31561e-06 89020 9.31561e-06
0.568794 9.25297e-06 85896 9.25297e-06
0.57145 9.52423e-06 88956 9.52423e-06
0.574166 9.47575e-06 92064 9.47575e-06
0.576877 9.73953e-06 88804 9.73953e-06
0.57954 1.00685e-05 92640 1.00685e-05
0.582264 9.99496e-06 93696 9.99496e-06
0.585017 1.04344e-05 95628 1.04344e-05
0.587762 1.01813e-05 96520 1.01813e-05
0.590569 1.07114e-05 99516 1.07114e-05
0.593327 1.07847e-05 98064 1.07847e-05
0.596104 1.0723e-05 99540 1.0723e-05
0.598885 1.11008e-05 102112 1.11008e-05
0.601688 1.11971e-05 103008 1.11971e-05
0.60453 1.14176e-05 105732 1.14176e-05
0.607362 1.16723e-05 105696 1.16723e-05
0.610229 1.18791e-05 109084 1.18791e-05
0.613094 1.18702e-05 108552 1.18702e-05
0.615957 1.22654e-05 110124 1.22654e-05
0.618839 1.22749e-05 113136 1.22749e-05
0.62177 1.24442e-05 114532 1.24442e-05
0.624688 1.27199e-05 116112 1.27199e-05
0.627616 1.27633e-05 115500 1.27633e-05
0.630554 1.29832e-05 120760 1.29832e-05
0.633541 1.336e-05 120780 1.336e-05
0.63652 1.35042e-05 123216 1.35042e-05
0.639512 1.38028e-05 122724 1.38028e-05
0.64251 1.42165e-05 127504 1.42165e-05
0.64554 1.42203e-05 127056 1.42203e-05
0.648554 1.45979e-05 128100 1.45979e-05
0.651549 1.45485e-05 129568 1.45485e-05
0.654649 1.50721e-05 137628 1.50721e-05
0.657741 1.49002e-05 132312 1.49002e-05
0.66081 1.5434e-05 137436 1.5434e-05
0.663899 1.53829e-05 138208 1.53829e-05
0.667047 1.592e-05 143364 1.592e-05
0.670183 1.59481e-05 141024 1.59481e-05
0.673306 1.65948e-05 144556 1.65948e-05
0.676483 1.63666e-05 149064 1.63666e-05
0.679687 1.70303e-05 148908 1.70303e-05
0.682871 1.70929e-05 151080 1.70929e-05
0.686079 1.72199e-05 153052 1.72199e-05
0.689314 1.75056e-05 157296 1.75056e-05
0.692548 1.80883e-05 154740 1.80883e-05
0.695723 1.80227e-05 156544 1.80227e-05
0.698997 1.86998e-05 165420 1.86998e-05
0.702314 1.86987e-05 164292 1.86987e-05
0.705609 1.89731e-05 167424 1.89731e-05
0.708938 1.90144e-05 169420 1.90144e-05
0.712273 1.93478e-05 172344 1.93478e-05
0.715624 1.96008e-05 172812 1.96008e-05
0.718964 2.00802e-05 176488 2.00802e-05
0.722353 2.02835e-05 179340 2.02835e-05
0.725741 2.03815e-05 181584 2.03815e-05
0.729184 2.08846e-05 186388 2.08846e-05
0.732605 2.13051e-05 184704 2.13051e-05
0.736035 2.17428e-05 189828 2.17428e-05
0.739481 2.1736e-05 191008 2.1736e-05
0.742951 2.21415e-05 194460 2.21415e-05
0.746441 2.25024e-05 197604 2.25024e-05
0.749957 2.30514e-05 201904 2.30514e-05
0.753469 2.30751e-05 199980 2.30751e-05
0.756983 2.35772e-05 206712 2.35772e-05
0.760565 2.37478e-05 210028 2.37478e-05
0.764149 2.41146e-05 213096 2.41146e-05
0.767736 2.45306e-05 212604 2.45306e-05
0.771306 2.46315e-05 216004 2.46315e-05
0.774926 2.52437e-05 223392 2.52437e-05
0.778598 2.56292e-05 224316 2.56292e-05
0.782245 2.58558e-05 226600 2.58558e-05
0.785923 2.63322e-05 230604 2.63322e-05
0.789616 2.63797e-05 234792 2.63797e-05
0.793312 2.71251e-05 234316 2.71251e-05
0.797042 2.70911e-05 242940 2.70911e-05
0.800776 2.78004e-05 241320 2.78004e-05
0.804553 2.80601e-05 250060 2.80601e-05
0.808343 2.85388e-05 250776 2.85388e-05
0.812158 2.90351e-05 256188 2.90351e-05
0.815959 2.9174e-05 254116 2.9174e-05
0.819781 2.98083e-05 264672 2.98083e-05
0.823648 3.02633e-05 264012 3.02633e-05
0.827505 3.04078e-05 268324 3.04078e-05
0.8314 3.13187e-05 275520 3.13187e-05
0.835324 3.14109e-05 275604 3.14109e-05
0.839214 3.18414e-05 278032 3.18414e-05
0.843171 3.22111e-05 288708 3.22111e-05
0.847141 3.23901e-05 285628 3.23901e-05
0.851084 3.3268e-05 291864 3.3268e-05
0.855081 3.34683e-05 296412 3.34683e-05
0.859091 3.37625e-05 301132 3.37625e-05
0.863128 3.43501e-05 305640 3.43501e-05
0.867194 3.50086e-05 310284 3.50086e-05
0.87127 3.53243e-05 314440 3.53243e-05
0.875368 3.62126e-05 318396 3.62126e-05
0.879473 3.6418e-05 321988 3.6418e-05
0.883606 3.67408e-05 329088 3.67408e-05
0.887753 3.75724e-05 330564 3.75724e-05
0.891919 3.78746e-05 336700 3.78746e-05
0.896109 3.85878e-05 343320 3.85878e-05
0.900336 3.8942e-05 347244 3.8942e-05
0.904563 3.91933e-05 350068 3.91933e-05
0.908805 3.93718e-05 357024 3.93718e-05
0.913051 4.0252e-05 357292 4.0252e-05
0.917348 4.08411e-05 370932 4.08411e-05
0.921672 4.12607e-05 370764 4.12607e-05
0.925992 4.21415e-05 376504 4.21415e-05
0.930354 4.25192e-05 384252 4.25192e-05
0.93473 4.25328e-05 387124 4.25328e-05
0.939107 4.35116e-05 392352 4.35116e-05
0.943526 4.42526e-05 400260 4.42526e-05
0.947959 4.46175e-05 402652 4.46175e-05
0.952394 4.49719e-05 409944 4.49719e-05
0.956874 4.61465e-05 416812 4.61465e-05
0.961345 4.61711e-05 416724 4.61711e-05
0.965874 4.6769e-05 435324 4.6769e-05
0.970451 4.74824e-05 434248 4.74824e-05
0.974982 4.8093e-05 434892 4.8093e-05
0.979556 4.85483e-05 449380 4.85483e-05
0.984147 4.87405e-05 448116 4.87405e-05
0.988771 5.01484e-05 463696 5.01484e-05
0.993453 5.01141e-05 467988 5.01141e-05
0.998112 5.12134e-05 468396 5.12134e-05
1.00278 5.15234e-05 479416 5.15234e-05
1.00751 5.2326e-05 487260 5.2326e-05
1.01226 5.29747e-05 494020 5.29747e-05
1.01699 5.38916e-05 492828 5.38916e-05
1.02174 5.41333e-05 507544 5.41333e-05
1.02654 5.49618e-05 513804 5.49618e-05
1.03137 5.56228e-05 522132 5.56228e-05
1.03624 5.63801e-05 531916 5.63801e-05
1.0411 5.68907e-05 530196 5.68907e-05
1.04596 5.78014e-05 542848 5.78014e-05
1.05088 5.81543e-05 553716 5.81543e-05
1.05585 5.91045e-05 562372 5.91045e-05
1.06082 5.98488e-05 565836 5.98488e-05
1.06577 6.03072e-05 570292 6.03072e-05
1.07077 6.10159e-05 586560 6.10159e-05
1.07581 6.18177e-05 589204 6.18177e-05
1.08087 6.26052e-05 602556 6.26052e-05
1.08595 6.31644e-05 605908 6.31644e-05
1.09104 6.3796e-05 615348 6.3796e-05
1.09614 6.47749e-05 621120 6.47749e-05
1.1013 6.56948e-05 641668 6.56948e-05
1.1065 6.57759e-05 643164 6.57759e-05
1.1117 6.71639e-05 650452 6.71639e-05
1.11691 6.78388e-05 662844 6.78388e-05
1.12216 6.87778e-05 670132 6.87778e-05
1.12744 6.93665e-05 682680 6.93665e-05
1.13272 7.01447e-05 684076 7.01447e-05
1.13803 7.11021e-05 702708 7.11021e-05
1.14339 7.18918e-05 710956 7.18918e-05
1.14877 7.2772e-05 720132 7.2772e-05
1.15416 7.36549e-05 729268 7.36549e-05
1.15957 7.4062e-05 738144 7.4062e-05
1.16503 7.56014e-05 755284 7.56014e-05
1.17053 7.61752e-05 764148 7.61752e-05
1.17602 7.7173e-05 768028 7.7173e-05
1.18154 7.78086e-05 786132 7.78086e-05
1.18707 7.90197e-05 787900 7.90197e-05
1.19264 7.9318e-05 808308 7.9318e-05
1.19826 8.06577e-05 818356 8.06577e-05
1.20388 8.14091e-05 826668 8.14091e-05
1.20954 8.19859e-05 842392 8.19859e-05
1.21521 8.32433e-05 845316 8.32433e-05
1.22091 8.46621e-05 869980 8.46621e-05
1.22666 8.56677e-05 874884 8.56677e-05
1.23241 8.61536e-05 886132 8.61536e-05
1.2382 8.73146e-05 904300 8.73146e-05
1.24401 8.81334e-05 911076 8.81334e-05
1.24985 8.92145e-05 926764 8.92145e-05
1.25571 8.97856e-05 937332 8.97856e-05
1.26162 9.15989e-05 959284 9.15989e-05
1.26756 9.21789e-05 965628 9.21789e-05
1.2735 9.35868e-05 978772 9.35868e-05
1.27948 9.4783e-05 997284 9.4783e-05
1.2855 9.52753e-05 1006900 9.52753e-05
1.29154 9.65806e-05 1025676 9.65806e-05
1.29761 9.73808e-05 1035172 9.73808e-05
1.30369 9.85499e-05 1048744 9.85499e-05
1.3098 9.96474e-05 1068540 9.96474e-05
1.31596 0.000100806 1080772 0.000100806
1.32215 0.000102084 1101876 0.000102084
1.32836 0.000103148 1108540 0.000103148
1.33459 0.000104357 1129956 0.000104357
1.34087 0.000105669 1148740 0.000105669
1.34718 0.000106348 1159228 0.000106348
1.3535 0.000107809 1175556 0.000107809
1.35985 0.000108774 1193956 0.000108774
1.36624 0.000110527 1213140 0.000110527
1.37267 0.000111527 1227964 0.000111527
1.37911 0.000112611 1242400 0.000112611
1.38558 0.000114118 1262772 0.000114118
1.39208 0.000115357 1280836 0.000115357
1.39864 0.000116445 1303740 0.000116445
1.40521 0.00011831 1315540 0.00011831
1.4118 0.000119493 1334164 0.000119493
1.41842 0.000120632 1351620 0.000120632
1.42509 0.000122237 1378636 0.000122237
1.4318 0.000123642 1397508 0.000123642
1.43854 0.000125361 1413844 0.000125361
1.44529 0.000126243 1431124 0.000126243
1.45208 0.000127577 1455324 0.000127577
1.45889 0.000129344 1468852 0.000129344
1.46572 0.000130844 1491492 0.000130844
1.4726 0.000132069 1519396 0.000132069
1.47952 0.000133772 1536280 0.000133772
1.48647 0.000135385 1557540 0.000135385
1.49347 0.000136587 1591684 0.000136587
1.50049 0.000138357 1598884 0.000138357
1.50754 0.000139756 1632084 0.000139756
1.51462 0.000141095 1644076 0.000141095
1.52173 0.000143009 1675444 0.000143009
1.52887 0.000144634 1692660 0.000144634
1.53605 0.000146205 1721536 0.000146205
1.54327 0.000148372 1747444 0.000148372
1.55052 0.000150307 1770876 0.000150307
1.55781 0.000151853 1797460 0.000151853
1.56513 0.000153393 1816804 0.000153393
1.57247 0.000155493 1846452 0.000155493
1.57985 0.000156593 1867888 0.000156593
1.58727 0.00015868 1899460 0.00015868
1.59472 0.000161024 1922556 0.000161024
1.60222 0.000162381 1962436 0.000162381
1.60976 0.000164099 1978372 0.000164099
1.6173 0.000166326 2002032 0.000166326
1.62489 0.000169017 2038276 0.000169017
1.63253 0.000170708 2065684 0.000170708
1.64019 0.000172856 2090788 0.000172856
1.6479 0.000174805 2132460 0.000174805
1.65565 0.000176844 2150992 0.000176844
1.66341 0.000179068 2180308 0.000179068
1.67122 0.000181217 2220756 0.000181217
1.67908 0.000182636 2249332 0.000182636
1.68697 0.000185076 2279248 0.000185076
1.6949 0.000187707 2314228 0.000187707
1.70286 0.000189806 2342868 0.000189806
1.71085 0.000192715 2376988 0.000192715
1.71889 0.000195007 2411008 0.000195007
1.72697 0.000197438 2453188 0.000197438
1.73508 0.000199896 2471124 0.000199896
1.74322 0.000201775 2518240 0.000201775
1.75141 0.000205089 2548996 0.000205089
1.75964 0.000207121 2591188 0.000207121
1.76791 0.000209729 2616624 0.000209729
1.77621 0.0002132 2667844 0.0002132
1.78456 0.000215182 2696836 0.000215182
1.79294 0.000217735 2732224 0.000217735
1.80136 0.00022103 2779476 0.00022103
1.80982 0.000223795 2814916 0.000223795
1.81832 0.000226474 2853040 0.000226474
1.82687 0.000229718 2897620 0.000229718
1.83545 0.000232583 2931604 0.000232583
1.84406 0.000235905 2976912 0.000235905
1.85272 0.000239863 3021532 0.000239863
1.86142 0.000242244 3056596 0.000242244
1.87016 0.000245482 3105568 0.000245482
1.87895 0.00024814 3159076 0.00024814
1.88779 0.00025118 3191568 0.00025118
1.89665 0.000254594 3239860 0.000254594
1.90555 0.000258195 3274372 0.000258195
1.91449 0.000262406 3339232 0.000262406
1.9235 0.000265301 3383668 0.000265301
1.93253 0.000269171 3413904 0.000269171
1.94159 0.00027264 3479260 0.00027264
1.95073 0.000276436 3530128 0.000276436
1.95988 0.000280353 3567076 0.000280353
1.9691 0.000284028 3634960 0.000284028
1.97835 0.00028866 3674068 0.00028866
1.98765 0.000292454 3733024 0.000292454
1.99698 0.000296328 3776484 0.000296328
2.00636 0.000300811 3834112 0.000300811
2.01577 0.000305233 3883108 0.000305233
2.02525 0.000308727 3956080 0.000308727
2.03477 0.000313345 3994852 0.000313345
2.04433 0.000318514 4058512 0.000318514
2.05393 0.000322969 4112740 0.000322969
2.06357 0.000327473 4168000 0.000327473
2.07326 0.000332204 4235556 0.000332204
2.083 0.000337442 4287904 0.000337442
2.09278 0.00034176 4351228 0.00034176
2.10261 0.000346728 4412800 0.000346728
2.11248 0.000351801 4467940 0.000351801
2.12241 0.000358037 4552912 0.000358037
2.13239 0.000362803 4603696 0.000362803
2.1424 0.000368506 4665844 0.000368506
2.15246 0.000374675 4733920 0.000374675
2.16256 0.000379538 4795396 0.000379538
2.17272 0.000385855 4873288 0.000385855
2.18293 0.00039104 4945216 0.00039104
2.19319 0.000397242 5006100 0.000397242
2.20348 0.000403292 5070784 0.000403292
2.21383 0.000409794 5162176 0.000409794
2.22424 0.000415659 5225524 0.000415659
2.23469 0.000422316 5295928 0.000422316
2.24518 0.000428663 5374432 0.000428663
2.25573 0.000435588 5448868 0.000435588
2.26633 0.000443855 5531680 0.000443855
2.27697 0.000449193 5597008 0.000449193
2.28766 0.000456387 5682652 0.000456387
2.29841 0.000463816 5772256 0.000463816
2.30921 0.000471021 5841616 0.000471021
2.32005 0.000478383 5935072 0.000478383
2.33094 0.000487219 6001348 0.000487219
2.34188 0.000494112 6100648 0.000494112
2.35289 0.00050236 6189328 0.00050236
2.36395 0.000510925 6272032 0.000510925
2.37505 0.000519173 6359092 0.000519173
2.38621 0.000527703 6454120 0.000527703
2.39742 0.000536296 6543664 0.000536296
2.40868 0.000545353 6630880 0.000545353
2.41998 0.000553991 6727600 0.000553991
2.43135 0.000563756 6828316 0.000563756
2.44278 0.000572479 6919504 0.000572479
2.45425 0.000582752 7017728 0.000582752
2.46578 0.000592566 7121608 0.000592566
2.47736 0.000602753 7217824 0.000602753
2.489 0.000613427 7321216 0.000613427
2.50068 0.000624487 7415692 0.000624487
2.51243 0.000634513 7539328 0.000634513
2.52424 0.000646332 7645840 0.000646332
2.53609 0.000656653 7727128 0.000656653
2.548 0.000668484 7861408 0.000668484
2.55998 0.000679778 7972336 0.000679778
2.572 0.00069277 8068456 0.00069277
2.58406 0.000705176 8181632 0.000705176
2.5962 0.000717246 8320720 0.000717246
2.60841 0.000729938 8426872 0.000729938
2.62066 0.000743147 8541952 0.000743147
2.63296 0.000756643 8664616 0.000756643
2.64533 0.000771573 8791792 0.000771573
2.65775 0.00078449 8908756 0.00078449
2.67023 0.000800977 9034072 0.000800977
2.68278 0.000813757 9177104 0.000813757
2.69539 0.000829342 9302632 0.000829342
2.70805 0.000845091 9422380 0.000845091
2.72076 0.000862894 9565408 0.000862894
2.73355 0.000878549 9699928 0.000878549
2.74639 0.000894692 9834160 0.000894692
2.75928 0.00091274 9970520 0.00091274
2.77224 0.000929516 10120912 0.000929516
2.78527 0.000948132 10255576 0.000948132
2.79835 0.0009676 10403344 0.0009676
2.81149 0.000985503 10556392 0.000985503
2.8247 0.00100817 10700768 0.00100817
2.83797 0.00102612 10846984 0.00102612
2.8513 0.00104864 11009440 0.00104864
2.86469 0.00106802 11162536 0.00106802
2.87815 0.00109078 11318540 0.00109078
2.89166 0.00111557 11472664 0.00111557
2.90524 0.00113773 11646208 0.00113773
2.91889 0.00116145 11819800 0.00116145
2.93261 0.001187 11972336 0.001187
2.94637 0.00121242 12128068 0.00121242
2.96021 0.00123932 12324496 0.00123932
2.97412 0.00126662 12499864 0.00126662
2.9881 0.00129483 12663176 0.00129483
3.00213 0.00132412 12849472 0.00132412
3.01623 0.00135232 13030132 0.00135232
3.0304 0.00138498 13215104 0.00138498
3.04463 0.00141609 13382824 0.00141609
3.05892 0.00144997 13593352 0.00144997
3.0733 0.00148444 13789676 0.00148444
3.08773 0.00151799 13966648 0.00151799
3.10224 0.00155559 14188240 0.00155559
3.11681 0.00159484 14365268 0.00159484
3.13145 0.00163159 14591176 0.00163159
3.14616 0.00167321 14779984 0.00167321
3.16094 0.00171553 14998868 0.00171553
3.17579 0.00175725 15212488 0.00175725
3.1907 0.00180205 15407308 0.00180205
3.20568 0.00185019 15647816 0.00185019
3.22074 0.00189771 15866296 0.00189771
3.23587 0.00194694 16070420 0.00194694
3.25107 0.00200228 16337296 0.00200228
3.26635 0.00205326 16540804 0.00205326
3.28169 0.00211152 16792568 0.00211152
3.2971 0.00216685 16993216 0.00216685
3.31258 0.00222712 17272964 0.00222712
3.32814 0.00229395 17489560 0.00229395
3.34377 0.00236128 17756548 0.00236128
3.35948 0.00242382 17996576 0.00242382
3.37526 0.00250006 18254116 0.00250006
3.39111 0.00257161 18517352 0.00257161
3.40704 0.00264946 18789988 0.00264946
3.42305 0.00273053 19037060 0.00273053
3.43912 0.0028137 19304704 0.0028137
3.45528 0.00290081 19601012 0.00290081
3.47151 0.0029912 19858312 0.0029912
3.48782 0.0030891 20158004 0.0030891
3.5042 0.00318607 20405860 0.00318607
3.52065 0.00329552 20724296 0.00329552
3.53719 0.00340491 21016900 0.00340491
3.5538 0.0035215 21295568 0.0035215
3.5705 0.00364314 21635908 0.00364314
3.58727 0.00377056 21900068 0.00377056
3.60411 0.0039019 22232968 0.0039019
3.62105 0.00404618 22555220 0.00404618
3.63806 0.00419057 22860308 0.00419057
3.65514 0.00434258 23160148 0.00434258
3.6723 0.00450995 23518280 0.00450995
3.68955 0.00468524 23848756 0.00468524
3.70689 0.0048595 24199700 0.0048595
3.7243 0.00505501 24520100 0.00505501
3.7418 0.00525746 24878968 0.00525746
3.75937 0.00547788 25212452 0.00547788
3.77703 0.00570374 25600948 0.00570374
3.79477 0.00594219 25928516 0.00594219
3.81259 0.00620108 26311748 0.00620108
3.8305 0.00646381 26690788 0.00646381
3.84849 0.00674733 27051080 0.00674733
3.86657 0.00706566 27460244 0.00706566
3.88473 0.00738638 27835780 0.00738638
3.90298 0.00772702 28229876 0.00772702
3.92131 0.00809917 28633364 0.00809917
3.93974 0.00847684 29041252 0.00847684
3.95824 0.00890207 29417924 0.00890207
3.97682 0.0093421 29872004 0.0093421
3.9955 0.00980774 30283972 0.00980774
4.01428 0.0103095 30733988 0.0103095
4.03313 0.0108459 31126484 0.0108459
4.05207 0.0114183 31589228 0.0114183
4.07111 0.0120217 32042452 0.0120217
4.09023 0.0126741 32476676 0.0126741
4.10944 0.0133604 32953412 0.0133604
4.12874 0.014084 33434564 0.014084
4.14814 0.0148619 33871460 0.0148619
4.16762 0.0156946 34366540 0.0156946
4.18719 0.0165569 34863092 0.0165569
4.20686 0.0174878 35344256 0.0174878
4.22662 0.0184738 35858900 0.0184738
4.24648 0.0195209 36362492 0.0195209
4.26643 0.0206269 36872308 0.0206269
4.28646 0.0217684 37376132 0.0217684
4.30659 0.0230084 37932320 0.0230084
4.32682 0.0243082 38456684 0.0243082
4.34714 0.0256422 38995988 0.0256422
4.36756 0.0270582 39578804 0.0270582
4.38808 0.0285494 40096448 0.0285494
4.40868 0.0300969 40681388 0.0300969
4.42939 0.0317253 41263396 0.0317253
4.4502 0.0334094 41841476 0.0334094
4.4711 0.0351439 42449528 0.0351439
4.49211 0.0369325 43049588 0.0369325
4.51321 0.0387934 43639388 0.0387934
4.53441 0.0407216 44273552 0.0407216
4.55571 0.0427 44892980 0.0427
4.5771 0.0446975 45507416 0.0446975
4.5986 0.0467629 46185860 0.0467629
4.6202 0.0488744 46810040 0.0488744
4.6419 0.0510644 47489828 0.0510644
4.66371 0.0531719 48180188 0.0531719
4.68561 0.0554655 48833168 0.0554655
4.70762 0.0575963 49527644 0.0575963
4.72973 0.0598259 50232224 0.0598259
4.75194 0.0619719 50948696 0.0619719
4.77427 0.064287 51679604 0.064287
4.79669 0.0664475 52383464 0.0664475
4.81921 124.545 53126678 124.545
4.84183 0.0685687 53356256 0.0685687
4.86457 0.0675759 53311656 0.0675759
4.88742 0.0667974 53350280 0.0667974
4.91038 0.0661463 53289728 0.0661463
4.93344 0.065668 53263280 0.065668
4.95661 0.0652699 53239808 0.0652699
4.9799 0.0649934 53192360 0.0649934
5.00329 0.0647955 53114120 0.0647955
5.02679 0.064712 53065040 0.064712
5.0504 0.0646187 52986480 0.0646187
5.07412 0.0646556 52907528 0.0646556
5.09795 0.0647057 52825088 0.0647057
5.1219 0.0648543 52720952 0.0648543
5.14595 0.0650129 52599200 0.0650129
5.17012 0.0652718 52508184 0.0652718
5.19441 0.0655437 52357832 0.0655437
5.21881 0.065818 52232192 0.065818
5.24332 0.0661776 52081856 0.0661776
5.26795 0.066567 51935472 0.066567
5.29269 0.0669253 51724520 0.0669253
5.31755 0.0673545 51592832 0.0673545
5.34253 0.0677971 51378792 0.0677971
5.36762 0.068262 51154352 0.068262
5.39283 0.068752 50979176 0.068752
5.41816 0.0692755 50746656 0.0692755
5.44362 0.069783 50500448 0.069783
5.46918 0.0703268 50244248 0.0703268
5.49487 0.0708631 49981320 0.0708631
5.52068 0.0714279 49712384 0.0714279
5.54661 0.0719906 49412456 0.0719906
5.57266 0.0726125 49116408 0.0726125
5.59883 0.0732717 48784136 0.0732717
5.62513 0.0738687 48474960 0.0738687
5.65155 0.0745469 48128672 0.0745469
5.67809 0.0752054 47753960 0.0752054
5.70476 0.0759016 47394648 0.0759016
5.73156 0.076575 46996976 0.076575
5.75848 0.0772822 46584648 0.0772822
5.78553 0.0780442 46201928 0.0780442
5.81271 0.078718 45725976 0.078718
5.84 0.0796076 45269696 0.0796076
5.86743 0.0803661 44820024 0.0803661
5.89499 0.0811691 44321144 0.0811691
5.92268 0.0820117 43831200 0.0820117
5.9505 0.0828451 43291032 0.0828451
5.97844 0.0836896 42744464 0.0836896
6.00652 0.0845888 42202344 0.0845888
6.03474 0.0855141 41631128 0.0855141
6.06308 0.0863909 41009256 0.0863909
6.09156 0.087359 40409472 0.087359
6.12017 0.0882739 39766712 0.0882739
6.14891 0.0892443 39105696 0.0892443
6.17779 0.0902289 38434392 0.0902289
6.20681 0.0911545 37723472 0.0911545
6.23596 0.0921279 37005672 0.0921279
6.26525 0.0930869 36271560 0.0930869
6.29467 0.0939987 35499200 0.0939987
6.32424 0.0948938 34708464 0.0948938
6.35394 0.095826 33906456 0.095826
6.38378 0.0965349 33059312 0.0965349
6.41376 0.0972905 32198328 0.0972905
6.44388 0.0980361 31318776 0.0980361
6.47415 0.0986178 30415728 0.0986178
6.50455 0.0992789 29472264 0.0992789
6.5351 0.09973 28511192 0.09973
6.56579 0.100124 27524664 0.100124
6.59662 0.10055 26504592 0.10055
6.6276 0.100961 25462536 0.100961
6.65872 0.101348 24397440 0.101348
6.68999 0.101779 23299320 0.101779
6.72141 0.102302 22163904 0.102302
6.75296 0.102747 21001304 0.102747
6.78467 0.103311 19822752 0.103311
6.81652 845.946 18602946 845.946
6.84856 0.104764 17474436 0.104764
6.88073 0.105936 16479060 0.105936
6.91305 0.107499 15577944 0.107499
6.94552 0.109374 14714904 0.109374
6.97814 0.111559 13916868 0.111559
7.01093 0.113954 13144908 0.113954
7.04385 0.116442 12409932 0.116442
7.07693 0.119277 11703048 0.119277
7.11016 0.122503 11037708 0.122503
7.14356 0.125693 10385856 0.125693
7.17711 0.128994 9767380 0.128994
7.21082 0.132886 9170244 0.132886
7.24468 0.136486 8588904 0.136486
7.27871 0.14075 8041740 0.14075
7.31289 0.144916 7501548 0.144916
7.34723 0.14939 6992244 0.14939
7.38174 0.154162 6500076 0.154162
7.41641 0.158522 6021808 0.158522
7.45123 0.163447 5567040 0.163447
7.48622 0.168065 5132964 0.168065
7.52138 0.172653 4711008 0.172653
7.55668 0.177002 4308700 0.177002
7.59215 0.181615 3928644 0.181615
7.62781 0.185246 3564360 0.185246
7.66364 0.188727 3216708 0.188727
7.69963 0.192049 2884024 0.192049
7.73577 0.194305 2571756 0.194305
7.77208 0.196406 2275272 0.196406
7.80856 0.197548 1998952 0.197548
7.84519 0.198225 1735692 0.198225
7.88195 0.19839 1493536 0.19839
7.91894 0.197738 1272552 0.197738
7.95615 0.195228 1065132 0.195228
7.99345 0.193801 870088 0.193801
8.03087 0.191477 703380 0.191477
8.06861 0.189286 551260 0.189286
8.1063 0.187699 409752 0.187699
8.14415 0.186752 301540 0.186752
8.18252 0.187869 201084 0.187869
8.22015 0.188998 118588 0.188998
8.25771 0.190909 65076 0.190909
8.29571 0.199157 23452 0.199157
8.32962 0.208917 3120 0.208917
8.35799 6.94253e+09 2 6.94253e+09
