# in Mpc/h Units 
# D1 = 1 
# k P N P(z=0)
0.00628319 6.10703e-13 12 6.10703e-13
0.00888577 3.47151e-13 24 3.47151e-13
0.0108828 3.72579e-14 16 3.72579e-14
0.0125664 4.23709e-12 12 4.23709e-12
0.0140496 4.65963e-12 48 4.65963e-12
0.0153906 1.78904e-12 48 1.78904e-12
0.0177715 6.39282e-12 24 6.39282e-12
0.0188496 1.86792e-11 60 1.86792e-11
0.0198692 2.03196e-11 48 2.03196e-11
0.020839 2.84619e-11 48 2.84619e-11
0.0217656 1.46937e-12 16 1.46937e-12
0.0226543 3.36605e-11 48 3.36605e-11
0.0235095 2.00004e-11 96 2.00004e-11
0.0251327 5.45757e-11 12 5.45757e-11
0.0259062 3.86972e-11 96 3.86972e-11
0.0266573 7.14439e-11 72 7.14439e-11
0.0273878 1.62274e-11 48 1.62274e-11
0.0280993 1.08863e-10 48 1.08863e-10
0.0287932 7.98758e-11 96 7.98758e-11
0.0294708 9.61173e-12 48 9.61173e-12
0.0307812 8.71207e-11 48 8.71207e-11
0.0314159 8.44354e-11 60 8.44354e-11
0.0320381 1.21371e-10 144 1.21371e-10
0.0326484 1.72736e-10 64 1.72736e-10
0.033836 8.11351e-11 144 8.11351e-11
0.0344144 2.10362e-10 96 2.10362e-10
0.0355431 1.28896e-10 24 1.28896e-10
0.0360942 1.38704e-10 96 1.38704e-10
0.036637 6.86809e-11 96 6.86809e-11
0.0371718 1.49321e-10 96 1.49321e-10
0.0376991 8.14489e-11 60 8.14489e-11
0.0382191 3.47744e-10 48 3.47744e-10
0.0387322 1.80453e-10 144 1.80453e-10
0.0397384 2.74595e-10 48 2.74595e-10
0.040232 4.28902e-10 192 4.28902e-10
0.0407197 1.92205e-10 96 1.92205e-10
0.0412016 6.34516e-11 48 6.34516e-11
0.0416779 3.81423e-10 48 3.81423e-10
0.0421489 2.56804e-10 144 2.56804e-10
0.0426146 4.46138e-10 96 4.46138e-10
0.0435312 1.54173e-11 16 1.54173e-11
0.0439823 3.42506e-10 108 3.42506e-10
0.0444288 3.6173e-10 168 3.6173e-10
0.0448709 6.14376e-10 96 6.14376e-10
0.0453087 4.81913e-10 48 4.81913e-10
0.0457423 4.75676e-10 144 4.75676e-10
0.0461718 6.5221e-10 192 6.5221e-10
0.0470191 3.32622e-10 96 3.32622e-10
0.047437 4.04503e-10 96 4.04503e-10
0.0478513 7.96237e-10 48 7.96237e-10
0.0482621 6.21171e-10 144 6.21171e-10
0.0490732 2.75156e-10 144 2.75156e-10
0.0494739 4.80968e-10 192 4.80968e-10
0.0502655 9.20662e-10 12 9.20662e-10
0.0506567 7.52823e-10 192 7.52823e-10
0.0510448 7.58296e-10 192 7.58296e-10
0.0514301 6.24674e-10 48 6.24674e-10
0.0518125 8.42612e-10 96 8.42612e-10
0.0521921 8.77926e-10 192 8.77926e-10
0.0525689 2.6069e-10 96 2.6069e-10
0.0533146 1.52293e-09 72 1.52293e-09
0.0536836 1.04928e-09 96 1.04928e-09
0.05405 9.68776e-10 240 9.68776e-10
0.054414 4.45565e-10 112 4.45565e-10
0.0547755 3.05843e-10 48 3.05843e-10
0.0551347 6.54841e-10 192 6.54841e-10
0.0554916 5.73482e-10 96 5.73482e-10
0.0561985 1.24445e-09 48 1.24445e-09
0.0565487 7.28689e-10 204 7.28689e-10
0.0568967 1.68211e-09 96 1.68211e-09
0.0572425 1.18222e-09 144 1.18222e-09
0.0575863 9.95719e-10 96 9.95719e-10
0.0579281 1.11372e-09 96 1.11372e-09
0.0582679 1.73437e-09 240 1.73437e-09
0.0589415 2.3952e-10 48 2.3952e-10
0.0592755 1.32308e-09 288 1.32308e-09
0.0596075 8.44031e-10 240 8.44031e-10
0.0599378 3.2492e-09 96 3.2492e-09
0.0605928 6.77524e-10 96 6.77524e-10
0.0609177 1.19915e-09 192 1.19915e-09
0.0615624 9.79384e-10 48 9.79384e-10
0.0618822 8.28954e-10 96 8.28954e-10
0.0622004 1.58478e-09 216 1.58478e-09
0.0625169 9.3707e-10 144 9.3707e-10
0.0628319 2.10968e-09 60 2.10968e-09
0.0631452 1.83037e-09 336 1.83037e-09
0.0634571 2.34803e-09 96 2.34803e-09
0.0640762 2.26078e-09 144 2.26078e-09
0.0643835 2.05115e-09 192 2.05115e-09
0.0646894 1.60287e-09 144 1.60287e-09
0.0649938 1.79783e-09 144 1.79783e-09
0.0652968 1.92556e-09 64 1.92556e-09
0.0655984 2.47229e-09 144 2.47229e-09
0.0658986 2.21897e-09 288 2.21897e-09
0.0667912 2.56245e-09 192 2.56245e-09
0.0670861 1.08986e-09 192 1.08986e-09
0.0673797 1.66354e-09 96 1.66354e-09
0.067672 1.94768e-09 144 1.94768e-09
0.067963 2.00136e-09 240 2.00136e-09
0.0682529 2.21307e-09 144 2.21307e-09
0.0688288 2.0549e-09 96 2.0549e-09
0.069115 1.2462e-09 156 1.2462e-09
0.0694001 2.35588e-09 240 2.35588e-09
0.0696839 2.11357e-09 96 2.11357e-09
0.0702481 3.06651e-09 288 3.06651e-09
0.0705286 2.91287e-09 288 2.91287e-09
0.0710861 9.13821e-10 24 9.13821e-10
0.0713633 2.33991e-09 288 2.33991e-09
0.0716393 4.5382e-09 96 4.5382e-09
0.0719926 2.80956e-09 336 2.80956e-09
0.0724612 2.16987e-09 96 2.16987e-09
0.0727331 3.01566e-09 336 3.01566e-09
0.0734532 2.44974e-09 288 2.44974e-09
0.0738107 2.59555e-09 192 2.59555e-09
0.0740777 3.08766e-09 144 3.08766e-09
0.0743437 1.55837e-09 96 1.55837e-09
0.0746967 2.76438e-09 288 2.76438e-09
0.0753982 8.56546e-10 60 8.56546e-10
0.0758332 4.12325e-09 576 4.12325e-09
0.0761796 2.56092e-09 112 2.56092e-09
0.0766638 3.55715e-09 384 3.55715e-09
0.076953 3.04846e-09 240 3.04846e-09
0.0776339 3.36543e-09 432 3.36543e-09
0.0779723 3.48186e-09 192 3.48186e-09
0.078225 2.86272e-09 192 2.86272e-09
0.0787281 6.87667e-09 144 6.87667e-09
0.0789784 3.37426e-09 192 3.37426e-09
0.0794767 5.24368e-09 48 5.24368e-09
0.0798137 3.72155e-09 600 3.72155e-09
0.0802183 2.57966e-09 48 2.57966e-09
0.0805865 3.82762e-09 384 3.82762e-09
0.0809532 3.42343e-09 240 3.42343e-09
0.0814394 2.98782e-09 96 2.98782e-09
0.0818379 5.41845e-09 444 5.41845e-09
0.0821633 4.20771e-09 240 4.20771e-09
0.0826125 5.39231e-09 384 5.39231e-09
0.0828809 4.91271e-09 288 4.91271e-09
0.0833559 3.20781e-09 48 3.20781e-09
0.0837495 5.83884e-09 288 5.83884e-09
0.0840633 4.57429e-09 240 4.57429e-09
0.0844439 4.14308e-09 384 4.14308e-09
0.0847648 4.13276e-09 288 4.13276e-09
0.0852293 4.66904e-09 96 4.66904e-09
0.0855594 5.28942e-09 672 5.28942e-09
0.0859213 4.42723e-09 96 4.42723e-09
0.0864252 5.42984e-09 480 5.42984e-09
0.0870624 2.17095e-10 16 2.17095e-10
0.0872888 3.55675e-09 96 3.55675e-09
0.087579 5.69933e-09 672 5.69933e-09
0.0881192 4.98641e-09 348 4.98641e-09
0.0884123 5.37149e-09 240 5.37149e-09
0.0889978 7.24316e-09 456 7.24316e-09
0.089427 6.60995e-09 336 6.60995e-09
0.0898883 8.56723e-09 288 8.56723e-09
0.0901807 7.09868e-09 480 7.09868e-09
0.0906174 5.30088e-09 48 5.30088e-09
0.090897 6.62644e-09 672 6.62644e-09
0.0913765 5.89435e-09 288 5.89435e-09
0.0917922 7.99551e-09 336 7.99551e-09
0.0923436 7.49303e-09 192 7.49303e-09
0.0926754 4.64891e-09 432 4.64891e-09
0.0932651 7.83756e-09 576 7.83756e-09
0.0936174 9.98717e-09 288 9.98717e-09
0.0941969 5.71154e-09 396 5.71154e-09
0.094573 7.3291e-09 432 7.3291e-09
0.0950225 1.01187e-08 336 1.01187e-08
0.0952892 8.5082e-09 480 8.5082e-09
0.0958792 1.22128e-08 336 1.22128e-08
0.0962314 9.73449e-09 672 9.73449e-09
0.0968099 7.35348e-09 480 7.35348e-09
0.097638 1.02282e-08 552 1.02282e-08
0.0981837 9.13537e-09 688 9.13537e-09
0.0985479 7.1465e-09 288 7.1465e-09
0.0990673 7.49835e-09 480 7.49835e-09
0.0994528 1.06845e-08 624 1.06845e-08
0.100098 9.17398e-09 480 9.17398e-09
0.100531 2.08009e-08 12 2.08009e-08
0.100874 9.93755e-09 768 9.93755e-09
0.101448 1.13855e-08 624 1.13855e-08
0.101924 8.96535e-09 336 8.96535e-09
0.102421 1.264e-08 672 1.264e-08
0.102983 1.32261e-08 672 1.32261e-08
0.103243 9.19572e-09 384 9.19572e-09
0.103879 1.22898e-08 576 1.22898e-08
0.104279 1.26874e-08 432 1.26874e-08
0.104705 9.76456e-09 480 9.76456e-09
0.105349 1.25159e-08 768 1.25159e-08
0.1057 1.04486e-08 144 1.04486e-08
0.106152 1.17255e-08 672 1.17255e-08
0.106914 1.27339e-08 756 1.27339e-08
0.107244 1.41192e-08 288 1.41192e-08
0.107631 1.31006e-08 768 1.31006e-08
0.10826 1.55923e-08 768 1.55923e-08
0.108777 1.28982e-08 688 1.28982e-08
0.10919 1.17437e-08 288 1.17437e-08
0.109816 1.65291e-08 912 1.65291e-08
0.110311 1.64488e-08 624 1.64488e-08
0.110746 1.0243e-08 288 1.0243e-08
0.111354 1.53505e-08 1104 1.53505e-08
0.111965 1.62352e-08 528 1.62352e-08
0.112557 1.56783e-08 528 1.56783e-08
0.112926 1.51313e-08 588 1.51313e-08
0.113378 1.55949e-08 864 1.55949e-08
0.113986 2.12618e-08 864 2.12618e-08
0.114516 1.2292e-08 528 1.2292e-08
0.114915 3.10688e-08 384 3.10688e-08
0.115567 1.85517e-08 936 1.85517e-08
0.116093 1.85668e-08 1104 1.85668e-08
0.116705 1.58503e-08 672 1.58503e-08
0.117239 2.24153e-08 576 2.24153e-08
0.117777 1.69421e-08 912 1.69421e-08
0.118366 1.68581e-08 864 1.68581e-08
0.118788 2.24648e-08 336 2.24648e-08
0.119469 2.17385e-08 1132 2.17385e-08
0.120077 2.41251e-08 864 2.41251e-08
0.120751 1.95664e-08 864 1.95664e-08
0.121153 1.86675e-08 720 1.86675e-08
0.121711 2.18357e-08 1248 2.18357e-08
0.122203 2.82207e-08 528 2.82207e-08
0.122718 2.08653e-08 720 2.08653e-08
0.123453 2.95069e-08 912 2.95069e-08
0.123969 2.23753e-08 1008 2.23753e-08
0.12467 1.98041e-08 1128 1.98041e-08
0.12526 2.66739e-08 768 2.66739e-08
0.125876 2.71473e-08 924 2.71473e-08
0.126429 2.75214e-08 1248 2.75214e-08
0.127121 2.63681e-08 864 2.63681e-08
0.127677 2.99383e-08 1248 2.99383e-08
0.128318 2.72904e-08 624 2.72904e-08
0.128807 2.57527e-08 1104 2.57527e-08
0.129504 3.07362e-08 816 3.07362e-08
0.129878 2.91519e-08 1200 2.91519e-08
0.130701 2.74962e-08 1216 2.74962e-08
0.131297 2.55146e-08 1008 2.55146e-08
0.131933 3.06746e-08 1020 3.06746e-08
0.13258 3.26364e-08 1200 3.26364e-08
0.133214 3.29187e-08 984 3.29187e-08
0.133672 3.82363e-08 1104 3.82363e-08
0.134446 2.98861e-08 1392 2.98861e-08
0.13492 3.63737e-08 1008 3.63737e-08
0.135589 3.9739e-08 1056 3.9739e-08
0.136149 3.07376e-08 1248 3.07376e-08
0.136788 3.40934e-08 1008 3.40934e-08
0.137489 3.79573e-08 1104 3.79573e-08
0.138157 3.57185e-08 1308 3.57185e-08
0.138792 3.46594e-08 1680 3.46594e-08
0.139482 4.28134e-08 1488 4.28134e-08
0.140148 4.1367e-08 912 4.1367e-08
0.140735 5.0142e-08 1296 5.0142e-08
0.141506 3.96094e-08 1792 3.96094e-08
0.142105 3.89696e-08 792 3.89696e-08
0.142726 3.28729e-08 1632 3.28729e-08
0.14348 3.80732e-08 1344 3.80732e-08
0.144008 4.18133e-08 1104 4.18133e-08
0.14474 4.38646e-08 1788 4.38646e-08
0.145447 5.2437e-08 1344 5.2437e-08
0.146112 5.39191e-08 1248 5.39191e-08
0.146784 4.4324e-08 1776 4.4324e-08
0.147376 4.59948e-08 1440 4.59948e-08
0.148179 5.14455e-08 1872 5.14455e-08
0.148977 4.61537e-08 1296 4.61537e-08
0.149637 4.95644e-08 1872 4.95644e-08
0.150285 5.11051e-08 1392 5.11051e-08
0.151106 6.14455e-08 1236 6.14455e-08
0.151697 5.32393e-08 2016 5.32393e-08
0.15237 5.94487e-08 1744 5.94487e-08
0.153147 5.3081e-08 1920 5.3081e-08
0.153934 6.12358e-08 1776 6.12358e-08
0.154569 5.03262e-08 1296 5.03262e-08
0.155288 5.94679e-08 1680 5.94679e-08
0.155941 5.84098e-08 1824 5.84098e-08
0.156682 4.30984e-08 1548 4.30984e-08
0.157451 6.90804e-08 2544 6.90804e-08
0.158249 6.64973e-08 1824 6.64973e-08
0.159019 7.49929e-08 1728 7.49929e-08
0.159745 6.15078e-08 1848 6.15078e-08
0.160428 6.89582e-08 2160 6.89582e-08
0.161255 6.84594e-08 2016 6.84594e-08
0.161989 5.83018e-08 2256 5.83018e-08
0.162879 6.33821e-08 1536 6.33821e-08
0.1635 7.17142e-08 2092 7.17142e-08
0.164304 7.68155e-08 2304 7.68155e-08
0.16512 8.52431e-08 2544 8.52431e-08
0.165918 7.19132e-08 1824 7.19132e-08
0.166638 7.96823e-08 2400 7.96823e-08
0.167465 7.9008e-08 2160 7.9008e-08
0.1681 7.33764e-08 1680 7.33764e-08
0.169017 8.07152e-08 2664 8.07152e-08
0.169783 8.48919e-08 2124 8.48919e-08
0.170536 8.52825e-08 2640 8.52825e-08
0.17142 1.03925e-07 2496 1.03925e-07
0.172167 8.70928e-08 2208 8.70928e-08
0.173001 8.72118e-08 2784 8.72118e-08
0.173739 9.20393e-08 1552 9.20393e-08
0.174601 8.73779e-08 3456 8.73779e-08
0.175449 9.56637e-08 2448 9.56637e-08
0.17633 9.91099e-08 2508 9.91099e-08
0.177179 1.06541e-07 2736 1.06541e-07
0.177982 1.0261e-07 2472 1.0261e-07
0.178748 1.0101e-07 3216 1.0101e-07
0.179662 1.06181e-07 2016 1.06181e-07
0.180329 1.01842e-07 2976 1.01842e-07
0.181298 1.08326e-07 2880 1.08326e-07
0.182161 9.42758e-08 2316 9.42758e-08
0.182962 1.2307e-07 3648 1.2307e-07
0.183819 1.25092e-07 2928 1.25092e-07
0.184763 1.13614e-07 2896 1.13614e-07
0.18557 1.20652e-07 3120 1.20652e-07
0.186484 1.1607e-07 2856 1.1607e-07
0.187347 1.11409e-07 3360 1.11409e-07
0.188277 1.17513e-07 2988 1.17513e-07
0.189164 1.37309e-07 3888 1.37309e-07
0.190083 1.26266e-07 2736 1.26266e-07
0.190912 1.51672e-07 3168 1.51672e-07
0.191791 1.40108e-07 3552 1.40108e-07
0.192627 1.36979e-07 2880 1.36979e-07
0.19355 1.31303e-07 3936 1.31303e-07
0.194476 1.54795e-07 2748 1.54795e-07
0.195383 1.57184e-07 4200 1.57184e-07
0.196314 1.50556e-07 3280 1.50556e-07
0.19731 1.47991e-07 4992 1.47991e-07
0.198246 1.39175e-07 2496 1.39175e-07
0.198969 1.65617e-07 3024 1.65617e-07
0.200004 1.51674e-07 4560 1.51674e-07
0.200981 1.68967e-07 3852 1.68967e-07
0.201907 1.75652e-07 4128 1.75652e-07
0.202923 1.7589e-07 3840 1.7589e-07
0.203766 1.78505e-07 3888 1.78505e-07
0.204817 1.76955e-07 4344 1.76955e-07
0.205802 1.73259e-07 4512 1.73259e-07
0.206744 1.64207e-07 3472 1.64207e-07
0.207695 1.87771e-07 4188 1.87771e-07
0.208661 2.0996e-07 4656 2.0996e-07
0.209635 2.00147e-07 4512 2.00147e-07
0.210605 1.82669e-07 3840 1.82669e-07
0.211552 1.90543e-07 5040 1.90543e-07
0.212598 2.1588e-07 4176 2.1588e-07
0.213716 2.1249e-07 5268 2.1249e-07
0.214685 2.24379e-07 4656 2.24379e-07
0.215636 2.09597e-07 4608 2.09597e-07
0.2167 2.33304e-07 5136 2.33304e-07
0.217712 2.14111e-07 4048 2.14111e-07
0.21856 2.0229e-07 4704 2.0229e-07
0.21964 2.2816e-07 5436 2.2816e-07
0.220689 2.50932e-07 5040 2.50932e-07
0.221792 2.40336e-07 5544 2.40336e-07
0.222806 2.40275e-07 5280 2.40275e-07
0.223891 2.40515e-07 5760 2.40515e-07
0.224992 2.42163e-07 4896 2.42163e-07
0.225967 2.69978e-07 4956 2.69978e-07
0.226978 2.83818e-07 5808 2.83818e-07
0.228073 3.05875e-07 5632 3.05875e-07
0.229091 2.65863e-07 6048 2.65863e-07
0.230305 2.7168e-07 5904 2.7168e-07
0.231358 2.98554e-07 5592 2.98554e-07
0.232405 2.75374e-07 5964 2.75374e-07
0.23355 3.05758e-07 6624 3.05758e-07
0.234601 3.01773e-07 5376 3.01773e-07
0.235688 3.096e-07 6288 3.096e-07
0.236855 3.03996e-07 7344 3.03996e-07
0.237877 3.15299e-07 4656 3.15299e-07
0.239086 3.44681e-07 8092 3.44681e-07
0.240233 3.36936e-07 5688 3.36936e-07
0.241291 3.39371e-07 7200 3.39371e-07
0.242431 3.45888e-07 6528 3.45888e-07
0.243572 3.26817e-07 6576 3.26817e-07
0.244685 3.62114e-07 6396 3.62114e-07
0.245798 3.66455e-07 7728 3.66455e-07
0.246976 3.87476e-07 6912 3.87476e-07
0.248127 3.9944e-07 7488 3.9944e-07
0.24936 3.83909e-07 7752 3.83909e-07
0.250523 3.96628e-07 6784 3.96628e-07
0.251669 4.18745e-07 7836 4.18745e-07
0.252872 4.33956e-07 7728 4.33956e-07
0.254083 4.09277e-07 8208 4.09277e-07
0.255199 4.35358e-07 6960 4.35358e-07
0.256387 4.29904e-07 8160 4.29904e-07
0.257664 4.30616e-07 8340 4.30616e-07
0.258855 4.49701e-07 8352 4.49701e-07
0.26008 4.6815e-07 9120 4.6815e-07
0.261336 4.56358e-07 7312 4.56358e-07
0.262469 4.50874e-07 8688 4.50874e-07
0.263809 4.76599e-07 9660 4.76599e-07
0.265071 5.16041e-07 8832 5.16041e-07
0.266256 5.28251e-07 7752 5.28251e-07
0.267421 4.91753e-07 9504 4.91753e-07
0.268761 5.23532e-07 9936 5.23532e-07
0.2701 5.42056e-07 8988 5.42056e-07
0.27124 5.68607e-07 8400 5.68607e-07
0.272568 5.3952e-07 11584 5.3952e-07
0.273851 5.72003e-07 8448 5.72003e-07
0.275155 5.57176e-07 10440 5.57176e-07
0.276427 5.84558e-07 9180 5.84558e-07
0.277657 6.1688e-07 10656 6.1688e-07
0.27902 5.93378e-07 10608 5.93378e-07
0.280352 5.80909e-07 10080 5.80909e-07
0.281565 6.21201e-07 9840 6.21201e-07
0.282918 6.38111e-07 11500 6.38111e-07
0.284302 6.45374e-07 10776 6.45374e-07
0.285589 6.33425e-07 11568 6.33425e-07
0.286971 6.53747e-07 10800 6.53747e-07
0.288304 6.3309e-07 11280 6.3309e-07
0.289695 7.20717e-07 11868 7.20717e-07
0.291035 7.09252e-07 12240 7.09252e-07
0.292425 7.30775e-07 11088 7.30775e-07
0.293779 7.30983e-07 12328 7.30983e-07
0.295153 7.38271e-07 11676 7.38271e-07
0.296461 8.22208e-07 12288 8.22208e-07
0.297907 7.42562e-07 12576 7.42562e-07
0.299258 7.90617e-07 13152 7.90617e-07
0.300748 7.92952e-07 13008 7.92952e-07
0.302188 8.05895e-07 13188 8.05895e-07
0.30361 8.27664e-07 14016 8.27664e-07
0.305003 8.21242e-07 12400 8.21242e-07
0.306412 8.23929e-07 13536 8.23929e-07
0.307876 9.13046e-07 14364 9.13046e-07
0.309298 9.07378e-07 13728 9.07378e-07
0.310761 9.01754e-07 14616 9.01754e-07
0.312204 9.37933e-07 13488 9.37933e-07
0.313652 9.05673e-07 15372 9.05673e-07
0.315175 9.68176e-07 14560 9.68176e-07
0.31662 9.52956e-07 15840 9.52956e-07
0.318151 9.88513e-07 15120 9.88513e-07
0.319599 9.75007e-07 13896 9.75007e-07
0.321058 1.04452e-06 16860 1.04452e-06
0.322645 1.07347e-06 16656 1.07347e-06
0.324166 1.0694e-06 15648 1.0694e-06
0.32568 1.09628e-06 16320 1.09628e-06
0.327167 1.12625e-06 16060 1.12625e-06
0.328774 1.14979e-06 18744 1.14979e-06
0.330313 1.12535e-06 15936 1.12535e-06
0.331826 1.2075e-06 17136 1.2075e-06
0.333427 1.20302e-06 17868 1.20302e-06
0.334947 1.23614e-06 17904 1.23614e-06
0.336524 1.2374e-06 17760 1.2374e-06
0.338146 1.19597e-06 19096 1.19597e-06
0.339739 1.2647e-06 18252 1.2647e-06
0.341313 1.2868e-06 18768 1.2868e-06
0.342874 1.3314e-06 18576 1.3314e-06
0.344468 1.31635e-06 19584 1.31635e-06
0.346116 1.41345e-06 19140 1.41345e-06
0.34771 1.44998e-06 20752 1.44998e-06
0.349362 1.42116e-06 20304 1.42116e-06
0.351033 1.43283e-06 19920 1.43283e-06
0.352646 1.46868e-06 21564 1.46868e-06
0.354377 1.51729e-06 21984 1.51729e-06
0.356063 1.48786e-06 20904 1.48786e-06
0.357696 1.5305e-06 21612 1.5305e-06
0.359426 1.61226e-06 22624 1.61226e-06
0.361079 1.61351e-06 22224 1.61351e-06
0.362754 1.63687e-06 21696 1.63687e-06
0.364449 1.71274e-06 22788 1.71274e-06
0.366133 1.74677e-06 23904 1.74677e-06
0.367846 1.74465e-06 22704 1.74465e-06
0.369601 1.72867e-06 25168 1.72867e-06
0.371397 1.81523e-06 24780 1.81523e-06
0.373143 1.79997e-06 24504 1.79997e-06
0.374848 1.83316e-06 24480 1.83316e-06
0.37663 1.92583e-06 24972 1.92583e-06
0.378363 1.94594e-06 26160 1.94594e-06
0.380139 1.98502e-06 25936 1.98502e-06
0.381916 1.94255e-06 25224 1.94255e-06
0.38369 2.03254e-06 27948 2.03254e-06
0.385541 2.01139e-06 27888 2.01139e-06
0.387327 2.12164e-06 25680 2.12164e-06
0.3891 2.07493e-06 28716 2.07493e-06
0.390994 2.2264e-06 29176 2.2264e-06
0.392843 2.20631e-06 29376 2.20631e-06
0.394661 2.2276e-06 27120 2.2276e-06
0.396505 2.31192e-06 31164 2.31192e-06
0.398367 2.33486e-06 29088 2.33486e-06
0.400233 2.26115e-06 30840 2.26115e-06
0.402152 2.41608e-06 31228 2.41608e-06
0.40399 2.47506e-06 29760 2.47506e-06
0.405874 2.46509e-06 33456 2.46509e-06
0.407843 2.47736e-06 31380 2.47736e-06
0.409716 2.64597e-06 32496 2.64597e-06
0.411602 2.61321e-06 33168 2.61321e-06
0.413596 2.60244e-06 33808 2.60244e-06
0.415548 2.72667e-06 34860 2.72667e-06
0.417499 2.75215e-06 33816 2.75215e-06
0.419429 2.77784e-06 35280 2.77784e-06
0.421439 2.86454e-06 35100 2.86454e-06
0.4234 2.94462e-06 37392 2.94462e-06
0.425408 2.84919e-06 35584 2.84919e-06
0.42739 3.02065e-06 36276 3.02065e-06
0.42937 3.02059e-06 38784 3.02059e-06
0.431414 3.05588e-06 37536 3.05588e-06
0.433421 3.15957e-06 38076 3.15957e-06
0.435438 3.19351e-06 38920 3.19351e-06
0.437444 3.23678e-06 39984 3.23678e-06
0.4396 3.30656e-06 42348 3.30656e-06
0.441671 3.30463e-06 40080 3.30463e-06
0.443727 3.43063e-06 41256 3.43063e-06
0.445802 3.53296e-06 41596 3.53296e-06
0.447878 3.52248e-06 42960 3.52248e-06
0.449991 3.48499e-06 43584 3.48499e-06
0.452114 3.66517e-06 42828 3.66517e-06
0.454235 3.8029e-06 46200 3.8029e-06
0.456374 3.75971e-06 43984 3.75971e-06
0.458534 3.79926e-06 46812 3.79926e-06
0.460666 3.91546e-06 45072 3.91546e-06
0.46284 3.93296e-06 48696 3.93296e-06
0.465042 4.03038e-06 47196 4.03038e-06
0.467214 4.17707e-06 48448 4.17707e-06
0.469406 4.10116e-06 49296 4.10116e-06
0.471626 4.32315e-06 49236 4.32315e-06
0.473743 4.32825e-06 48384 4.32825e-06
0.475977 4.28264e-06 52416 4.28264e-06
0.478226 4.58898e-06 51580 4.58898e-06
0.480485 4.60189e-06 53832 4.60189e-06
0.482752 4.52084e-06 52428 4.52084e-06
0.485019 4.73946e-06 55056 4.73946e-06
0.487306 4.68241e-06 55440 4.68241e-06
0.48961 4.8723e-06 54244 4.8723e-06
0.491868 4.95118e-06 57264 4.95118e-06
0.494198 4.87047e-06 57360 4.87047e-06
0.496522 5.04078e-06 57444 5.04078e-06
0.498833 5.20557e-06 60000 5.20557e-06
0.501204 5.13676e-06 58816 5.13676e-06
0.50355 5.43445e-06 61356 5.43445e-06
0.505916 5.29015e-06 61320 5.29015e-06
0.508313 5.45428e-06 62988 5.45428e-06
0.510704 5.63972e-06 62896 5.63972e-06
0.513084 5.55741e-06 64320 5.55741e-06
0.515543 5.76973e-06 66180 5.76973e-06
0.51795 5.97041e-06 65328 5.97041e-06
0.520364 5.91336e-06 65436 5.91336e-06
0.522793 6.04878e-06 68944 6.04878e-06
0.52526 6.05933e-06 68520 6.05933e-06
0.527713 6.23794e-06 68604 6.23794e-06
0.530156 6.32327e-06 70944 6.32327e-06
0.532669 6.35813e-06 72040 6.35813e-06
0.535188 6.52552e-06 73884 6.52552e-06
0.5377 6.61924e-06 72720 6.61924e-06
0.540241 6.79448e-06 76332 6.79448e-06
0.542756 6.85649e-06 73608 6.85649e-06
0.545284 6.85935e-06 77728 6.85935e-06
0.54787 7.17694e-06 78732 7.17694e-06
0.550466 7.08837e-06 80136 7.08837e-06
0.553028 7.22361e-06 77820 7.22361e-06
0.555606 7.29081e-06 82720 7.29081e-06
0.558224 7.43629e-06 81564 7.43629e-06
0.56083 7.64593e-06 84408 7.64593e-06
0.56345 7.69456e-06 83088 7.69456e-06
0.566114 7.92157e-06 89020 7.92157e-06
0.568794 7.96726e-06 85896 7.96726e-06
0.57145 7.99023e-06 88956 7.99023e-06
0.574166 8.11696e-06 92064 8.11696e-06
0.576877 8.28422e-06 88804 8.28422e-06
0.57954 8.56719e-06 92640 8.56719e-06
0.582264 8.51138e-06 93696 8.51138e-06
0.585017 8.79536e-06 95628 8.79536e-06
0.587762 8.6659e-06 96520 8.6659e-06
0.590569 8.98083e-06 99516 8.98083e-06
0.593327 9.096e-06 98064 9.096e-06
0.596104 9.09585e-06 99540 9.09585e-06
0.598885 9.28115e-06 102112 9.28115e-06
0.601688 9.41447e-06 103008 9.41447e-06
0.60453 9.63557e-06 105732 9.63557e-06
0.607362 9.74676e-06 105696 9.74676e-06
0.610229 1.00067e-05 109084 1.00067e-05
0.613094 9.94467e-06 108552 9.94467e-06
0.615957 1.02083e-05 110124 1.02083e-05
0.618839 1.03207e-05 113136 1.03207e-05
0.62177 1.03918e-05 114532 1.03918e-05
0.624688 1.04918e-05 116112 1.04918e-05
0.627616 1.0716e-05 115500 1.0716e-05
0.630554 1.08338e-05 120760 1.08338e-05
0.633541 1.09837e-05 120780 1.09837e-05
0.63652 1.12281e-05 123216 1.12281e-05
0.639512 1.13075e-05 122724 1.13075e-05
0.64251 1.17228e-05 127504 1.17228e-05
0.64554 1.16624e-05 127056 1.16624e-05
0.648554 1.18488e-05 128100 1.18488e-05
0.651549 1.17684e-05 129568 1.17684e-05
0.654649 1.23417e-05 137628 1.23417e-05
0.657741 1.22504e-05 132312 1.22504e-05
0.66081 1.24894e-05 137436 1.24894e-05
0.663899 1.24718e-05 138208 1.24718e-05
0.667047 1.28895e-05 143364 1.28895e-05
0.670183 1.28809e-05 141024 1.28809e-05
0.673306 1.33279e-05 144556 1.33279e-05
0.676483 1.33259e-05 149064 1.33259e-05
0.679687 1.36606e-05 148908 1.36606e-05
0.682871 1.37029e-05 151080 1.37029e-05
0.686079 1.37252e-05 153052 1.37252e-05
0.689314 1.40281e-05 157296 1.40281e-05
0.692548 1.43365e-05 154740 1.43365e-05
0.695723 1.42386e-05 156544 1.42386e-05
0.698997 1.48322e-05 165420 1.48322e-05
0.702314 1.48459e-05 164292 1.48459e-05
0.705609 1.49527e-05 167424 1.49527e-05
0.708938 1.49388e-05 169420 1.49388e-05
0.712273 1.52997e-05 172344 1.52997e-05
0.715624 1.54574e-05 172812 1.54574e-05
0.718964 1.57905e-05 176488 1.57905e-05
0.722353 1.58433e-05 179340 1.58433e-05
0.725741 1.60578e-05 181584 1.60578e-05
0.729184 1.63241e-05 186388 1.63241e-05
0.732605 1.66065e-05 184704 1.66065e-05
0.736035 1.67649e-05 189828 1.67649e-05
0.739481 1.69123e-05 191008 1.69123e-05
0.742951 1.70739e-05 194460 1.70739e-05
0.746441 1.74068e-05 197604 1.74068e-05
0.749957 1.75499e-05 201904 1.75499e-05
0.753469 1.75408e-05 199980 1.75408e-05
0.756983 1.81242e-05 206712 1.81242e-05
0.760565 1.81936e-05 210028 1.81936e-05
0.764149 1.8417e-05 213096 1.8417e-05
0.767736 1.85845e-05 212604 1.85845e-05
0.771306 1.86623e-05 216004 1.86623e-05
0.774926 1.91048e-05 223392 1.91048e-05
0.778598 1.91814e-05 224316 1.91814e-05
0.782245 1.95082e-05 226600 1.95082e-05
0.785923 1.97621e-05 230604 1.97621e-05
0.789616 1.96925e-05 234792 1.96925e-05
0.793312 2.02546e-05 234316 2.02546e-05
0.797042 2.02836e-05 242940 2.02836e-05
0.800776 2.06817e-05 241320 2.06817e-05
0.804553 2.06985e-05 250060 2.06985e-05
0.808343 2.09779e-05 250776 2.09779e-05
0.812158 2.15361e-05 256188 2.15361e-05
0.815959 2.12729e-05 254116 2.12729e-05
0.819781 2.1659e-05 264672 2.1659e-05
0.823648 2.2021e-05 264012 2.2021e-05
0.827505 2.22961e-05 268324 2.22961e-05
0.8314 2.26632e-05 275520 2.26632e-05
0.835324 2.2768e-05 275604 2.2768e-05
0.839214 2.29447e-05 278032 2.29447e-05
0.843171 2.30501e-05 288708 2.30501e-05
0.847141 2.32567e-05 285628 2.32567e-05
0.851084 2.36395e-05 291864 2.36395e-05
0.855081 2.39015e-05 296412 2.39015e-05
0.859091 2.4091e-05 301132 2.4091e-05
0.863128 2.4317e-05 305640 2.4317e-05
0.867194 2.46606e-05 310284 2.46606e-05
0.87127 2.47043e-05 314440 2.47043e-05
0.875368 2.53423e-05 318396 2.53423e-05
0.879473 2.53088e-05 321988 2.53088e-05
0.883606 2.55781e-05 329088 2.55781e-05
0.887753 2.62027e-05 330564 2.62027e-05
0.891919 2.61831e-05 336700 2.61831e-05
0.896109 2.65369e-05 343320 2.65369e-05
0.900336 2.65437e-05 347244 2.65437e-05
0.904563 2.70154e-05 350068 2.70154e-05
0.908805 2.70317e-05 357024 2.70317e-05
0.913051 2.73413e-05 357292 2.73413e-05
0.917348 2.78449e-05 370932 2.78449e-05
0.921672 2.80251e-05 370764 2.80251e-05
0.925992 2.84028e-05 376504 2.84028e-05
0.930354 2.8653e-05 384252 2.8653e-05
0.93473 2.86977e-05 387124 2.86977e-05
0.939107 2.90774e-05 392352 2.90774e-05
0.943526 2.93114e-05 400260 2.93114e-05
0.947959 2.96168e-05 402652 2.96168e-05
0.952394 2.98042e-05 409944 2.98042e-05
0.956874 3.03369e-05 416812 3.03369e-05
0.961345 3.02181e-05 416724 3.02181e-05
0.965874 3.07097e-05 435324 3.07097e-05
0.970451 3.09735e-05 434248 3.09735e-05
0.974982 3.1395e-05 434892 3.1395e-05
0.979556 3.15943e-05 449380 3.15943e-05
0.984147 3.15939e-05 448116 3.15939e-05
0.988771 3.2235e-05 463696 3.2235e-05
0.993453 3.22986e-05 467988 3.22986e-05
0.998112 3.28467e-05 468396 3.28467e-05
1.00278 3.28852e-05 479416 3.28852e-05
1.00751 3.34056e-05 487260 3.34056e-05
1.01226 3.36586e-05 494020 3.36586e-05
1.01699 3.3915e-05 492828 3.3915e-05
1.02174 3.41461e-05 507544 3.41461e-05
1.02654 3.45199e-05 513804 3.45199e-05
1.03137 3.49669e-05 522132 3.49669e-05
1.03624 3.51508e-05 531916 3.51508e-05
1.0411 3.53923e-05 530196 3.53923e-05
1.04596 3.59925e-05 542848 3.59925e-05
1.05088 3.59817e-05 553716 3.59817e-05
1.05585 3.63953e-05 562372 3.63953e-05
1.06082 3.67371e-05 565836 3.67371e-05
1.06577 3.71159e-05 570292 3.71159e-05
1.07077 3.72927e-05 586560 3.72927e-05
1.07581 3.7757e-05 589204 3.7757e-05
1.08087 3.80177e-05 602556 3.80177e-05
1.08595 3.82643e-05 605908 3.82643e-05
1.09104 3.86024e-05 615348 3.86024e-05
1.09614 3.91309e-05 621120 3.91309e-05
1.1013 3.96752e-05 641668 3.96752e-05
1.1065 3.96165e-05 643164 3.96165e-05
1.1117 4.02764e-05 650452 4.02764e-05
1.11691 4.03576e-05 662844 4.03576e-05
1.12216 4.09457e-05 670132 4.09457e-05
1.12744 4.14341e-05 682680 4.14341e-05
1.13272 4.16897e-05 684076 4.16897e-05
1.13803 4.20133e-05 702708 4.20133e-05
1.14339 4.2434e-05 710956 4.2434e-05
1.14877 4.27855e-05 720132 4.27855e-05
1.15416 4.32556e-05 729268 4.32556e-05
1.15957 4.36204e-05 738144 4.36204e-05
1.16503 4.4227e-05 755284 4.4227e-05
1.17053 4.4582e-05 764148 4.4582e-05
1.17602 4.49677e-05 768028 4.49677e-05
1.18154 4.54289e-05 786132 4.54289e-05
1.18707 4.58094e-05 787900 4.58094e-05
1.19264 4.60713e-05 808308 4.60713e-05
1.19826 4.68185e-05 818356 4.68185e-05
1.20388 4.67885e-05 826668 4.67885e-05
1.20954 4.73283e-05 842392 4.73283e-05
1.21521 4.81386e-05 845316 4.81386e-05
1.22091 4.87523e-05 869980 4.87523e-05
1.22666 4.92958e-05 874884 4.92958e-05
1.23241 4.94708e-05 886132 4.94708e-05
1.2382 4.99391e-05 904300 4.99391e-05
1.24401 5.04686e-05 911076 5.04686e-05
1.24985 5.09175e-05 926764 5.09175e-05
1.25571 5.14498e-05 937332 5.14498e-05
1.26162 5.21785e-05 959284 5.21785e-05
1.26756 5.24664e-05 965628 5.24664e-05
1.2735 5.34795e-05 978772 5.34795e-05
1.27948 5.38394e-05 997284 5.38394e-05
1.2855 5.42074e-05 1006900 5.42074e-05
1.29154 5.49661e-05 1025676 5.49661e-05
1.29761 5.53324e-05 1035172 5.53324e-05
1.30369 5.6201e-05 1048744 5.6201e-05
1.3098 5.65803e-05 1068540 5.65803e-05
1.31596 5.73077e-05 1080772 5.73077e-05
1.32215 5.80622e-05 1101876 5.80622e-05
1.32836 5.86037e-05 1108540 5.86037e-05
1.33459 5.9243e-05 1129956 5.9243e-05
1.34087 6.00255e-05 1148740 6.00255e-05
1.34718 6.05111e-05 1159228 6.05111e-05
1.3535 6.13127e-05 1175556 6.13127e-05
1.35985 6.17668e-05 1193956 6.17668e-05
1.36624 6.27405e-05 1213140 6.27405e-05
1.37267 6.33487e-05 1227964 6.33487e-05
1.37911 6.39936e-05 1242400 6.39936e-05
1.38558 6.48124e-05 1262772 6.48124e-05
1.39208 6.55961e-05 1280836 6.55961e-05
1.39864 6.64224e-05 1303740 6.64224e-05
1.40521 6.72933e-05 1315540 6.72933e-05
1.4118 6.80302e-05 1334164 6.80302e-05
1.41842 6.87708e-05 1351620 6.87708e-05
1.42509 6.98094e-05 1378636 6.98094e-05
1.4318 7.06362e-05 1397508 7.06362e-05
1.43854 7.15473e-05 1413844 7.15473e-05
1.44529 7.22461e-05 1431124 7.22461e-05
1.45208 7.32382e-05 1455324 7.32382e-05
1.45889 7.41212e-05 1468852 7.41212e-05
1.46572 7.51211e-05 1491492 7.51211e-05
1.4726 7.60582e-05 1519396 7.60582e-05
1.47952 7.70002e-05 1536280 7.70002e-05
1.48647 7.80813e-05 1557540 7.80813e-05
1.49347 7.90247e-05 1591684 7.90247e-05
1.50049 7.99869e-05 1598884 7.99869e-05
1.50754 8.09567e-05 1632084 8.09567e-05
1.51462 8.18863e-05 1644076 8.18863e-05
1.52173 8.3202e-05 1675444 8.3202e-05
1.52887 8.39741e-05 1692660 8.39741e-05
1.53605 8.52234e-05 1721536 8.52234e-05
1.54327 8.67271e-05 1747444 8.67271e-05
1.55052 8.77685e-05 1770876 8.77685e-05
1.55781 8.88469e-05 1797460 8.88469e-05
1.56513 8.99851e-05 1816804 8.99851e-05
1.57247 9.16125e-05 1846452 9.16125e-05
1.57985 9.25693e-05 1867888 9.25693e-05
1.58727 9.37837e-05 1899460 9.37837e-05
1.59472 9.51731e-05 1922556 9.51731e-05
1.60222 9.66832e-05 1962436 9.66832e-05
1.60976 9.7666e-05 1978372 9.7666e-05
1.6173 9.90566e-05 2002032 9.90566e-05
1.62489 0.000100969 2038276 0.000100969
1.63253 0.000102162 2065684 0.000102162
1.64019 0.000103785 2090788 0.000103785
1.6479 0.000105143 2132460 0.000105143
1.65565 0.000106782 2150992 0.000106782
1.66341 0.00010825 2180308 0.00010825
1.67122 0.000109583 2220756 0.000109583
1.67908 0.000111037 2249332 0.000111037
1.68697 0.000112986 2279248 0.000112986
1.6949 0.000114788 2314228 0.000114788
1.70286 0.000116586 2342868 0.000116586
1.71085 0.000118074 2376988 0.000118074
1.71889 0.000120405 2411008 0.000120405
1.72697 0.000121781 2453188 0.000121781
1.73508 0.000123628 2471124 0.000123628
1.74322 0.000125259 2518240 0.000125259
1.75141 0.000127685 2548996 0.000127685
1.75964 0.000129027 2591188 0.000129027
1.76791 0.000131067 2616624 0.000131067
1.77621 0.000133747 2667844 0.000133747
1.78456 0.000135534 2696836 0.000135534
1.79294 0.000137454 2732224 0.000137454
1.80136 0.000139734 2779476 0.000139734
1.80982 0.000141854 2814916 0.000141854
1.81832 0.000144006 2853040 0.000144006
1.82687 0.000146282 2897620 0.000146282
1.83545 0.000148422 2931604 0.000148422
1.84406 0.000151318 2976912 0.000151318
1.85272 0.000153657 3021532 0.000153657
1.86142 0.000156072 3056596 0.000156072
1.87016 0.000158595 3105568 0.000158595
1.87895 0.000160704 3159076 0.000160704
1.88779 0.000163624 3191568 0.000163624
1.89665 0.000166209 3239860 0.000166209
1.90555 0.000168847 3274372 0.000168847
1.91449 0.000171953 3339232 0.000171953
1.9235 0.000174642 3383668 0.000174642
1.93253 0.000177711 3413904 0.000177711
1.94159 0.000180584 3479260 0.000180584
1.95073 0.000183097 3530128 0.000183097
1.95988 0.000186225 3567076 0.000186225
1.9691 0.000189119 3634960 0.000189119
1.97835 0.000192883 3674068 0.000192883
1.98765 0.000196129 3733024 0.000196129
1.99698 0.000199204 3776484 0.000199204
2.00636 0.000202666 3834112 0.000202666
2.01577 0.000205983 3883108 0.000205983
2.02525 0.000209365 3956080 0.000209365
2.03477 0.000212811 3994852 0.000212811
2.04433 0.000216838 4058512 0.000216838
2.05393 0.000220682 4112740 0.000220682
2.06357 0.000224273 4168000 0.000224273
2.07326 0.000228224 4235556 0.000228224
2.083 0.000232295 4287904 0.000232295
2.09278 0.000236268 4351228 0.000236268
2.10261 0.000240139 4412800 0.000240139
2.11248 0.000244323 4467940 0.000244323
2.12241 0.000248997 4552912 0.000248997
2.13239 0.000252971 4603696 0.000252971
2.1424 0.000258303 4665844 0.000258303
2.15246 0.000262424 4733920 0.000262424
2.16256 0.000266806 4795396 0.000266806
2.17272 0.00027186 4873288 0.00027186
2.18293 0.000276691 4945216 0.000276691
2.19319 0.000281578 5006100 0.000281578
2.20348 0.000286714 5070784 0.000286714
2.21383 0.000292684 5162176 0.000292684
2.22424 0.000297291 5225524 0.000297291
2.23469 0.00030253 5295928 0.00030253
2.24518 0.00030814 5374432 0.00030814
2.25573 0.000313666 5448868 0.000313666
2.26633 0.000320064 5531680 0.000320064
2.27697 0.000325318 5597008 0.000325318
2.28766 0.000331223 5682652 0.000331223
2.29841 0.000337732 5772256 0.000337732
2.30921 0.000343831 5841616 0.000343831
2.32005 0.000350126 5935072 0.000350126
2.33094 0.000357204 6001348 0.000357204
2.34188 0.00036378 6100648 0.00036378
2.35289 0.000370574 6189328 0.000370574
2.36395 0.000377607 6272032 0.000377607
2.37505 0.000384955 6359092 0.000384955
2.38621 0.000392221 6454120 0.000392221
2.39742 0.000400446 6543664 0.000400446
2.40868 0.00040737 6630880 0.00040737
2.41998 0.000414984 6727600 0.000414984
2.43135 0.000423977 6828316 0.000423977
2.44278 0.000431046 6919504 0.000431046
2.45425 0.000439506 7017728 0.000439506
2.46578 0.000448811 7121608 0.000448811
2.47736 0.000457411 7217824 0.000457411
2.489 0.000467243 7321216 0.000467243
2.50068 0.00047653 7415692 0.00047653
2.51243 0.000486167 7539328 0.000486167
2.52424 0.000496423 7645840 0.000496423
2.53609 0.000506024 7727128 0.000506024
2.548 0.000515958 7861408 0.000515958
2.55998 0.000526799 7972336 0.000526799
2.572 0.000537812 8068456 0.000537812
2.58406 0.000548438 8181632 0.000548438
2.5962 0.000560051 8320720 0.000560051
2.60841 0.000571819 8426872 0.000571819
2.62066 0.000583679 8541952 0.000583679
2.63296 0.000595982 8664616 0.000595982
2.64533 0.000609221 8791792 0.000609221
2.65775 0.000621863 8908756 0.000621863
2.67023 0.00063606 9034072 0.00063606
2.68278 0.000648281 9177104 0.000648281
2.69539 0.000662319 9302632 0.000662319
2.70805 0.000676766 9422380 0.000676766
2.72076 0.00069289 9565408 0.00069289
2.73355 0.000707111 9699928 0.000707111
2.74639 0.000722617 9834160 0.000722617
2.75928 0.000738678 9970520 0.000738678
2.77224 0.000755136 10120912 0.000755136
2.78527 0.000772311 10255576 0.000772311
2.79835 0.00079074 10403344 0.00079074
2.81149 0.000807906 10556392 0.000807906
2.8247 0.000827851 10700768 0.000827851
2.83797 0.000845465 10846984 0.000845465
2.8513 0.000865657 11009440 0.000865657
2.86469 0.000884361 11162536 0.000884361
2.87815 0.000905997 11318540 0.000905997
2.89166 0.000929277 11472664 0.000929277
2.90524 0.000950075 11646208 0.000950075
2.91889 0.000972534 11819800 0.000972534
2.93261 0.000997364 11972336 0.000997364
2.94637 0.00102099 12128068 0.00102099
2.96021 0.00104657 12324496 0.00104657
2.97412 0.00107252 12499864 0.00107252
2.9881 0.00109926 12663176 0.00109926
3.00213 0.00112643 12849472 0.00112643
3.01623 0.00115385 13030132 0.00115385
3.0304 0.00118467 13215104 0.00118467
3.04463 0.00121461 13382824 0.00121461
3.05892 0.00124497 13593352 0.00124497
3.0733 0.00127937 13789676 0.00127937
3.08773 0.0013117 13966648 0.0013117
3.10224 0.0013476 14188240 0.0013476
3.11681 0.00138415 14365268 0.00138415
3.13145 0.00141849 14591176 0.00141849
3.14616 0.00145872 14779984 0.00145872
3.16094 0.00149861 14998868 0.00149861
3.17579 0.00153754 15212488 0.00153754
3.1907 0.00157906 15407308 0.00157906
3.20568 0.00162601 15647816 0.00162601
3.22074 0.00167062 15866296 0.00167062
3.23587 0.0017177 16070420 0.0017177
3.25107 0.00176944 16337296 0.00176944
3.26635 0.00181924 16540804 0.00181924
3.28169 0.00187262 16792568 0.00187262
3.2971 0.00192687 16993216 0.00192687
3.31258 0.00198221 17272964 0.00198221
3.32814 0.00204527 17489560 0.00204527
3.34377 0.00210867 17756548 0.00210867
3.35948 0.00216733 17996576 0.00216733
3.37526 0.00223709 18254116 0.00223709
3.39111 0.00230575 18517352 0.00230575
3.40704 0.00237951 18789988 0.00237951
3.42305 0.00245443 19037060 0.00245443
3.43912 0.00253423 19304704 0.00253423
3.45528 0.00261231 19601012 0.00261231
3.47151 0.0026968 19858312 0.0026968
3.48782 0.0027906 20158004 0.0027906
3.5042 0.00287954 20405860 0.00287954
3.52065 0.00297924 20724296 0.00297924
3.53719 0.00307978 21016900 0.00307978
3.5538 0.00318655 21295568 0.00318655
3.5705 0.00329689 21635908 0.00329689
3.58727 0.00341258 21900068 0.00341258
3.60411 0.00353324 22232968 0.00353324
3.62105 0.00366531 22555220 0.00366531
3.63806 0.00379247 22860308 0.00379247
3.65514 0.00393236 23160148 0.00393236
3.6723 0.00408221 23518280 0.00408221
3.68955 0.00423718 23848756 0.00423718
3.70689 0.00439273 24199700 0.00439273
3.7243 0.00456564 24520100 0.00456564
3.7418 0.00474326 24878968 0.00474326
3.75937 0.00493508 25212452 0.00493508
3.77703 0.00512732 25600948 0.00512732
3.79477 0.00534253 25928516 0.00534253
3.81259 0.00556224 26311748 0.00556224
3.8305 0.00578589 26690788 0.00578589
3.84849 0.00602793 27051080 0.00602793
3.86657 0.00629289 27460244 0.00629289
3.88473 0.00656627 27835780 0.00656627
3.90298 0.00685118 28229876 0.00685118
3.92131 0.00715957 28633364 0.00715957
3.93974 0.00747292 29041252 0.00747292
3.95824 0.0078173 29417924 0.0078173
3.97682 0.00818075 29872004 0.00818075
3.9955 0.0085533 30283972 0.0085533
4.01428 0.00896163 30733988 0.00896163
4.03313 0.00939373 31126484 0.00939373
4.05207 0.00984316 31589228 0.00984316
4.07111 0.0103343 32042452 0.0103343
4.09023 0.010837 32476676 0.010837
4.10944 0.0113765 32953412 0.0113765
4.12874 0.0119427 33434564 0.0119427
4.14814 0.0125428 33871460 0.0125428
4.16762 0.0131759 34366540 0.0131759
4.18719 0.0138493 34863092 0.0138493
4.20686 0.0145702 35344256 0.0145702
4.22662 0.0153322 35858900 0.0153322
4.24648 0.0161336 36362492 0.0161336
4.26643 0.0169736 36872308 0.0169736
4.28646 0.0178405 37376132 0.0178405
4.30659 0.0188171 37932320 0.0188171
4.32682 0.0198101 38456684 0.0198101
4.34714 0.0208462 38995988 0.0208462
4.36756 0.0219466 39578804 0.0219466
4.38808 0.0231122 40096448 0.0231122
4.40868 0.0243592 40681388 0.0243592
4.42939 0.025661 41263396 0.025661
4.4502 0.0270499 41841476 0.0270499
4.4711 0.0284934 42449528 0.0284934
4.49211 0.0299694 43049588 0.0299694
4.51321 0.0315736 43639388 0.0315736
4.53441 0.0332558 44273552 0.0332558
4.55571 0.0349842 44892980 0.0349842
4.5771 0.0368015 45507416 0.0368015
4.5986 0.0386585 46185860 0.0386585
4.6202 0.0405938 46810040 0.0405938
4.6419 0.0426115 47489828 0.0426115
4.66371 0.0445657 48180188 0.0445657
4.68561 0.0466964 48833168 0.0466964
4.70762 0.0487 49527644 0.0487
4.72973 0.0508446 50232224 0.0508446
4.75194 0.052862 50948696 0.052862
4.77427 0.0550647 51679604 0.0550647
4.79669 0.0571399 52383464 0.0571399
4.81921 130.491 53126678 130.491
4.84183 0.0591711 53356256 0.0591711
4.86457 0.0581636 53311656 0.0581636
4.88742 0.057436 53350280 0.057436
4.91038 0.0568784 53289728 0.0568784
4.93344 0.0565632 53263280 0.0565632
4.95661 0.0563528 53239808 0.0563528
4.9799 0.0562823 53192360 0.0562823
5.00329 0.0563745 53114120 0.0563745
5.02679 0.0565365 53065040 0.0565365
5.0504 0.0567752 52986480 0.0567752
5.07412 0.0571214 52907528 0.0571214
5.09795 0.0575532 52825088 0.0575532
5.1219 0.0580895 52720952 0.0580895
5.14595 0.0586344 52599200 0.0586344
5.17012 0.0593436 52508184 0.0593436
5.19441 0.060081 52357832 0.060081
5.21881 0.0608686 52232192 0.0608686
5.24332 0.0617367 52081856 0.0617367
5.26795 0.062687 51935472 0.062687
5.29269 0.0636446 51724520 0.0636446
5.31755 0.0647123 51592832 0.0647123
5.34253 0.0658067 51378792 0.0658067
5.36762 0.0670009 51154352 0.0670009
5.39283 0.0682554 50979176 0.0682554
5.41816 0.0695953 50746656 0.0695953
5.44362 0.070959 50500448 0.070959
5.46918 0.0724184 50244248 0.0724184
5.49487 0.0739321 49981320 0.0739321
5.52068 0.0755631 49712384 0.0755631
5.54661 0.0772694 49412456 0.0772694
5.57266 0.079041 49116408 0.079041
5.59883 0.0809673 48784136 0.0809673
5.62513 0.0829616 48474960 0.0829616
5.65155 0.0850556 48128672 0.0850556
5.67809 0.0872726 47753960 0.0872726
5.70476 0.0895952 47394648 0.0895952
5.73156 0.0920407 46996976 0.0920407
5.75848 0.0946776 46584648 0.0946776
5.78553 0.0973833 46201928 0.0973833
5.81271 0.100199 45725976 0.100199
5.84 0.103319 45269696 0.103319
5.86743 0.106405 44820024 0.106405
5.89499 0.109778 44321144 0.109778
5.92268 0.113312 43831200 0.113312
5.9505 0.116881 43291032 0.116881
5.97844 0.120654 42744464 0.120654
6.00652 0.124556 42202344 0.124556
6.03474 0.128588 41631128 0.128588
6.06308 0.132776 41009256 0.132776
6.09156 0.137108 40409472 0.137108
6.12017 0.141516 39766712 0.141516
6.14891 0.146009 39105696 0.146009
6.17779 0.150487 38434392 0.150487
6.20681 0.155164 37723472 0.155164
6.23596 0.159476 37005672 0.159476
6.26525 0.164133 36271560 0.164133
6.29467 0.168448 35499200 0.168448
6.32424 0.172719 34708464 0.172719
6.35394 0.177095 33906456 0.177095
6.38378 0.180876 33059312 0.180876
6.41376 0.18446 32198328 0.18446
6.44388 0.188097 31318776 0.188097
6.47415 0.191085 30415728 0.191085
6.50455 0.1935 29472264 0.1935
6.5351 0.195242 28511192 0.195242
6.56579 0.195886 27524664 0.195886
6.59662 0.195839 26504592 0.195839
6.6276 0.194933 25462536 0.194933
6.65872 0.193281 24397440 0.193281
6.68999 0.191049 23299320 0.191049
6.72141 0.188862 22163904 0.188862
6.75296 0.187556 21001304 0.187556
6.78467 0.188322 19822752 0.188322
6.81652 891.859 18602946 891.859
6.84856 0.196689 17474436 0.196689
6.88073 0.203398 16479060 0.203398
6.91305 0.211441 15577944 0.211441
6.94552 0.220977 14714904 0.220977
6.97814 0.231731 13916868 0.231731
7.01093 0.24429 13144908 0.24429
7.04385 0.258274 12409932 0.258274
7.07693 0.273982 11703048 0.273982
7.11016 0.291612 11037708 0.291612
7.14356 0.311023 10385856 0.311023
7.17711 0.332321 9767380 0.332321
7.21082 0.356474 9170244 0.356474
7.24468 0.38242 8588904 0.38242
7.27871 0.411459 8041740 0.411459
7.31289 0.443182 7501548 0.443182
7.34723 0.478406 6992244 0.478406
7.38174 0.516713 6500076 0.516713
7.41641 0.557113 6021808 0.557113
7.45123 0.602128 5567040 0.602128
7.48622 0.650407 5132964 0.650407
7.52138 0.6993 4711008 0.6993
7.55668 0.751505 4308700 0.751505
7.59215 0.806861 3928644 0.806861
7.62781 0.859651 3564360 0.859651
7.66364 0.914386 3216708 0.914386
7.69963 0.964633 2884024 0.964633
7.73577 1.00976 2571756 1.00976
7.77208 1.04775 2275272 1.04775
7.80856 1.07544 1998952 1.07544
7.84519 1.09221 1735692 1.09221
7.88195 1.09691 1493536 1.09691
7.91894 1.08772 1272552 1.08772
7.95615 1.0455 1065132 1.0455
7.99345 0.997133 870088 0.997133
8.03087 0.931974 703380 0.931974
8.06861 0.848868 551260 0.848868
8.1063 0.750606 409752 0.750606
8.14415 0.657653 301540 0.657653
8.18252 0.559661 201084 0.559661
8.22015 0.465087 118588 0.465087
8.25771 0.400278 65076 0.400278
8.29571 0.346838 23452 0.346838
8.32962 0.329452 3120 0.329452
8.35799 7.37962e+09 2 7.37962e+09
