# in Mpc/h Units 
# D1 = 1 
# k P N P(z=0)
0.00628319 1.53115e-07 12 1.53115e-07
0.00888577 5.01076e-08 24 5.01076e-08
0.0108828 1.4877e-07 16 1.4877e-07
0.0125664 7.08959e-08 12 7.08959e-08
0.0140496 1.58288e-07 48 1.58288e-07
0.0153906 2.33669e-07 48 2.33669e-07
0.0177715 3.79288e-07 24 3.79288e-07
0.0188496 2.84658e-07 60 2.84658e-07
0.0198692 3.34423e-07 48 3.34423e-07
0.020839 2.63874e-07 48 2.63874e-07
0.0217656 3.21453e-07 16 3.21453e-07
0.0226543 2.41833e-07 48 2.41833e-07
0.0235095 4.38284e-07 96 4.38284e-07
0.0251327 4.22569e-07 12 4.22569e-07
0.0259062 4.30773e-07 96 4.30773e-07
0.0266573 7.13439e-07 72 7.13439e-07
0.0273878 5.96463e-07 48 5.96463e-07
0.0280993 6.71759e-07 48 6.71759e-07
0.0287932 6.7527e-07 96 6.7527e-07
0.0294708 6.76087e-07 48 6.76087e-07
0.0307812 7.78854e-07 48 7.78854e-07
0.0314159 8.20184e-07 60 8.20184e-07
0.0320381 7.03773e-07 144 7.03773e-07
0.0326484 7.44827e-07 64 7.44827e-07
0.033836 7.59241e-07 144 7.59241e-07
0.0344144 9.83228e-07 96 9.83228e-07
0.0355431 7.4937e-07 24 7.4937e-07
0.0360942 8.26147e-07 96 8.26147e-07
0.036637 9.14049e-07 96 9.14049e-07
0.0371718 1.05845e-06 96 1.05845e-06
0.0376991 1.17437e-06 60 1.17437e-06
0.0382191 1.38723e-06 48 1.38723e-06
0.0387322 1.0218e-06 144 1.0218e-06
0.0397384 1.16121e-06 48 1.16121e-06
0.040232 1.13786e-06 192 1.13786e-06
0.0407197 9.96816e-07 96 9.96816e-07
0.0412016 1.8171e-06 48 1.8171e-06
0.0416779 1.27248e-06 48 1.27248e-06
0.0421489 1.18528e-06 144 1.18528e-06
0.0426146 9.20303e-07 96 9.20303e-07
0.0435312 8.79155e-07 16 8.79155e-07
0.0439823 1.39775e-06 108 1.39775e-06
0.0444288 1.11558e-06 168 1.11558e-06
0.0448709 1.04605e-06 96 1.04605e-06
0.0453087 1.0555e-06 48 1.0555e-06
0.0457423 1.63877e-06 144 1.63877e-06
0.0461718 1.40786e-06 192 1.40786e-06
0.0470191 1.90822e-06 96 1.90822e-06
0.047437 1.65293e-06 96 1.65293e-06
0.0478513 1.68798e-06 48 1.68798e-06
0.0482621 2.1013e-06 144 2.1013e-06
0.0490732 2.20952e-06 144 2.20952e-06
0.0494739 1.58466e-06 192 1.58466e-06
0.0502655 4.09363e-06 12 4.09363e-06
0.0506567 2.0532e-06 192 2.0532e-06
0.0510448 1.86483e-06 192 1.86483e-06
0.0514301 1.42673e-06 48 1.42673e-06
0.0518125 1.9159e-06 96 1.9159e-06
0.0521921 2.59325e-06 192 2.59325e-06
0.0525689 2.52721e-06 96 2.52721e-06
0.0533146 1.9182e-06 72 1.9182e-06
0.0536836 2.11447e-06 96 2.11447e-06
0.05405 1.75929e-06 240 1.75929e-06
0.054414 2.0235e-06 112 2.0235e-06
0.0547755 3.03787e-06 48 3.03787e-06
0.0551347 2.31022e-06 192 2.31022e-06
0.0554916 2.24567e-06 96 2.24567e-06
0.0561985 2.51476e-06 48 2.51476e-06
0.0565487 2.80581e-06 204 2.80581e-06
0.0568967 1.80362e-06 96 1.80362e-06
0.0572425 2.98892e-06 144 2.98892e-06
0.0575863 3.01544e-06 96 3.01544e-06
0.0579281 2.5665e-06 96 2.5665e-06
0.0582679 2.78723e-06 240 2.78723e-06
0.0589415 3.39862e-06 48 3.39862e-06
0.0592755 2.22224e-06 288 2.22224e-06
0.0596075 2.51697e-06 240 2.51697e-06
0.0599378 2.24944e-06 96 2.24944e-06
0.0605928 3.20859e-06 96 3.20859e-06
0.0609177 2.58219e-06 192 2.58219e-06
0.0615624 1.96555e-06 48 1.96555e-06
0.0618822 2.96136e-06 96 2.96136e-06
0.0622004 3.30075e-06 216 3.30075e-06
0.0625169 2.89114e-06 144 2.89114e-06
0.0628319 2.35212e-06 60 2.35212e-06
0.0631452 2.91808e-06 336 2.91808e-06
0.0634571 2.82504e-06 96 2.82504e-06
0.0640762 3.15667e-06 144 3.15667e-06
0.0643835 2.97961e-06 192 2.97961e-06
0.0646894 3.64107e-06 144 3.64107e-06
0.0649938 2.99417e-06 144 2.99417e-06
0.0652968 2.59608e-06 64 2.59608e-06
0.0655984 2.52116e-06 144 2.52116e-06
0.0658986 2.31517e-06 288 2.31517e-06
0.0667912 3.55469e-06 192 3.55469e-06
0.0670861 2.8263e-06 192 2.8263e-06
0.0673797 2.14365e-06 96 2.14365e-06
0.067672 3.15808e-06 144 3.15808e-06
0.067963 3.31879e-06 240 3.31879e-06
0.0682529 3.30303e-06 144 3.30303e-06
0.0688288 2.17799e-06 96 2.17799e-06
0.069115 3.50914e-06 156 3.50914e-06
0.0694001 3.75954e-06 240 3.75954e-06
0.0696839 3.0197e-06 96 3.0197e-06
0.0702481 3.51769e-06 288 3.51769e-06
0.0705286 3.35796e-06 288 3.35796e-06
0.0710861 2.48272e-06 24 2.48272e-06
0.0713633 3.77939e-06 288 3.77939e-06
0.0716393 5.60265e-06 96 5.60265e-06
0.0719926 4.00138e-06 336 4.00138e-06
0.0724612 5.00592e-06 96 5.00592e-06
0.0727331 4.14284e-06 336 4.14284e-06
0.0734532 3.99785e-06 288 3.99785e-06
0.0738107 3.60488e-06 192 3.60488e-06
0.0740777 4.05881e-06 144 4.05881e-06
0.0743437 4.30271e-06 96 4.30271e-06
0.0746967 4.21669e-06 288 4.21669e-06
0.0753982 3.1512e-06 60 3.1512e-06
0.0758332 4.12892e-06 576 4.12892e-06
0.0761796 4.41497e-06 112 4.41497e-06
0.0766638 4.33947e-06 384 4.33947e-06
0.076953 4.98286e-06 240 4.98286e-06
0.0776339 4.03495e-06 432 4.03495e-06
0.0779723 5.44434e-06 192 5.44434e-06
0.078225 4.87089e-06 192 4.87089e-06
0.0787281 3.75793e-06 144 3.75793e-06
0.0789784 4.48353e-06 192 4.48353e-06
0.0794767 5.18299e-06 48 5.18299e-06
0.0798137 4.7382e-06 600 4.7382e-06
0.0802183 3.61799e-06 48 3.61799e-06
0.0805865 4.13319e-06 384 4.13319e-06
0.0809532 4.34553e-06 240 4.34553e-06
0.0814394 4.32955e-06 96 4.32955e-06
0.0818379 5.78112e-06 444 5.78112e-06
0.0821633 4.03816e-06 240 4.03816e-06
0.0826125 4.62409e-06 384 4.62409e-06
0.0828809 5.46164e-06 288 5.46164e-06
0.0833559 3.85185e-06 48 3.85185e-06
0.0837495 5.36966e-06 288 5.36966e-06
0.0840633 5.31212e-06 240 5.31212e-06
0.0844439 4.58246e-06 384 4.58246e-06
0.0847648 5.00116e-06 288 5.00116e-06
0.0852293 5.47892e-06 96 5.47892e-06
0.0855594 5.34489e-06 672 5.34489e-06
0.0859213 7.53656e-06 96 7.53656e-06
0.0864252 5.29873e-06 480 5.29873e-06
0.0870624 9.18344e-06 16 9.18344e-06
0.0872888 5.08602e-06 96 5.08602e-06
0.087579 6.01092e-06 672 6.01092e-06
0.0881192 5.16536e-06 348 5.16536e-06
0.0884123 5.47011e-06 240 5.47011e-06
0.0889978 5.38156e-06 456 5.38156e-06
0.089427 5.84386e-06 336 5.84386e-06
0.0898883 5.0137e-06 288 5.0137e-06
0.0901807 6.8114e-06 480 6.8114e-06
0.0906174 5.01872e-06 48 5.01872e-06
0.090897 6.47189e-06 672 6.47189e-06
0.0913765 6.45297e-06 288 6.45297e-06
0.0917922 6.74805e-06 336 6.74805e-06
0.0923436 8.47312e-06 192 8.47312e-06
0.0926754 6.35682e-06 432 6.35682e-06
0.0932651 6.48719e-06 576 6.48719e-06
0.0936174 8.34302e-06 288 8.34302e-06
0.0941969 6.26494e-06 396 6.26494e-06
0.094573 6.62978e-06 432 6.62978e-06
0.0950225 7.64261e-06 336 7.64261e-06
0.0952892 7.05193e-06 480 7.05193e-06
0.0958792 7.89071e-06 336 7.89071e-06
0.0962314 7.22126e-06 672 7.22126e-06
0.0968099 7.89091e-06 480 7.89091e-06
0.097638 7.45003e-06 552 7.45003e-06
0.0981837 6.90162e-06 688 6.90162e-06
0.0985479 7.20029e-06 288 7.20029e-06
0.0990673 7.71498e-06 480 7.71498e-06
0.0994528 7.91601e-06 624 7.91601e-06
0.100098 7.49351e-06 480 7.49351e-06
0.100531 1.66884e-05 12 1.66884e-05
0.100874 8.25508e-06 768 8.25508e-06
0.101448 7.2957e-06 624 7.2957e-06
0.101924 7.93751e-06 336 7.93751e-06
0.102421 7.6531e-06 672 7.6531e-06
0.102983 8.05333e-06 672 8.05333e-06
0.103243 7.04071e-06 384 7.04071e-06
0.103879 7.49887e-06 576 7.49887e-06
0.104279 9.65044e-06 432 9.65044e-06
0.104705 8.06031e-06 480 8.06031e-06
0.105349 9.09918e-06 768 9.09918e-06
0.1057 6.23914e-06 144 6.23914e-06
0.106152 9.33949e-06 672 9.33949e-06
0.106914 8.37415e-06 756 8.37415e-06
0.107244 9.78864e-06 288 9.78864e-06
0.107631 8.39113e-06 768 8.39113e-06
0.10826 8.97285e-06 768 8.97285e-06
0.108777 9.03571e-06 688 9.03571e-06
0.10919 9.43299e-06 288 9.43299e-06
0.109816 9.82111e-06 912 9.82111e-06
0.110311 9.54002e-06 624 9.54002e-06
0.110746 8.43324e-06 288 8.43324e-06
0.111354 8.72071e-06 1104 8.72071e-06
0.111965 9.64522e-06 528 9.64522e-06
0.112557 9.40552e-06 528 9.40552e-06
0.112926 9.3141e-06 588 9.3141e-06
0.113378 8.83656e-06 864 8.83656e-06
0.113986 9.76764e-06 864 9.76764e-06
0.114516 1.03369e-05 528 1.03369e-05
0.114915 9.79743e-06 384 9.79743e-06
0.115567 1.0652e-05 936 1.0652e-05
0.116093 1.02753e-05 1104 1.02753e-05
0.116705 1.03158e-05 672 1.03158e-05
0.117239 1.00929e-05 576 1.00929e-05
0.117777 1.11495e-05 912 1.11495e-05
0.118366 9.65342e-06 864 9.65342e-06
0.118788 1.2053e-05 336 1.2053e-05
0.119469 1.08273e-05 1132 1.08273e-05
0.120077 1.27426e-05 864 1.27426e-05
0.120751 1.03862e-05 864 1.03862e-05
0.121153 1.06987e-05 720 1.06987e-05
0.121711 1.16482e-05 1248 1.16482e-05
0.122203 1.02317e-05 528 1.02317e-05
0.122718 1.22856e-05 720 1.22856e-05
0.123453 1.15913e-05 912 1.15913e-05
0.123969 1.16688e-05 1008 1.16688e-05
0.12467 1.15078e-05 1128 1.15078e-05
0.12526 1.13838e-05 768 1.13838e-05
0.125876 1.26936e-05 924 1.26936e-05
0.126429 1.25178e-05 1248 1.25178e-05
0.127121 1.37919e-05 864 1.37919e-05
0.127677 1.46619e-05 1248 1.46619e-05
0.128318 1.26886e-05 624 1.26886e-05
0.128807 1.36629e-05 1104 1.36629e-05
0.129504 1.27606e-05 816 1.27606e-05
0.129878 1.28624e-05 1200 1.28624e-05
0.130701 1.29562e-05 1216 1.29562e-05
0.131297 1.43121e-05 1008 1.43121e-05
0.131933 1.35737e-05 1020 1.35737e-05
0.13258 1.35385e-05 1200 1.35385e-05
0.133214 1.51919e-05 984 1.51919e-05
0.133672 1.25722e-05 1104 1.25722e-05
0.134446 1.36745e-05 1392 1.36745e-05
0.13492 1.39847e-05 1008 1.39847e-05
0.135589 1.48906e-05 1056 1.48906e-05
0.136149 1.49902e-05 1248 1.49902e-05
0.136788 1.55457e-05 1008 1.55457e-05
0.137489 1.46276e-05 1104 1.46276e-05
0.138157 1.38893e-05 1308 1.38893e-05
0.138792 1.50142e-05 1680 1.50142e-05
0.139482 1.51748e-05 1488 1.51748e-05
0.140148 1.29209e-05 912 1.29209e-05
0.140735 1.49847e-05 1296 1.49847e-05
0.141506 1.64914e-05 1792 1.64914e-05
0.142105 1.47861e-05 792 1.47861e-05
0.142726 1.49422e-05 1632 1.49422e-05
0.14348 1.4527e-05 1344 1.4527e-05
0.144008 1.62409e-05 1104 1.62409e-05
0.14474 1.49405e-05 1788 1.49405e-05
0.145447 1.57807e-05 1344 1.57807e-05
0.146112 1.57127e-05 1248 1.57127e-05
0.146784 1.62834e-05 1776 1.62834e-05
0.147376 1.59035e-05 1440 1.59035e-05
0.148179 1.6664e-05 1872 1.6664e-05
0.148977 1.79676e-05 1296 1.79676e-05
0.149637 1.78844e-05 1872 1.78844e-05
0.150285 1.64543e-05 1392 1.64543e-05
0.151106 1.57225e-05 1236 1.57225e-05
0.151697 1.76989e-05 2016 1.76989e-05
0.15237 1.86106e-05 1744 1.86106e-05
0.153147 1.93818e-05 1920 1.93818e-05
0.153934 1.92378e-05 1776 1.92378e-05
0.154569 1.94192e-05 1296 1.94192e-05
0.155288 1.86536e-05 1680 1.86536e-05
0.155941 1.86801e-05 1824 1.86801e-05
0.156682 1.98208e-05 1548 1.98208e-05
0.157451 1.90877e-05 2544 1.90877e-05
0.158249 1.96305e-05 1824 1.96305e-05
0.159019 2.08693e-05 1728 2.08693e-05
0.159745 2.09167e-05 1848 2.09167e-05
0.160428 2.04222e-05 2160 2.04222e-05
0.161255 2.13484e-05 2016 2.13484e-05
0.161989 2.17477e-05 2256 2.17477e-05
0.162879 2.21646e-05 1536 2.21646e-05
0.1635 2.12445e-05 2092 2.12445e-05
0.164304 2.23661e-05 2304 2.23661e-05
0.16512 2.21716e-05 2544 2.21716e-05
0.165918 2.45816e-05 1824 2.45816e-05
0.166638 2.26307e-05 2400 2.26307e-05
0.167465 2.17964e-05 2160 2.17964e-05
0.1681 2.13869e-05 1680 2.13869e-05
0.169017 2.33609e-05 2664 2.33609e-05
0.169783 2.21485e-05 2124 2.21485e-05
0.170536 2.20617e-05 2640 2.20617e-05
0.17142 2.15237e-05 2496 2.15237e-05
0.172167 2.28202e-05 2208 2.28202e-05
0.173001 2.39147e-05 2784 2.39147e-05
0.173739 2.25109e-05 1552 2.25109e-05
0.174601 2.31545e-05 3456 2.31545e-05
0.175449 2.37622e-05 2448 2.37622e-05
0.17633 2.38333e-05 2508 2.38333e-05
0.177179 2.35109e-05 2736 2.35109e-05
0.177982 2.60625e-05 2472 2.60625e-05
0.178748 2.70544e-05 3216 2.70544e-05
0.179662 2.81565e-05 2016 2.81565e-05
0.180329 2.57226e-05 2976 2.57226e-05
0.181298 2.67671e-05 2880 2.67671e-05
0.182161 2.53406e-05 2316 2.53406e-05
0.182962 2.62056e-05 3648 2.62056e-05
0.183819 2.89297e-05 2928 2.89297e-05
0.184763 2.68439e-05 2896 2.68439e-05
0.18557 2.54308e-05 3120 2.54308e-05
0.186484 2.8172e-05 2856 2.8172e-05
0.187347 2.62938e-05 3360 2.62938e-05
0.188277 2.87828e-05 2988 2.87828e-05
0.189164 2.80461e-05 3888 2.80461e-05
0.190083 2.88293e-05 2736 2.88293e-05
0.190912 3.05007e-05 3168 3.05007e-05
0.191791 2.87943e-05 3552 2.87943e-05
0.192627 2.94654e-05 2880 2.94654e-05
0.19355 2.80131e-05 3936 2.80131e-05
0.194476 2.83997e-05 2748 2.83997e-05
0.195383 3.11514e-05 4200 3.11514e-05
0.196314 3.13709e-05 3280 3.13709e-05
0.19731 3.02066e-05 4992 3.02066e-05
0.198246 2.94965e-05 2496 2.94965e-05
0.198969 3.18841e-05 3024 3.18841e-05
0.200004 3.19574e-05 4560 3.19574e-05
0.200981 2.97259e-05 3852 2.97259e-05
0.201907 3.25921e-05 4128 3.25921e-05
0.202923 3.20008e-05 3840 3.20008e-05
0.203766 3.2205e-05 3888 3.2205e-05
0.204817 3.46659e-05 4344 3.46659e-05
0.205802 3.29526e-05 4512 3.29526e-05
0.206744 3.16517e-05 3472 3.16517e-05
0.207695 3.40088e-05 4188 3.40088e-05
0.208661 3.4291e-05 4656 3.4291e-05
0.209635 3.60355e-05 4512 3.60355e-05
0.210605 3.55859e-05 3840 3.55859e-05
0.211552 3.40289e-05 5040 3.40289e-05
0.212598 3.59363e-05 4176 3.59363e-05
0.213716 3.60177e-05 5268 3.60177e-05
0.214685 3.77937e-05 4656 3.77937e-05
0.215636 3.74489e-05 4608 3.74489e-05
0.2167 3.86194e-05 5136 3.86194e-05
0.217712 3.69406e-05 4048 3.69406e-05
0.21856 3.70579e-05 4704 3.70579e-05
0.21964 3.79062e-05 5436 3.79062e-05
0.220689 4.21595e-05 5040 4.21595e-05
0.221792 4.06655e-05 5544 4.06655e-05
0.222806 3.93744e-05 5280 3.93744e-05
0.223891 4.08614e-05 5760 4.08614e-05
0.224992 3.98677e-05 4896 3.98677e-05
0.225967 4.0052e-05 4956 4.0052e-05
0.226978 4.08871e-05 5808 4.08871e-05
0.228073 4.13443e-05 5632 4.13443e-05
0.229091 4.28239e-05 6048 4.28239e-05
0.230305 4.40852e-05 5904 4.40852e-05
0.231358 4.04745e-05 5592 4.04745e-05
0.232405 4.34145e-05 5964 4.34145e-05
0.23355 4.38206e-05 6624 4.38206e-05
0.234601 4.4655e-05 5376 4.4655e-05
0.235688 4.53521e-05 6288 4.53521e-05
0.236855 4.57359e-05 7344 4.57359e-05
0.237877 4.43092e-05 4656 4.43092e-05
0.239086 4.55293e-05 8092 4.55293e-05
0.240233 4.55567e-05 5688 4.55567e-05
0.241291 4.86178e-05 7200 4.86178e-05
0.242431 4.43678e-05 6528 4.43678e-05
0.243572 4.96895e-05 6576 4.96895e-05
0.244685 4.83066e-05 6396 4.83066e-05
0.245798 4.93948e-05 7728 4.93948e-05
0.246976 4.9109e-05 6912 4.9109e-05
0.248127 5.20649e-05 7488 5.20649e-05
0.24936 5.06207e-05 7752 5.06207e-05
0.250523 5.01307e-05 6784 5.01307e-05
0.251669 5.18591e-05 7836 5.18591e-05
0.252872 5.27423e-05 7728 5.27423e-05
0.254083 5.28439e-05 8208 5.28439e-05
0.255199 5.29226e-05 6960 5.29226e-05
0.256387 5.28226e-05 8160 5.28226e-05
0.257664 5.49393e-05 8340 5.49393e-05
0.258855 5.64596e-05 8352 5.64596e-05
0.26008 5.65464e-05 9120 5.65464e-05
0.261336 5.64855e-05 7312 5.64855e-05
0.262469 5.53328e-05 8688 5.53328e-05
0.263809 5.74811e-05 9660 5.74811e-05
0.265071 5.82633e-05 8832 5.82633e-05
0.266256 5.67327e-05 7752 5.67327e-05
0.267421 5.81627e-05 9504 5.81627e-05
0.268761 6.04378e-05 9936 6.04378e-05
0.2701 6.03805e-05 8988 6.03805e-05
0.27124 6.23981e-05 8400 6.23981e-05
0.272568 6.53799e-05 11584 6.53799e-05
0.273851 6.05627e-05 8448 6.05627e-05
0.275155 6.33913e-05 10440 6.33913e-05
0.276427 6.2078e-05 9180 6.2078e-05
0.277657 6.5144e-05 10656 6.5144e-05
0.27902 6.64781e-05 10608 6.64781e-05
0.280352 6.62053e-05 10080 6.62053e-05
0.281565 6.57072e-05 9840 6.57072e-05
0.282918 6.80409e-05 11500 6.80409e-05
0.284302 6.69834e-05 10776 6.69834e-05
0.285589 6.93251e-05 11568 6.93251e-05
0.286971 6.67442e-05 10800 6.67442e-05
0.288304 7.15795e-05 11280 7.15795e-05
0.289695 6.95568e-05 11868 6.95568e-05
0.291035 7.19702e-05 12240 7.19702e-05
0.292425 7.50177e-05 11088 7.50177e-05
0.293779 7.33664e-05 12328 7.33664e-05
0.295153 7.46519e-05 11676 7.46519e-05
0.296461 7.58045e-05 12288 7.58045e-05
0.297907 7.31701e-05 12576 7.31701e-05
0.299258 7.4028e-05 13152 7.4028e-05
0.300748 7.61002e-05 13008 7.61002e-05
0.302188 7.68279e-05 13188 7.68279e-05
0.30361 7.94558e-05 14016 7.94558e-05
0.305003 7.88853e-05 12400 7.88853e-05
0.306412 8.01716e-05 13536 8.01716e-05
0.307876 8.1097e-05 14364 8.1097e-05
0.309298 8.35504e-05 13728 8.35504e-05
0.310761 8.3564e-05 14616 8.3564e-05
0.312204 8.31091e-05 13488 8.31091e-05
0.313652 8.52356e-05 15372 8.52356e-05
0.315175 8.23794e-05 14560 8.23794e-05
0.31662 8.56188e-05 15840 8.56188e-05
0.318151 8.75708e-05 15120 8.75708e-05
0.319599 8.8372e-05 13896 8.8372e-05
0.321058 9.1626e-05 16860 9.1626e-05
0.322645 8.73305e-05 16656 8.73305e-05
0.324166 9.20707e-05 15648 9.20707e-05
0.32568 9.11986e-05 16320 9.11986e-05
0.327167 9.26466e-05 16060 9.26466e-05
0.328774 9.59998e-05 18744 9.59998e-05
0.330313 9.53671e-05 15936 9.53671e-05
0.331826 9.68253e-05 17136 9.68253e-05
0.333427 9.95262e-05 17868 9.95262e-05
0.334947 9.69765e-05 17904 9.69765e-05
0.336524 9.95096e-05 17760 9.95096e-05
0.338146 0.0001008 19096 0.0001008
0.339739 0.000102163 18252 0.000102163
0.341313 0.000103909 18768 0.000103909
0.342874 0.000103914 18576 0.000103914
0.344468 0.000103183 19584 0.000103183
0.346116 0.000106991 19140 0.000106991
0.34771 0.000108528 20752 0.000108528
0.349362 0.000108942 20304 0.000108942
0.351033 0.000109499 19920 0.000109499
0.352646 0.000110792 21564 0.000110792
0.354377 0.000110202 21984 0.000110202
0.356063 0.000110708 20904 0.000110708
0.357696 0.000114206 21612 0.000114206
0.359426 0.000118028 22624 0.000118028
0.361079 0.000112985 22224 0.000112985
0.362754 0.000119266 21696 0.000119266
0.364449 0.000121433 22788 0.000121433
0.366133 0.000123183 23904 0.000123183
0.367846 0.000122414 22704 0.000122414
0.369601 0.000124582 25168 0.000124582
0.371397 0.000123303 24780 0.000123303
0.373143 0.000125358 24504 0.000125358
0.374848 0.000124918 24480 0.000124918
0.37663 0.000128335 24972 0.000128335
0.378363 0.000131325 26160 0.000131325
0.380139 0.000131483 25936 0.000131483
0.381916 0.000132838 25224 0.000132838
0.38369 0.000132871 27948 0.000132871
0.385541 0.000138263 27888 0.000138263
0.387327 0.00013935 25680 0.00013935
0.3891 0.000138452 28716 0.000138452
0.390994 0.00014273 29176 0.00014273
0.392843 0.000142056 29376 0.000142056
0.394661 0.000144024 27120 0.000144024
0.396505 0.000149947 31164 0.000149947
0.398367 0.000150352 29088 0.000150352
0.400233 0.000148108 30840 0.000148108
0.402152 0.000153078 31228 0.000153078
0.40399 0.000150935 29760 0.000150935
0.405874 0.000155035 33456 0.000155035
0.407843 0.000159524 31380 0.000159524
0.409716 0.000158218 32496 0.000158218
0.411602 0.000157484 33168 0.000157484
0.413596 0.000161323 33808 0.000161323
0.415548 0.000164727 34860 0.000164727
0.417499 0.000164532 33816 0.000164532
0.419429 0.000167155 35280 0.000167155
0.421439 0.000171965 35100 0.000171965
0.4234 0.000174473 37392 0.000174473
0.425408 0.0001735 35584 0.0001735
0.42739 0.000176926 36276 0.000176926
0.42937 0.000177851 38784 0.000177851
0.431414 0.000181169 37536 0.000181169
0.433421 0.000178826 38076 0.000178826
0.435438 0.000183783 38920 0.000183783
0.437444 0.000186876 39984 0.000186876
0.4396 0.000186413 42348 0.000186413
0.441671 0.000191282 40080 0.000191282
0.443727 0.000191318 41256 0.000191318
0.445802 0.000189395 41596 0.000189395
0.447878 0.000196826 42960 0.000196826
0.449991 0.000200972 43584 0.000200972
0.452114 0.000203284 42828 0.000203284
0.454235 0.000204799 46200 0.000204799
0.456374 0.000208999 43984 0.000208999
0.458534 0.000209966 46812 0.000209966
0.460666 0.000213392 45072 0.000213392
0.46284 0.000212508 48696 0.000212508
0.465042 0.000216063 47196 0.000216063
0.467214 0.000222154 48448 0.000222154
0.469406 0.000220642 49296 0.000220642
0.471626 0.000225774 49236 0.000225774
0.473743 0.000233878 48384 0.000233878
0.475977 0.000228143 52416 0.000228143
0.478226 0.000233283 51580 0.000233283
0.480485 0.000237994 53832 0.000237994
0.482752 0.000239736 52428 0.000239736
0.485019 0.000242268 55056 0.000242268
0.487306 0.000240472 55440 0.000240472
0.48961 0.000249307 54244 0.000249307
0.491868 0.000250744 57264 0.000250744
0.494198 0.000253049 57360 0.000253049
0.496522 0.000259645 57444 0.000259645
0.498833 0.000260861 60000 0.000260861
0.501204 0.000261135 58816 0.000261135
0.50355 0.000266121 61356 0.000266121
0.505916 0.000268012 61320 0.000268012
0.508313 0.000272717 62988 0.000272717
0.510704 0.0002786 62896 0.0002786
0.513084 0.000279393 64320 0.000279393
0.515543 0.000286822 66180 0.000286822
0.51795 0.000286907 65328 0.000286907
0.520364 0.000287907 65436 0.000287907
0.522793 0.000294936 68944 0.000294936
0.52526 0.000293641 68520 0.000293641
0.527713 0.000299946 68604 0.000299946
0.530156 0.000304516 70944 0.000304516
0.532669 0.000306636 72040 0.000306636
0.535188 0.000313613 73884 0.000313613
0.5377 0.000316772 72720 0.000316772
0.540241 0.000318245 76332 0.000318245
0.542756 0.000326406 73608 0.000326406
0.545284 0.000329855 77728 0.000329855
0.54787 0.000334761 78732 0.000334761
0.550466 0.000338421 80136 0.000338421
0.553028 0.000342639 77820 0.000342639
0.555606 0.000344392 82720 0.000344392
0.558224 0.000348027 81564 0.000348027
0.56083 0.000357029 84408 0.000357029
0.56345 0.000362418 83088 0.000362418
0.566114 0.000368713 89020 0.000368713
0.568794 0.000368962 85896 0.000368962
0.57145 0.00037905 88956 0.00037905
0.574166 0.000379026 92064 0.000379026
0.576877 0.000383462 88804 0.000383462
0.57954 0.000391124 92640 0.000391124
0.582264 0.000392151 93696 0.000392151
0.585017 0.000395715 95628 0.000395715
0.587762 0.000403204 96520 0.000403204
0.590569 0.000412317 99516 0.000412317
0.593327 0.000419082 98064 0.000419082
0.596104 0.000418559 99540 0.000418559
0.598885 0.000425801 102112 0.000425801
0.601688 0.000435036 103008 0.000435036
0.60453 0.000437332 105732 0.000437332
0.607362 0.000442076 105696 0.000442076
0.610229 0.00045101 109084 0.00045101
0.613094 0.000455845 108552 0.000455845
0.615957 0.000465599 110124 0.000465599
0.618839 0.00046793 113136 0.00046793
0.62177 0.000477241 114532 0.000477241
0.624688 0.000486483 116112 0.000486483
0.627616 0.000486729 115500 0.000486729
0.630554 0.000494309 120760 0.000494309
0.633541 0.000500446 120780 0.000500446
0.63652 0.000512217 123216 0.000512217
0.639512 0.000516018 122724 0.000516018
0.64251 0.00051944 127504 0.00051944
0.64554 0.000532213 127056 0.000532213
0.648554 0.00054078 128100 0.00054078
0.651549 0.000541618 129568 0.000541618
0.654649 0.000551501 137628 0.000551501
0.657741 0.000560641 132312 0.000560641
0.66081 0.000567376 137436 0.000567376
0.663899 0.000569512 138208 0.000569512
0.667047 0.000577579 143364 0.000577579
0.670183 0.000590152 141024 0.000590152
0.673306 0.000603901 144556 0.000603901
0.676483 0.000606434 149064 0.000606434
0.679687 0.000617901 148908 0.000617901
0.682871 0.000622371 151080 0.000622371
0.686079 0.000635421 153052 0.000635421
0.689314 0.000638238 157296 0.000638238
0.692548 0.000651261 154740 0.000651261
0.695723 0.00066706 156544 0.00066706
0.698997 0.000677542 165420 0.000677542
0.702314 0.000676018 164292 0.000676018
0.705609 0.000688495 167424 0.000688495
0.708938 0.000697202 169420 0.000697202
0.712273 0.000706128 172344 0.000706128
0.715624 0.000715179 172812 0.000715179
0.718964 0.000726882 176488 0.000726882
0.722353 0.000739606 179340 0.000739606
0.725741 0.000751754 181584 0.000751754
0.729184 0.000759511 186388 0.000759511
0.732605 0.000768243 184704 0.000768243
0.736035 0.000785289 189828 0.000785289
0.739481 0.000789767 191008 0.000789767
0.742951 0.00081023 194460 0.00081023
0.746441 0.00081932 197604 0.00081932
0.749957 0.000833513 201904 0.000833513
0.753469 0.000836355 199980 0.000836355
0.756983 0.000858355 206712 0.000858355
0.760565 0.000866176 210028 0.000866176
0.764149 0.000881176 213096 0.000881176
0.767736 0.000890011 212604 0.000890011
0.771306 0.000906273 216004 0.000906273
0.774926 0.00090926 223392 0.00090926
0.778598 0.000932713 224316 0.000932713
0.782245 0.000947114 226600 0.000947114
0.785923 0.000962384 230604 0.000962384
0.789616 0.000968848 234792 0.000968848
0.793312 0.000988999 234316 0.000988999
0.797042 0.00100766 242940 0.00100766
0.800776 0.0010192 241320 0.0010192
0.804553 0.0010364 250060 0.0010364
0.808343 0.00105214 250776 0.00105214
0.812158 0.00107968 256188 0.00107968
0.815959 0.001074 254116 0.001074
0.819781 0.00109386 264672 0.00109386
0.823648 0.00111875 264012 0.00111875
0.827505 0.00112455 268324 0.00112455
0.8314 0.00114369 275520 0.00114369
0.835324 0.0011588 275604 0.0011588
0.839214 0.00117873 278032 0.00117873
0.843171 0.00119595 288708 0.00119595
0.847141 0.00121687 285628 0.00121687
0.851084 0.00123488 291864 0.00123488
0.855081 0.00126153 296412 0.00126153
0.859091 0.00127465 301132 0.00127465
0.863128 0.00129031 305640 0.00129031
0.867194 0.00131675 310284 0.00131675
0.87127 0.00133804 314440 0.00133804
0.875368 0.00135336 318396 0.00135336
0.879473 0.00137938 321988 0.00137938
0.883606 0.00139854 329088 0.00139854
0.887753 0.00141668 330564 0.00141668
0.891919 0.00143511 336700 0.00143511
0.896109 0.0014671 343320 0.0014671
0.900336 0.00149389 347244 0.00149389
0.904563 0.00151301 350068 0.00151301
0.908805 0.00153075 357024 0.00153075
0.913051 0.00156023 357292 0.00156023
0.917348 0.00158893 370932 0.00158893
0.921672 0.00160553 370764 0.00160553
0.925992 0.00163115 376504 0.00163115
0.930354 0.00166116 384252 0.00166116
0.93473 0.00168263 387124 0.00168263
0.939107 0.00172263 392352 0.00172263
0.943526 0.00174255 400260 0.00174255
0.947959 0.00177656 402652 0.00177656
0.952394 0.00179175 409944 0.00179175
0.956874 0.00183242 416812 0.00183242
0.961345 0.00185384 416724 0.00185384
0.965874 0.00188097 435324 0.00188097
0.970451 0.00191317 434248 0.00191317
0.974982 0.00194804 434892 0.00194804
0.979556 0.00197471 449380 0.00197471
0.984147 0.00202487 448116 0.00202487
0.988771 0.00203644 463696 0.00203644
0.993453 0.00207781 467988 0.00207781
0.998112 0.00211609 468396 0.00211609
1.00278 0.00213002 479416 0.00213002
1.00751 0.00216924 487260 0.00216924
1.01226 0.00221384 494020 0.00221384
1.01699 0.0022524 492828 0.0022524
1.02174 0.0022846 507544 0.0022846
1.02654 0.00233201 513804 0.00233201
1.03137 0.00235623 522132 0.00235623
1.03624 0.00241139 531916 0.00241139
1.0411 0.00243251 530196 0.00243251
1.04596 0.00248057 542848 0.00248057
1.05088 0.002511 553716 0.002511
1.05585 0.00255608 562372 0.00255608
1.06082 0.00259579 565836 0.00259579
1.06577 0.00264136 570292 0.00264136
1.07077 0.00269477 586560 0.00269477
1.07581 0.00273716 589204 0.00273716
1.08087 0.00277875 602556 0.00277875
1.08595 0.00283238 605908 0.00283238
1.09104 0.0028771 615348 0.0028771
1.09614 0.00292719 621120 0.00292719
1.1013 0.002976 641668 0.002976
1.1065 0.00301704 643164 0.00301704
1.1117 0.0030779 650452 0.0030779
1.11691 0.00312427 662844 0.00312427
1.12216 0.00318364 670132 0.00318364
1.12744 0.00322872 682680 0.00322872
1.13272 0.00328939 684076 0.00328939
1.13803 0.00334606 702708 0.00334606
1.14339 0.00338953 710956 0.00338953
1.14877 0.00344507 720132 0.00344507
1.15416 0.00350759 729268 0.00350759
1.15957 0.00355306 738144 0.00355306
1.16503 0.00362634 755284 0.00362634
1.17053 0.00370107 764148 0.00370107
1.17602 0.00375199 768028 0.00375199
1.18154 0.00381872 786132 0.00381872
1.18707 0.00387238 787900 0.00387238
1.19264 0.00395237 808308 0.00395237
1.19826 0.00400639 818356 0.00400639
1.20388 0.00408462 826668 0.00408462
1.20954 0.00415126 842392 0.00415126
1.21521 0.00421817 845316 0.00421817
1.22091 0.00428422 869980 0.00428422
1.22666 0.00436794 874884 0.00436794
1.23241 0.00444603 886132 0.00444603
1.2382 0.00451715 904300 0.00451715
1.24401 0.00458496 911076 0.00458496
1.24985 0.00466752 926764 0.00466752
1.25571 0.00474413 937332 0.00474413
1.26162 0.00484767 959284 0.00484767
1.26756 0.00491826 965628 0.00491826
1.2735 0.00501268 978772 0.00501268
1.27948 0.00510884 997284 0.00510884
1.2855 0.00517473 1006900 0.00517473
1.29154 0.00525526 1025676 0.00525526
1.29761 0.00535647 1035172 0.00535647
1.30369 0.00544165 1048744 0.00544165
1.3098 0.00552905 1068540 0.00552905
1.31596 0.00564684 1080772 0.00564684
1.32215 0.00573589 1101876 0.00573589
1.32836 0.0058347 1108540 0.0058347
1.33459 0.00593147 1129956 0.00593147
1.34087 0.00605545 1148740 0.00605545
1.34718 0.0061481 1159228 0.0061481
1.3535 0.00625346 1175556 0.00625346
1.35985 0.00636214 1193956 0.00636214
1.36624 0.00647623 1213140 0.00647623
1.37267 0.00657996 1227964 0.00657996
1.37911 0.00668619 1242400 0.00668619
1.38558 0.00679254 1262772 0.00679254
1.39208 0.0069107 1280836 0.0069107
1.39864 0.00704602 1303740 0.00704602
1.40521 0.00718648 1315540 0.00718648
1.4118 0.00731329 1334164 0.00731329
1.41842 0.0074514 1351620 0.0074514
1.42509 0.00758824 1378636 0.00758824
1.4318 0.00770663 1397508 0.00770663
1.43854 0.00782285 1413844 0.00782285
1.44529 0.00797027 1431124 0.00797027
1.45208 0.00812144 1455324 0.00812144
1.45889 0.00827792 1468852 0.00827792
1.46572 0.00840435 1491492 0.00840435
1.4726 0.00856845 1519396 0.00856845
1.47952 0.00870193 1536280 0.00870193
1.48647 0.00887953 1557540 0.00887953
1.49347 0.00904617 1591684 0.00904617
1.50049 0.00915582 1598884 0.00915582
1.50754 0.00934109 1632084 0.00934109
1.51462 0.00951666 1644076 0.00951666
1.52173 0.00969714 1675444 0.00969714
1.52887 0.00987073 1692660 0.00987073
1.53605 0.0100222 1721536 0.0100222
1.54327 0.0102069 1747444 0.0102069
1.55052 0.0103844 1770876 0.0103844
1.55781 0.0105992 1797460 0.0105992
1.56513 0.0107841 1816804 0.0107841
1.57247 0.0109499 1846452 0.0109499
1.57985 0.0111667 1867888 0.0111667
1.58727 0.0113832 1899460 0.0113832
1.59472 0.0115707 1922556 0.0115707
1.60222 0.0117717 1962436 0.0117717
1.60976 0.0120187 1978372 0.0120187
1.6173 0.0122488 2002032 0.0122488
1.62489 0.0124729 2038276 0.0124729
1.63253 0.0126612 2065684 0.0126612
1.64019 0.012938 2090788 0.012938
1.6479 0.0131573 2132460 0.0131573
1.65565 0.0133945 2150992 0.0133945
1.66341 0.0136522 2180308 0.0136522
1.67122 0.0139038 2220756 0.0139038
1.67908 0.014152 2249332 0.014152
1.68697 0.0144046 2279248 0.0144046
1.6949 0.014721 2314228 0.014721
1.70286 0.0149608 2342868 0.0149608
1.71085 0.0152412 2376988 0.0152412
1.71889 0.0155018 2411008 0.0155018
1.72697 0.0157657 2453188 0.0157657
1.73508 0.0161061 2471124 0.0161061
1.74322 0.0164113 2518240 0.0164113
1.75141 0.0167916 2548996 0.0167916
1.75964 0.0170615 2591188 0.0170615
1.76791 0.0174304 2616624 0.0174304
1.77621 0.0177399 2667844 0.0177399
1.78456 0.0180324 2696836 0.0180324
1.79294 0.0184008 2732224 0.0184008
1.80136 0.0187686 2779476 0.0187686
1.80982 0.0191352 2814916 0.0191352
1.81832 0.019469 2853040 0.019469
1.82687 0.0198448 2897620 0.0198448
1.83545 0.0202384 2931604 0.0202384
1.84406 0.0206424 2976912 0.0206424
1.85272 0.0210715 3021532 0.0210715
1.86142 0.0214659 3056596 0.0214659
1.87016 0.0219259 3105568 0.0219259
1.87895 0.0223275 3159076 0.0223275
1.88779 0.0227726 3191568 0.0227726
1.89665 0.0232594 3239860 0.0232594
1.90555 0.0236646 3274372 0.0236646
1.91449 0.0241617 3339232 0.0241617
1.9235 0.0246303 3383668 0.0246303
1.93253 0.0251065 3413904 0.0251065
1.94159 0.0256252 3479260 0.0256252
1.95073 0.0262218 3530128 0.0262218
1.95988 0.0266915 3567076 0.0266915
1.9691 0.0273511 3634960 0.0273511
1.97835 0.0278619 3674068 0.0278619
1.98765 0.0283896 3733024 0.0283896
1.99698 0.0290314 3776484 0.0290314
2.00636 0.0296432 3834112 0.0296432
2.01577 0.030256 3883108 0.030256
2.02525 0.030906 3956080 0.030906
2.03477 0.0315309 3994852 0.0315309
2.04433 0.0322022 4058512 0.0322022
2.05393 0.0329209 4112740 0.0329209
2.06357 0.0335693 4168000 0.0335693
2.07326 0.0343541 4235556 0.0343541
2.083 0.0349402 4287904 0.0349402
2.09278 0.0357536 4351228 0.0357536
2.10261 0.0366292 4412800 0.0366292
2.11248 0.0373764 4467940 0.0373764
2.12241 0.0382286 4552912 0.0382286
2.13239 0.0390093 4603696 0.0390093
2.1424 0.0397937 4665844 0.0397937
2.15246 0.0407654 4733920 0.0407654
2.16256 0.0416714 4795396 0.0416714
2.17272 0.0425324 4873288 0.0425324
2.18293 0.043576 4945216 0.043576
2.19319 0.0445445 5006100 0.0445445
2.20348 0.0455605 5070784 0.0455605
2.21383 0.0466561 5162176 0.0466561
2.22424 0.0476629 5225524 0.0476629
2.23469 0.0487633 5295928 0.0487633
2.24518 0.0498132 5374432 0.0498132
2.25573 0.0510735 5448868 0.0510735
2.26633 0.0522171 5531680 0.0522171
2.27697 0.0535097 5597008 0.0535097
2.28766 0.0547224 5682652 0.0547224
2.29841 0.0559533 5772256 0.0559533
2.30921 0.0573718 5841616 0.0573718
2.32005 0.0586526 5935072 0.0586526
2.33094 0.0601806 6001348 0.0601806
2.34188 0.0615761 6100648 0.0615761
2.35289 0.0631132 6189328 0.0631132
2.36395 0.0645892 6272032 0.0645892
2.37505 0.0661719 6359092 0.0661719
2.38621 0.067828 6454120 0.067828
2.39742 0.0694367 6543664 0.0694367
2.40868 0.0712178 6630880 0.0712178
2.41998 0.0729878 6727600 0.0729878
2.43135 0.0748615 6828316 0.0748615
2.44278 0.0767726 6919504 0.0767726
2.45425 0.0786079 7017728 0.0786079
2.46578 0.0805068 7121608 0.0805068
2.47736 0.082728 7217824 0.082728
2.489 0.0847618 7321216 0.0847618
2.50068 0.0869314 7415692 0.0869314
2.51243 0.0892833 7539328 0.0892833
2.52424 0.0916387 7645840 0.0916387
2.53609 0.0939188 7727128 0.0939188
2.548 0.0963686 7861408 0.0963686
2.55998 0.0988381 7972336 0.0988381
2.572 0.101585 8068456 0.101585
2.58406 0.104051 8181632 0.104051
2.5962 0.10685 8320720 0.10685
2.60841 0.109899 8426872 0.109899
2.62066 0.11284 8541952 0.11284
2.63296 0.115714 8664616 0.115714
2.64533 0.118942 8791792 0.118942
2.65775 0.121982 8908756 0.121982
2.67023 0.12539 9034072 0.12539
2.68278 0.12882 9177104 0.12882
2.69539 0.132382 9302632 0.132382
2.70805 0.135976 9422380 0.135976
2.72076 0.139739 9565408 0.139739
2.73355 0.143513 9699928 0.143513
2.74639 0.147451 9834160 0.147451
2.75928 0.151545 9970520 0.151545
2.77224 0.15586 10120912 0.15586
2.78527 0.160134 10255576 0.160134
2.79835 0.164604 10403344 0.164604
2.81149 0.169127 10556392 0.169127
2.8247 0.17391 10700768 0.17391
2.83797 0.178601 10846984 0.178601
2.8513 0.183691 11009440 0.183691
2.86469 0.188924 11162536 0.188924
2.87815 0.194078 11318540 0.194078
2.89166 0.199743 11472664 0.199743
2.90524 0.205386 11646208 0.205386
2.91889 0.211012 11819800 0.211012
2.93261 0.217161 11972336 0.217161
2.94637 0.222883 12128068 0.222883
2.96021 0.2297 12324496 0.2297
2.97412 0.235772 12499864 0.235772
2.9881 0.242287 12663176 0.242287
3.00213 0.249125 12849472 0.249125
3.01623 0.25622 13030132 0.25622
3.0304 0.263542 13215104 0.263542
3.04463 0.271038 13382824 0.271038
3.05892 0.278405 13593352 0.278405
3.0733 0.286075 13789676 0.286075
3.08773 0.294516 13966648 0.294516
3.10224 0.30276 14188240 0.30276
3.11681 0.310942 14365268 0.310942
3.13145 0.319713 14591176 0.319713
3.14616 0.328595 14779984 0.328595
3.16094 0.337764 14998868 0.337764
3.17579 0.347136 15212488 0.347136
3.1907 0.356773 15407308 0.356773
3.20568 0.366701 15647816 0.366701
3.22074 0.376205 15866296 0.376205
3.23587 0.386918 16070420 0.386918
3.25107 0.397298 16337296 0.397298
3.26635 0.4078 16540804 0.4078
3.28169 0.419247 16792568 0.419247
3.2971 0.43056 16993216 0.43056
3.31258 0.441633 17272964 0.441633
3.32814 0.453498 17489560 0.453498
3.34377 0.465783 17756548 0.465783
3.35948 0.477808 17996576 0.477808
3.37526 0.490562 18254116 0.490562
3.39111 0.503352 18517352 0.503352
3.40704 0.516066 18789988 0.516066
3.42305 0.529646 19037060 0.529646
3.43912 0.542893 19304704 0.542893
3.45528 0.556721 19601012 0.556721
3.47151 0.571345 19858312 0.571345
3.48782 0.585335 20158004 0.585335
3.5042 0.599503 20405860 0.599503
3.52065 0.614812 20724296 0.614812
3.53719 0.630056 21016900 0.630056
3.5538 0.645326 21295568 0.645326
3.5705 0.660335 21635908 0.660335
3.58727 0.677265 21900068 0.677265
3.60411 0.692789 22232968 0.692789
3.62105 0.709307 22555220 0.709307
3.63806 0.726023 22860308 0.726023
3.65514 0.742587 23160148 0.742587
3.6723 0.760014 23518280 0.760014
3.68955 0.777339 23848756 0.777339
3.70689 0.794646 24199700 0.794646
3.7243 0.812394 24520100 0.812394
3.7418 0.831039 24878968 0.831039
3.75937 0.848592 25212452 0.848592
3.77703 0.867722 25600948 0.867722
3.79477 0.885218 25928516 0.885218
3.81259 0.90449 26311748 0.90449
3.8305 0.923246 26690788 0.923246
3.84849 0.942619 27051080 0.942619
3.86657 0.962031 27460244 0.962031
3.88473 0.981292 27835780 0.981292
3.90298 1.00079 28229876 1.00079
3.92131 1.02154 28633364 1.02154
3.93974 1.04169 29041252 1.04169
3.95824 1.06255 29417924 1.06255
3.97682 1.08111 29872004 1.08111
3.9955 1.10248 30283972 1.10248
4.01428 1.1229 30733988 1.1229
4.03313 1.14395 31126484 1.14395
4.05207 1.1648 31589228 1.1648
4.07111 1.18601 32042452 1.18601
4.09023 1.20647 32476676 1.20647
4.10944 1.22754 32953412 1.22754
4.12874 1.24854 33434564 1.24854
4.14814 1.26981 33871460 1.26981
4.16762 1.29216 34366540 1.29216
4.18719 1.31303 34863092 1.31303
4.20686 1.33479 35344256 1.33479
4.22662 1.3564 35858900 1.3564
4.24648 1.37888 36362492 1.37888
4.26643 1.40032 36872308 1.40032
4.28646 1.42191 37376132 1.42191
4.30659 1.44318 37932320 1.44318
4.32682 1.46586 38456684 1.46586
4.34714 1.48839 38995988 1.48839
4.36756 1.5108 39578804 1.5108
4.38808 1.53309 40096448 1.53309
4.40868 1.55556 40681388 1.55556
4.42939 1.57718 41263396 1.57718
4.4502 1.59961 41841476 1.59961
4.4711 1.62167 42449528 1.62167
4.49211 1.64498 43049588 1.64498
4.51321 1.66732 43639388 1.66732
4.53441 1.69055 44273552 1.69055
4.55571 1.7125 44892980 1.7125
4.5771 1.73503 45507416 1.73503
4.5986 1.75853 46185860 1.75853
4.6202 1.78213 46810040 1.78213
4.6419 1.80462 47489828 1.80462
4.66371 1.82794 48180188 1.82794
4.68561 1.85223 48833168 1.85223
4.70762 1.87549 49527644 1.87549
4.72973 1.89959 50232224 1.89959
4.75194 1.92326 50948696 1.92326
4.77427 1.94892 51679604 1.94892
4.79669 1.97331 52383464 1.97331
4.81921 2.00207 53126678 2.00207
4.84183 2.00321 53356256 2.00321
4.86457 2.00367 53311656 2.00367
4.88742 2.0039 53350280 2.0039
4.91038 2.00421 53289728 2.00421
4.93344 2.00499 53263280 2.00499
4.95661 2.00658 53239808 2.00658
4.9799 2.00856 53192360 2.00856
5.00329 2.01102 53114120 2.01102
5.02679 2.01215 53065040 2.01215
5.0504 2.01622 52986480 2.01622
5.07412 2.01935 52907528 2.01935
5.09795 2.02276 52825088 2.02276
5.1219 2.02453 52720952 2.02453
5.14595 2.02995 52599200 2.02995
5.17012 2.03413 52508184 2.03413
5.19441 2.03831 52357832 2.03831
5.21881 2.04287 52232192 2.04287
5.24332 2.0464 52081856 2.0464
5.26795 2.05275 51935472 2.05275
5.29269 2.05864 51724520 2.05864
5.31755 2.06455 51592832 2.06455
5.34253 2.06957 51378792 2.06957
5.36762 2.07609 51154352 2.07609
5.39283 2.08142 50979176 2.08142
5.41816 2.08882 50746656 2.08882
5.44362 2.09586 50500448 2.09586
5.46918 2.10336 50244248 2.10336
5.49487 2.10889 49981320 2.10889
5.52068 2.1178 49712384 2.1178
5.54661 2.12415 49412456 2.12415
5.57266 2.13147 49116408 2.13147
5.59883 2.14002 48784136 2.14002
5.62513 2.14907 48474960 2.14907
5.65155 2.15758 48128672 2.15758
5.67809 2.1658 47753960 2.1658
5.70476 2.17559 47394648 2.17559
5.73156 2.18575 46996976 2.18575
5.75848 2.19465 46584648 2.19465
5.78553 2.20478 46201928 2.20478
5.81271 2.21711 45725976 2.21711
5.84 2.22767 45269696 2.22767
5.86743 2.2382 44820024 2.2382
5.89499 2.25085 44321144 2.25085
5.92268 2.26111 43831200 2.26111
5.9505 2.27373 43291032 2.27373
5.97844 2.28675 42744464 2.28675
6.00652 2.29987 42202344 2.29987
6.03474 2.31518 41631128 2.31518
6.06308 2.32956 41009256 2.32956
6.09156 2.34549 40409472 2.34549
6.12017 2.36136 39766712 2.36136
6.14891 2.37749 39105696 2.37749
6.17779 2.39405 38434392 2.39405
6.20681 2.41309 37723472 2.41309
6.23596 2.42955 37005672 2.42955
6.26525 2.44924 36271560 2.44924
6.29467 2.46905 35499200 2.46905
6.32424 2.48979 34708464 2.48979
6.35394 2.50927 33906456 2.50927
6.38378 2.5326 33059312 2.5326
6.41376 2.55325 32198328 2.55325
6.44388 2.57659 31318776 2.57659
6.47415 2.60098 30415728 2.60098
6.50455 2.62304 29472264 2.62304
6.5351 2.64732 28511192 2.64732
6.56579 2.67 27524664 2.67
6.59662 2.69207 26504592 2.69207
6.6276 2.71271 25462536 2.71271
6.65872 2.73171 24397440 2.73171
6.68999 2.7487 23299320 2.7487
6.72141 2.76209 22163904 2.76209
6.75296 2.769 21001304 2.769
6.78467 2.76771 19822752 2.76771
6.81652 2.75794 18602946 2.75794
6.84856 2.74559 17474436 2.74559
6.88073 2.75031 16479060 2.75031
6.91305 2.75351 15577944 2.75351
6.94552 2.76206 14714904 2.76206
6.97814 2.77324 13916868 2.77324
7.01093 2.78813 13144908 2.78813
7.04385 2.80312 12409932 2.80312
7.07693 2.82606 11703048 2.82606
7.11016 2.84443 11037708 2.84443
7.14356 2.86831 10385856 2.86831
7.17711 2.89352 9767380 2.89352
7.21082 2.92335 9170244 2.92335
7.24468 2.95485 8588904 2.95485
7.27871 2.9912 8041740 2.9912
7.31289 3.02729 7501548 3.02729
7.34723 3.07205 6992244 3.07205
7.38174 3.11028 6500076 3.11028
7.41641 3.15468 6021808 3.15468
7.45123 3.20609 5567040 3.20609
7.48622 3.26659 5132964 3.26659
7.52138 3.33217 4711008 3.33217
7.55668 3.39047 4308700 3.39047
7.59215 3.4577 3928644 3.4577
7.62781 3.53137 3564360 3.53137
7.66364 3.61501 3216708 3.61501
7.69963 3.70285 2884024 3.70285
7.73577 3.79263 2571756 3.79263
7.77208 3.90342 2275272 3.90342
7.80856 4.00822 1998952 4.00822
7.84519 4.12984 1735692 4.12984
7.88195 4.25761 1493536 4.25761
7.91894 4.39357 1272552 4.39357
7.95615 4.56924 1065132 4.56924
7.99345 4.7412 870088 4.7412
8.03087 4.93392 703380 4.93392
8.06861 5.12341 551260 5.12341
8.1063 5.3352 409752 5.3352
8.14415 5.59473 301540 5.59473
8.18252 5.89094 201084 5.89094
8.22015 6.06717 118588 6.06717
8.25771 6.48301 65076 6.48301
8.29571 6.62691 23452 6.62691
8.32962 7.05641 3120 7.05641
8.35799 1.02552 2 1.02552
