# in Mpc/h Units 
# D1 = 0.0349703 
# k P N P(z=0)
0.00628319 22.3631 6 18286.6
0.00888577 27.0022 12 22080.1
0.0108828 29.2616 8 23927.6
0.0125664 30.483 6 24926.3
0.0140496 31.0996 24 25430.5
0.0153906 31.3871 24 25665.6
0.0177715 31.2228 12 25531.2
0.0188496 30.9959 30 25345.7
0.0198692 30.6738 24 25082.3
0.020839 30.2465 24 24732.9
0.0217656 29.7859 8 24356.3
0.0226543 29.3419 24 23993.3
0.0235095 28.8451 48 23587
0.0251327 27.937 6 22844.4
0.0259062 27.3382 48 22354.8
0.0266573 26.8399 36 21947.3
0.0273878 26.3487 24 21545.7
0.0280993 25.9102 24 21187.1
0.0287932 25.4273 48 20792.2
0.0294708 24.9326 24 20387.7
0.0307812 23.9765 24 19605.9
0.0314159 23.5166 30 19229.8
0.0320381 23.1542 72 18933.5
0.0326484 22.8026 32 18646
0.033836 21.9801 72 17973.4
0.0344144 21.6189 48 17678
0.0355431 20.9597 12 17139
0.0360942 20.6382 48 16876.1
0.036637 20.3156 48 16612.3
0.0371718 20.0223 48 16372.4
0.0376991 19.6874 30 16098.6
0.0382191 19.5147 24 15957.4
0.0387322 19.1631 72 15669.9
0.0397384 18.6391 24 15241.5
0.040232 18.4209 96 15063
0.0407197 18.1708 48 14858.5
0.0412016 18.0014 24 14720
0.0416779 17.7899 24 14547
0.0421489 17.5136 72 14321.1
0.0426146 17.3007 48 14147
0.0435312 17.1315 8 14008.7
0.0439823 16.8742 54 13798.2
0.0444288 16.6552 84 13619.2
0.0448709 16.4906 48 13484.5
0.0453087 16.3262 24 13350.2
0.0457423 16.1661 72 13219.2
0.0461718 16.0684 96 13139.3
0.0470191 15.7569 48 12884.6
0.047437 15.6047 48 12760.1
0.0478513 15.5825 24 12742
0.0482621 15.3929 72 12586.9
0.0490732 15.2077 72 12435.6
0.0494739 15.0648 96 12318.7
0.0502655 14.9561 6 12229.8
0.0506567 14.8322 96 12128.5
0.0510448 14.7005 96 12020.8
0.0514301 14.576 24 11919
0.0518125 14.5704 48 11914.4
0.0521921 14.4692 96 11831.6
0.0525689 14.3969 48 11772.6
0.0533146 14.1962 36 11608.4
0.0536836 14.18 48 11595.2
0.05405 14.0388 120 11479.7
0.054414 14.0648 56 11501
0.0547755 13.9193 24 11382
0.0551347 13.854 96 11328.6
0.0554916 13.8083 48 11291.2
0.0561985 13.7314 24 11228.3
0.0565487 13.6267 102 11142.7
0.0568967 13.547 48 11077.6
0.0572425 13.5016 72 11040.4
0.0575863 13.4396 48 10989.8
0.0579281 13.4514 48 10999.4
0.0582679 13.3125 120 10885.8
0.0589415 13.2401 24 10826.6
0.0592755 13.2332 144 10821
0.0596075 13.1426 120 10746.9
0.0599378 13.0628 48 10681.6
0.0605928 13.0237 48 10649.6
0.0609177 12.9565 96 10594.7
0.0615624 12.8743 24 10527.5
0.0618822 12.848 48 10505.9
0.0622004 12.8329 108 10493.6
0.0625169 12.752 72 10427.5
0.0628319 12.7116 30 10394.4
0.0631452 12.6464 168 10341.1
0.0634571 12.6053 48 10307.5
0.0640762 12.5089 72 10228.7
0.0643835 12.5005 96 10221.8
0.0646894 12.4755 72 10201.4
0.0649938 12.404 72 10142.9
0.0652968 12.2829 32 10043.9
0.0655984 12.2865 72 10046.8
0.0658986 12.2474 144 10014.8
0.0667912 12.0444 96 9848.89
0.0670861 12.0135 96 9823.59
0.0673797 12.0237 48 9831.94
0.067672 11.9967 72 9809.88
0.067963 11.9495 120 9771.24
0.0682529 11.8568 72 9695.49
0.0688288 11.8401 48 9681.78
0.069115 11.7698 78 9624.32
0.0694001 11.6442 120 9521.56
0.0696839 11.7255 48 9588.11
0.0702481 11.5838 144 9472.24
0.0705286 11.5191 144 9419.32
0.0710861 11.3517 12 9282.46
0.0713633 11.4108 144 9330.74
0.0716393 11.3463 48 9278.03
0.0719926 11.29 168 9232.01
0.0724612 11.2022 48 9160.16
0.0727331 11.1555 168 9121.97
0.0734532 11.0669 144 9049.58
0.0738107 10.9383 96 8944.39
0.0740777 10.941 72 8946.59
0.0743437 10.8361 48 8860.78
0.0746967 10.7905 144 8823.53
0.0753982 10.6693 30 8724.4
0.0758332 10.5649 288 8639.02
0.0761796 10.48 56 8569.66
0.0766638 10.4262 192 8525.61
0.076953 10.3945 120 8499.73
0.0776339 10.2554 216 8386
0.0779723 10.2289 96 8364.28
0.078225 10.1168 96 8272.66
0.0787281 10.0012 72 8178.13
0.0789784 10.0291 96 8200.95
0.0794767 9.98962 24 8168.64
0.0798137 9.83799 300 8044.64
0.0802183 9.76826 24 7987.63
0.0805865 9.71623 192 7945.08
0.0809532 9.61983 120 7866.25
0.0814394 9.49512 48 7764.28
0.0818379 9.45827 222 7734.14
0.0821633 9.34603 120 7642.37
0.0826125 9.29299 192 7599
0.0828809 9.27417 144 7583.61
0.0833559 9.06342 24 7411.27
0.0837495 9.10425 144 7444.66
0.0840633 9.03359 120 7386.88
0.0844439 8.94582 192 7315.1
0.0847648 8.87661 144 7258.51
0.0852293 8.77261 48 7173.47
0.0855594 8.70165 336 7115.45
0.0859213 8.65385 48 7076.36
0.0864252 8.56308 240 7002.14
0.0870624 8.50518 8 6954.79
0.0872888 8.41939 48 6884.64
0.087579 8.33749 336 6817.67
0.0881192 8.24481 174 6741.88
0.0884123 8.21753 120 6719.57
0.0889978 8.10539 228 6627.88
0.089427 7.99006 168 6533.57
0.0898883 7.93316 144 6487.04
0.0901807 7.87778 240 6441.76
0.0906174 7.88998 24 6451.74
0.090897 7.7896 336 6369.65
0.0913765 7.63511 144 6243.32
0.0917922 7.63721 168 6245.04
0.0923436 7.51835 96 6147.84
0.0926754 7.45721 216 6097.85
0.0932651 7.37877 288 6033.71
0.0936174 7.32666 144 5991.1
0.0941969 7.22834 198 5910.7
0.094573 7.16667 216 5860.27
0.0950225 7.11453 168 5817.64
0.0952892 7.08242 240 5791.38
0.0958792 6.95095 168 5683.88
0.0962314 6.96414 336 5694.66
0.0968099 6.84514 240 5597.35
0.097638 6.75818 276 5526.25
0.0981837 6.67663 344 5459.56
0.0985479 6.66338 144 5448.73
0.0990673 6.58773 240 5386.87
0.0994528 6.5202 312 5331.64
0.100098 6.43285 240 5260.22
0.100531 6.49972 6 5314.9
0.100874 6.36211 384 5202.38
0.101448 6.31962 312 5167.63
0.101924 6.26108 168 5119.76
0.102421 6.2019 336 5071.37
0.102983 6.16126 336 5038.14
0.103243 6.14647 192 5026.04
0.103879 6.09253 288 4981.94
0.104279 6.06227 216 4957.19
0.104705 6.05824 240 4953.9
0.105349 5.96776 384 4879.91
0.1057 5.90905 72 4831.91
0.106152 5.9004 336 4824.83
0.106914 5.80679 378 4748.28
0.107244 5.7957 144 4739.22
0.107631 5.78149 384 4727.6
0.10826 5.72747 384 4683.42
0.108777 5.70147 344 4662.16
0.10919 5.66795 144 4634.75
0.109816 5.63607 456 4608.68
0.110311 5.64926 312 4619.47
0.110746 5.60498 144 4583.26
0.111354 5.55774 552 4544.63
0.111965 5.5482 264 4536.83
0.112557 5.49786 264 4495.67
0.112926 5.47362 294 4475.85
0.113378 5.47762 432 4479.12
0.113986 5.41811 432 4430.46
0.114516 5.43419 264 4443.6
0.114915 5.38596 192 4404.17
0.115567 5.3727 468 4393.32
0.116093 5.33475 552 4362.29
0.116705 5.33509 336 4362.57
0.117239 5.30246 288 4335.89
0.117777 5.26006 456 4301.22
0.118366 5.24428 432 4288.32
0.118788 5.20033 168 4252.37
0.119469 5.21026 566 4260.49
0.120077 5.19749 432 4250.05
0.120751 5.15961 432 4219.08
0.121153 5.13208 360 4196.56
0.121711 5.12257 624 4188.79
0.122203 5.07881 264 4153.01
0.122718 5.10654 360 4175.68
0.123453 5.05507 456 4133.59
0.123969 5.03872 504 4120.22
0.12467 5.01132 564 4097.81
0.12526 4.98028 384 4072.44
0.125876 4.968 462 4062.39
0.126429 4.95288 624 4050.03
0.127121 4.92719 432 4029.03
0.127677 4.89412 624 4001.98
0.128318 4.8572 312 3971.79
0.128807 4.848 552 3964.27
0.129504 4.81439 408 3936.79
0.129878 4.80231 600 3926.91
0.130701 4.77819 608 3907.18
0.131297 4.73283 504 3870.1
0.131933 4.69657 510 3840.45
0.13258 4.67357 600 3821.64
0.133214 4.63899 492 3793.36
0.133672 4.6026 552 3763.6
0.134446 4.587 696 3750.85
0.13492 4.53274 504 3706.48
0.135589 4.52456 528 3699.79
0.136149 4.49921 624 3679.06
0.136788 4.44936 504 3638.3
0.137489 4.40857 552 3604.94
0.138157 4.37216 654 3575.17
0.138792 4.34559 840 3553.44
0.139482 4.28393 744 3503.02
0.140148 4.27247 456 3493.65
0.140735 4.21918 648 3450.07
0.141506 4.1729 896 3412.23
0.142105 4.16609 396 3406.66
0.142726 4.09604 816 3349.38
0.14348 4.05229 672 3313.61
0.144008 4.01386 552 3282.18
0.14474 3.97504 894 3250.44
0.145447 3.93368 672 3216.62
0.146112 3.89396 624 3184.14
0.146784 3.86018 888 3156.52
0.147376 3.81838 720 3122.33
0.148179 3.77893 936 3090.08
0.148977 3.71185 648 3035.23
0.149637 3.67924 936 3008.56
0.150285 3.63877 696 2975.46
0.151106 3.58055 618 2927.86
0.151697 3.55929 1008 2910.48
0.15237 3.51278 872 2872.45
0.153147 3.47487 960 2841.44
0.153934 3.44829 888 2819.71
0.154569 3.39827 648 2778.81
0.155288 3.37506 840 2759.83
0.155941 3.33235 912 2724.91
0.156682 3.30252 774 2700.51
0.157451 3.26669 1272 2671.21
0.158249 3.23376 912 2644.29
0.159019 3.18311 864 2602.86
0.159745 3.15728 924 2581.74
0.160428 3.13233 1080 2561.35
0.161255 3.08833 1008 2525.36
0.161989 3.06671 1128 2507.69
0.162879 3.04418 768 2489.26
0.1635 3.02111 1046 2470.4
0.164304 2.99757 1152 2451.15
0.16512 2.95997 1272 2420.4
0.165918 2.92905 912 2395.12
0.166638 2.91393 1200 2382.76
0.167465 2.87471 1080 2350.68
0.1681 2.87615 840 2351.86
0.169017 2.84564 1332 2326.92
0.169783 2.83114 1062 2315.06
0.170536 2.81117 1320 2298.73
0.17142 2.78155 1248 2274.51
0.172167 2.78444 1104 2276.87
0.173001 2.75994 1392 2256.84
0.173739 2.74045 776 2240.9
0.174601 2.72162 1728 2225.5
0.175449 2.70838 1224 2214.67
0.17633 2.69898 1254 2206.99
0.177179 2.67853 1368 2190.27
0.177982 2.65347 1236 2169.77
0.178748 2.65621 1608 2172.01
0.179662 2.63156 1008 2151.86
0.180329 2.6215 1488 2143.63
0.181298 2.59839 1440 2124.74
0.182161 2.59261 1158 2120.01
0.182962 2.59031 1824 2118.13
0.183819 2.57317 1464 2104.11
0.184763 2.55295 1448 2087.58
0.18557 2.55287 1560 2087.52
0.186484 2.52573 1428 2065.32
0.187347 2.52013 1680 2060.74
0.188277 2.51373 1494 2055.51
0.189164 2.48562 1944 2032.52
0.190083 2.47246 1368 2021.76
0.190912 2.44238 1584 1997.17
0.191791 2.44677 1776 2000.75
0.192627 2.41719 1440 1976.57
0.19355 2.40766 1968 1968.78
0.194476 2.39593 1374 1959.18
0.195383 2.38166 2100 1947.51
0.196314 2.35042 1640 1921.97
0.19731 2.33615 2496 1910.3
0.198246 2.3223 1248 1898.97
0.198969 2.3 1512 1880.74
0.200004 2.28144 2280 1865.56
0.200981 2.25678 1926 1845.39
0.201907 2.23114 2064 1824.43
0.202923 2.21566 1920 1811.78
0.203766 2.19606 1944 1795.75
0.204817 2.1665 2172 1771.58
0.205802 2.1453 2256 1754.24
0.206744 2.12787 1736 1739.98
0.207695 2.10477 2094 1721.09
0.208661 2.0808 2328 1701.49
0.209635 2.06319 2256 1687.09
0.210605 2.03036 1920 1660.25
0.211552 2.01245 2520 1645.6
0.212598 1.99527 2088 1631.56
0.213716 1.96488 2634 1606.71
0.214685 1.94931 2328 1593.97
0.215636 1.91556 2304 1566.37
0.2167 1.89545 2568 1549.94
0.217712 1.87501 2024 1533.22
0.21856 1.85423 2352 1516.22
0.21964 1.83688 2718 1502.04
0.220689 1.82087 2520 1488.95
0.221792 1.79033 2772 1463.98
0.222806 1.78134 2640 1456.62
0.223891 1.75242 2880 1432.97
0.224992 1.74621 2448 1427.9
0.225967 1.7224 2478 1408.43
0.226978 1.70844 2904 1397.01
0.228073 1.69205 2816 1383.61
0.229091 1.67689 3024 1371.22
0.230305 1.66266 2952 1359.58
0.231358 1.64145 2796 1342.23
0.232405 1.63417 2982 1336.28
0.23355 1.62442 3312 1328.31
0.234601 1.60801 2688 1314.89
0.235688 1.59341 3144 1302.95
0.236855 1.57877 3672 1290.98
0.237877 1.5709 2328 1284.54
0.239086 1.56092 4046 1276.38
0.240233 1.54897 2844 1266.61
0.241291 1.54078 3600 1259.92
0.242431 1.53268 3264 1253.29
0.243572 1.51687 3288 1240.36
0.244685 1.50838 3198 1233.42
0.245798 1.49974 3864 1226.35
0.246976 1.4955 3456 1222.89
0.248127 1.48238 3744 1212.16
0.24936 1.46339 3876 1196.64
0.250523 1.46067 3392 1194.41
0.251669 1.45492 3918 1189.7
0.252872 1.44212 3864 1179.24
0.254083 1.43101 4104 1170.15
0.255199 1.42226 3480 1163
0.256387 1.4089 4080 1152.07
0.257664 1.39601 4170 1141.54
0.258855 1.38989 4176 1136.53
0.26008 1.37631 4560 1125.42
0.261336 1.36429 3656 1115.6
0.262469 1.34989 4344 1103.82
0.263809 1.33883 4830 1094.77
0.265071 1.32902 4416 1086.76
0.266256 1.31884 3876 1078.44
0.267421 1.29775 4752 1061.19
0.268761 1.28558 4968 1051.23
0.2701 1.27257 4494 1040.59
0.27124 1.26192 4200 1031.89
0.272568 1.2516 5792 1023.45
0.273851 1.23409 4224 1009.13
0.275155 1.2203 5220 997.855
0.276427 1.21297 4590 991.859
0.277657 1.19361 5328 976.03
0.27902 1.18311 5304 967.443
0.280352 1.16745 5040 954.639
0.281565 1.15517 4920 944.593
0.282918 1.14087 5750 932.907
0.284302 1.13164 5388 925.353
0.285589 1.12073 5784 916.432
0.286971 1.11006 5400 907.712
0.288304 1.09421 5640 894.751
0.289695 1.08301 5934 885.593
0.291035 1.07473 6120 878.82
0.292425 1.05815 5544 865.259
0.293779 1.05429 6164 862.108
0.295153 1.04643 5838 855.675
0.296461 1.03586 6144 847.038
0.297907 1.02539 6288 838.471
0.299258 1.01736 6576 831.909
0.300748 1.00044 6504 818.068
0.302188 0.997185 6594 815.411
0.30361 0.988594 7008 808.386
0.305003 0.981983 6200 802.979
0.306412 0.973824 6768 796.308
0.307876 0.967543 7182 791.172
0.309298 0.960531 6864 785.438
0.310761 0.949881 7308 776.729
0.312204 0.946661 6744 774.096
0.313652 0.937185 7686 766.348
0.315175 0.933482 7280 763.319
0.31662 0.92552 7920 756.809
0.318151 0.917111 7560 749.933
0.319599 0.904283 6948 739.444
0.321058 0.897753 8430 734.104
0.322645 0.889451 8328 727.315
0.324166 0.884488 7824 723.256
0.32568 0.876271 8160 716.537
0.327167 0.866984 8030 708.943
0.328774 0.861498 9372 704.457
0.330313 0.851031 7968 695.899
0.331826 0.843627 8568 689.844
0.333427 0.836665 8934 684.151
0.334947 0.825949 8952 675.389
0.336524 0.817868 8880 668.78
0.338146 0.806396 9548 659.4
0.339739 0.801448 9126 655.354
0.341313 0.792685 9384 648.188
0.342874 0.783082 9288 640.336
0.344468 0.778134 9792 636.29
0.346116 0.769332 9570 629.093
0.34771 0.759132 10376 620.751
0.349362 0.7499 10152 613.202
0.351033 0.7466 9960 610.504
0.352646 0.736365 10782 602.134
0.354377 0.729069 10992 596.168
0.356063 0.722525 10452 590.817
0.357696 0.713196 10806 583.189
0.359426 0.708599 11312 579.43
0.361079 0.700152 11112 572.523
0.362754 0.69281 10848 566.52
0.364449 0.686538 11394 561.391
0.366133 0.680695 11952 556.613
0.367846 0.675979 11352 552.756
0.369601 0.668134 12584 546.342
0.371397 0.662017 12390 541.339
0.373143 0.657385 12252 537.552
0.374848 0.652169 12240 533.286
0.37663 0.64451 12486 527.024
0.378363 0.640945 13080 524.108
0.380139 0.635218 12968 519.426
0.381916 0.626044 12612 511.924
0.38369 0.624158 13974 510.382
0.385541 0.617537 13944 504.968
0.387327 0.610838 12840 499.49
0.3891 0.607908 14358 497.094
0.390994 0.600385 14588 490.942
0.392843 0.593518 14688 485.327
0.394661 0.587291 13560 480.235
0.396505 0.582884 15582 476.631
0.398367 0.576012 14544 471.012
0.400233 0.57077 15420 466.725
0.402152 0.564013 15614 461.201
0.40399 0.560643 14880 458.445
0.405874 0.554115 16728 453.107
0.407843 0.547959 15690 448.073
0.409716 0.54177 16248 443.012
0.411602 0.539245 16584 440.947
0.413596 0.530895 16904 434.119
0.415548 0.525134 17430 429.409
0.417499 0.520194 16908 425.369
0.419429 0.51545 17640 421.489
0.421439 0.510448 17550 417.4
0.4234 0.504542 18696 412.571
0.425408 0.498784 17792 407.861
0.42739 0.493751 18138 403.746
0.42937 0.489517 19392 400.284
0.431414 0.482874 18768 394.852
0.433421 0.48189 19038 394.048
0.435438 0.476351 19460 389.518
0.437444 0.472766 19992 386.586
0.4396 0.466389 21174 381.372
0.441671 0.460958 20040 376.931
0.443727 0.457667 20628 374.24
0.445802 0.452513 20798 370.025
0.447878 0.450522 21480 368.397
0.449991 0.444786 21792 363.707
0.452114 0.441058 21414 360.659
0.454235 0.436868 23100 357.233
0.456374 0.431516 21992 352.856
0.458534 0.427518 23406 349.586
0.460666 0.424704 22536 347.285
0.46284 0.418327 24348 342.071
0.465042 0.415842 23598 340.039
0.467214 0.41055 24224 335.712
0.469406 0.406857 24648 332.692
0.471626 0.402614 24618 329.222
0.473743 0.399553 24192 326.72
0.475977 0.394501 26208 322.589
0.478226 0.390274 25790 319.132
0.480485 0.387021 26916 316.472
0.482752 0.382107 26214 312.454
0.485019 0.379051 27528 309.955
0.487306 0.373751 27720 305.621
0.48961 0.370005 27122 302.557
0.491868 0.365681 28632 299.021
0.494198 0.363138 28680 296.942
0.496522 0.360074 28722 294.437
0.498833 0.355437 30000 290.645
0.501204 0.353002 29408 288.654
0.50355 0.3483 30678 284.81
0.505916 0.344597 30660 281.781
0.508313 0.341278 31494 279.067
0.510704 0.337964 31448 276.357
0.513084 0.33432 32160 273.378
0.515543 0.331377 33090 270.971
0.51795 0.328056 32664 268.255
0.520364 0.32516 32718 265.888
0.522793 0.322233 34472 263.494
0.52526 0.318301 34260 260.278
0.527713 0.31567 34302 258.127
0.530156 0.312218 35472 255.304
0.532669 0.309169 36020 252.812
0.535188 0.304849 36942 249.279
0.5377 0.302106 36360 247.036
0.540241 0.298689 38166 244.242
0.542756 0.296449 36804 242.41
0.545284 0.292557 38864 239.227
0.54787 0.289868 39366 237.029
0.550466 0.287296 40068 234.925
0.553028 0.284121 38910 232.329
0.555606 0.281104 41360 229.862
0.558224 0.27832 40782 227.586
0.56083 0.275705 42204 225.447
0.56345 0.272092 41544 222.493
0.566114 0.26985 44510 220.66
0.568794 0.266764 42948 218.136
0.57145 0.264024 44478 215.896
0.574166 0.261625 46032 213.934
0.576877 0.258834 44402 211.652
0.57954 0.256326 46320 209.601
0.582264 0.254147 46848 207.819
0.585017 0.251465 47814 205.626
0.587762 0.24819 48260 202.948
0.590569 0.245647 49758 200.869
0.593327 0.243348 49032 198.989
0.596104 0.240141 49770 196.366
0.598885 0.238299 51056 194.86
0.601688 0.235238 51504 192.357
0.60453 0.233096 52866 190.606
0.607362 0.230752 52848 188.689
0.610229 0.227897 54542 186.354
0.613094 0.225935 54276 184.75
0.615957 0.22376 55062 182.971
0.618839 0.221257 56568 180.925
0.62177 0.218499 57266 178.669
0.624688 0.21637 58056 176.928
0.627616 0.214195 57750 175.15
0.630554 0.212011 60380 173.364
0.633541 0.209915 60390 171.65
0.63652 0.207539 61608 169.707
0.639512 0.20519 61362 167.786
0.64251 0.203397 63752 166.32
0.64554 0.201487 63528 164.759
0.648554 0.199174 64050 162.867
0.651549 0.196948 64784 161.046
0.654649 0.194607 68814 159.133
0.657741 0.192539 66156 157.441
0.66081 0.191164 68718 156.317
0.663899 0.188944 69104 154.502
0.667047 0.186652 71682 152.628
0.670183 0.184962 70512 151.245
0.673306 0.182564 72278 149.285
0.676483 0.180987 74532 147.995
0.679687 0.178425 74454 145.9
0.682871 0.17679 75540 144.563
0.686079 0.175283 76526 143.331
0.689314 0.172891 78648 141.375
0.692548 0.171553 77370 140.281
0.695723 0.169558 78272 138.65
0.698997 0.167684 82710 137.118
0.702314 0.165674 82146 135.474
0.705609 0.163907 83712 134.028
0.708938 0.162389 84710 132.787
0.712273 0.160166 86172 130.97
0.715624 0.158608 86406 129.695
0.718964 0.157342 88244 128.66
0.722353 0.15533 89670 127.015
0.725741 0.153636 90792 125.63
0.729184 0.152238 93194 124.487
0.732605 0.150126 92352 122.76
0.736035 0.148947 94914 121.796
0.739481 0.147148 95504 120.325
0.742951 0.145934 97230 119.332
0.746441 0.144173 98802 117.892
0.749957 0.142452 100952 116.485
0.753469 0.140947 99990 115.254
0.756983 0.139502 103356 114.072
0.760565 0.138047 105014 112.883
0.764149 0.136425 106548 111.556
0.767736 0.134867 106302 110.283
0.771306 0.133638 108002 109.277
0.774926 0.131959 111696 107.905
0.778598 0.13061 112158 106.802
0.782245 0.129213 113300 105.659
0.785923 0.127863 115302 104.555
0.789616 0.126179 117396 103.178
0.793312 0.125197 117158 102.375
0.797042 0.123568 121470 101.043
0.800776 0.122185 120660 99.9121
0.804553 0.12125 125030 99.1472
0.808343 0.119671 125388 97.8568
0.812158 0.118493 128094 96.8933
0.815959 0.116807 127058 95.5143
0.819781 0.115713 132336 94.6196
0.823648 0.114245 132006 93.4199
0.827505 0.113213 134162 92.5753
0.8314 0.111847 137760 91.4584
0.835324 0.110701 137802 90.5215
0.839214 0.109232 139016 89.32
0.843171 0.10834 144354 88.5914
0.847141 0.107313 142814 87.7515
0.851084 0.105816 145932 86.5268
0.855081 0.104878 148206 85.7603
0.859091 0.103422 150566 84.5691
0.863128 0.102253 152820 83.6132
0.867194 0.101365 155142 82.8874
0.87127 0.100189 157220 81.9259
0.875368 0.0988487 159198 80.8298
0.879473 0.0977955 160994 79.9686
0.883606 0.0967513 164544 79.1147
0.887753 0.0957133 165282 78.2659
0.891919 0.0947966 168350 77.5163
0.896109 0.0937178 171660 76.6342
0.900336 0.0924877 173622 75.6283
0.904563 0.0915956 175034 74.8988
0.908805 0.0904984 178512 74.0016
0.913051 0.0896226 178646 73.2855
0.917348 0.0886068 185466 72.4549
0.921672 0.0875795 185382 71.6148
0.925992 0.0866898 188252 70.8873
0.930354 0.0857019 192126 70.0795
0.93473 0.0845911 193562 69.1712
0.939107 0.083789 196176 68.5153
0.943526 0.0828228 200130 67.7252
0.947959 0.081892 201326 66.9641
0.952394 0.0808277 204972 66.0938
0.956874 0.0798322 208406 65.2798
0.961345 0.0790376 208362 64.63
0.965874 0.0781585 217662 63.9112
0.970451 0.0773669 217124 63.2639
0.974982 0.0763643 217446 62.4441
0.979556 0.0754569 224690 61.702
0.984147 0.0747365 224058 61.1129
0.988771 0.0738427 231848 60.3821
0.993453 0.0730284 233994 59.7162
0.998112 0.0721984 234198 59.0375
1.00278 0.0712961 239708 58.2997
1.00751 0.0706057 243630 57.7352
1.01226 0.0696949 247010 56.9904
1.01699 0.0689564 246414 56.3865
1.02174 0.0681983 253772 55.7666
1.02654 0.0674302 256902 55.1385
1.03137 0.0667331 261066 54.5684
1.03624 0.0658718 265958 53.8642
1.0411 0.0651932 265098 53.3093
1.04596 0.0642681 271424 52.5528
1.05088 0.0636537 276858 52.0504
1.05585 0.0628796 281186 51.4174
1.06082 0.0621171 282918 50.7939
1.06577 0.0614133 285146 50.2184
1.07077 0.0608034 293280 49.7197
1.07581 0.0600001 294602 49.0628
1.08087 0.0592884 301278 48.4809
1.08595 0.0587188 302954 48.015
1.09104 0.0579277 307674 47.3682
1.09614 0.0572886 310560 46.8456
1.1013 0.0567193 320834 46.3801
1.1065 0.0560921 321582 45.8672
1.1117 0.0553513 325226 45.2615
1.11691 0.0547274 331422 44.7513
1.12216 0.0540177 335066 44.1709
1.12744 0.053552 341340 43.7902
1.13272 0.0528978 342038 43.2552
1.13803 0.052177 351354 42.6658
1.14339 0.0516802 355478 42.2595
1.14877 0.0511949 360066 41.8627
1.15416 0.0503598 364634 41.1798
1.15957 0.0499118 369072 40.8135
1.16503 0.049284 377642 40.3001
1.17053 0.0487206 382074 39.8394
1.17602 0.0482082 384014 39.4204
1.18154 0.0476036 393066 38.926
1.18707 0.047035 393950 38.4611
1.19264 0.0465089 404154 38.0309
1.19826 0.045929 409178 37.5567
1.20388 0.0453839 413334 37.1109
1.20954 0.0449374 421196 36.7459
1.21521 0.0443937 422658 36.3013
1.22091 0.0438642 434990 35.8683
1.22666 0.0433078 437442 35.4133
1.23241 0.0428772 443066 35.0612
1.2382 0.0422924 452150 34.583
1.24401 0.0418441 455538 34.2164
1.24985 0.041392 463382 33.8468
1.25571 0.0408494 468666 33.4031
1.26162 0.0404041 479642 33.0389
1.26756 0.0398884 482814 32.6172
1.2735 0.0394576 489386 32.265
1.27948 0.0389705 498642 31.8667
1.2855 0.0385144 503450 31.4937
1.29154 0.0380751 512838 31.1344
1.29761 0.0376425 517586 30.7807
1.30369 0.0371832 524372 30.4052
1.3098 0.0367064 534270 30.0153
1.31596 0.0363248 540386 29.7032
1.32215 0.0358831 550938 29.342
1.32836 0.0354913 554270 29.0217
1.33459 0.0350506 564978 28.6613
1.34087 0.0346626 574370 28.344
1.34718 0.0342286 579614 27.9892
1.3535 0.0338072 587778 27.6445
1.35985 0.033424 596978 27.3312
1.36624 0.0330216 606570 27.0022
1.37267 0.032639 613982 26.6893
1.37911 0.0322705 621200 26.388
1.38558 0.0318958 631386 26.0815
1.39208 0.0315276 640418 25.7805
1.39864 0.0311867 651870 25.5018
1.40521 0.0307608 657770 25.1535
1.4118 0.0304293 667082 24.8824
1.41842 0.0300429 675810 24.5665
1.42509 0.0296655 689318 24.2578
1.4318 0.029353 698754 24.0023
1.43854 0.028997 706922 23.7112
1.44529 0.0286436 715562 23.4223
1.45208 0.0283637 727662 23.1934
1.45889 0.0279748 734426 22.8754
1.46572 0.0276534 745746 22.6125
1.4726 0.027376 759698 22.3857
1.47952 0.027021 768140 22.0954
1.48647 0.026673 778770 21.8109
1.49347 0.0263899 795842 21.5794
1.50049 0.0261225 799442 21.3607
1.50754 0.0257655 816042 21.0688
1.51462 0.0255002 822038 20.8518
1.52173 0.0252235 837722 20.6256
1.52887 0.0249058 846330 20.3658
1.53605 0.0245906 860768 20.1081
1.54327 0.0243499 873722 19.9112
1.55052 0.0240433 885438 19.6605
1.55781 0.0238116 898730 19.4711
1.56513 0.0235484 908402 19.2558
1.57247 0.0232733 923226 19.0309
1.57985 0.0229468 933944 18.7639
1.58727 0.0227441 949730 18.5981
1.59472 0.0224599 961278 18.3658
1.60222 0.0222044 981218 18.1568
1.60976 0.0219521 989186 17.9505
1.6173 0.0217294 1001016 17.7684
1.62489 0.0214746 1019138 17.56
1.63253 0.0212287 1032842 17.359
1.64019 0.0209616 1045394 17.1406
1.6479 0.0207437 1066230 16.9624
1.65565 0.0205018 1075496 16.7646
1.66341 0.0202768 1090154 16.5806
1.67122 0.0200742 1110378 16.4149
1.67908 0.0198269 1124666 16.2127
1.68697 0.0196113 1139624 16.0364
1.6949 0.0194023 1157114 15.8655
1.70286 0.0192058 1171434 15.7048
1.71085 0.0190148 1188494 15.5486
1.71889 0.0187899 1205504 15.3648
1.72697 0.0185817 1226594 15.1945
1.73508 0.0183969 1235562 15.0434
1.74322 0.0182034 1259120 14.8851
1.75141 0.0180008 1274498 14.7195
1.75964 0.0177827 1295594 14.5411
1.76791 0.0176249 1308312 14.4121
1.77621 0.0174419 1333922 14.2625
1.78456 0.0172439 1348418 14.1006
1.79294 0.0170579 1366112 13.9484
1.80136 0.0168869 1389738 13.8086
1.80982 0.0167386 1407458 13.6874
1.81832 0.0165737 1426520 13.5525
1.82687 0.0164027 1448810 13.4127
1.83545 0.0162226 1465802 13.2654
1.84406 0.0160869 1488456 13.1544
1.85272 0.0159303 1510766 13.0264
1.86142 0.015752 1528298 12.8806
1.87016 0.015611 1552784 12.7653
1.87895 0.0154616 1579538 12.6431
1.88779 0.0153096 1595784 12.5188
1.89665 0.0151926 1619930 12.4231
1.90555 0.0150244 1637186 12.2856
1.91449 0.0148876 1669616 12.1738
1.9235 0.0147691 1691834 12.0769
1.93253 0.0146218 1706952 11.9565
1.94159 0.014491 1739630 11.8495
1.95073 0.0143772 1765064 11.7564
1.95988 0.0142825 1783538 11.679
1.9691 0.0141271 1817480 11.5519
1.97835 0.014016 1837034 11.461
1.98765 0.0139113 1866512 11.3754
1.99698 0.013779 1888242 11.2672
2.00636 0.0137059 1917056 11.2074
2.01577 0.013605 1941554 11.125
2.02525 0.0134852 1978040 11.027
2.03477 0.0133851 1997426 10.9452
2.04433 0.0132861 2029256 10.8642
2.05393 0.0131984 2056370 10.7925
2.06357 0.0130964 2084000 10.7091
2.07326 0.0130243 2117778 10.6501
2.083 0.0129136 2143952 10.5596
2.09278 0.0128361 2175614 10.4962
2.10261 0.0127722 2206400 10.444
2.11248 0.0126617 2233970 10.3536
2.12241 0.0126122 2276456 10.3131
2.13239 0.0125358 2301848 10.2507
2.1424 0.0124768 2332922 10.2025
2.15246 0.0124115 2366960 10.1491
2.16256 0.0123205 2397698 10.0746
2.17272 0.012289 2436644 10.0489
2.18293 0.0122252 2472608 9.99667
2.19319 0.0121853 2503050 9.96408
2.20348 0.0121358 2535392 9.92359
2.21383 0.0120661 2581088 9.86662
2.22424 0.0120303 2612762 9.83737
2.23469 0.0119766 2647964 9.79339
2.24518 0.0119528 2687216 9.77395
2.25573 0.0118947 2724434 9.72646
2.26633 0.0118808 2765840 9.71504
2.27697 0.0118494 2798504 9.6894
2.28766 0.0118358 2841326 9.67832
2.29841 0.0118155 2886128 9.66169
2.30921 0.0118076 2920808 9.6552
2.32005 0.0117897 2967536 9.64056
2.33094 0.0117696 3000674 9.62413
2.34188 0.01177 3050324 9.62449
2.35289 0.0117469 3094664 9.60562
2.36395 0.0117413 3136016 9.60099
2.37505 0.0117409 3179546 9.60071
2.38621 0.0117327 3227060 9.59395
2.39742 0.0117569 3271832 9.61377
2.40868 0.0117807 3315440 9.63319
2.41998 0.0117908 3363800 9.6415
2.43135 0.0118127 3414158 9.65939
2.44278 0.0118403 3459752 9.68197
2.45425 0.0118541 3508864 9.69321
2.46578 0.0119061 3560804 9.7358
2.47736 0.011924 3608912 9.75042
2.489 0.0119598 3660608 9.77965
2.50068 0.0120066 3707846 9.81796
2.51243 0.0120585 3769664 9.86041
2.52424 0.0121131 3822920 9.90507
2.53609 0.0121753 3863564 9.95592
2.548 0.0122452 3930704 10.0131
2.55998 0.012296 3986168 10.0546
2.572 0.0123762 4034228 10.1202
2.58406 0.0124358 4090816 10.1689
2.5962 0.0125358 4160360 10.2507
2.60841 0.0126286 4213436 10.3266
2.62066 0.012709 4270976 10.3923
2.63296 0.0127968 4332308 10.4641
2.64533 0.0129265 4395896 10.5702
2.65775 0.0130263 4454378 10.6517
2.67023 0.0131466 4517036 10.7501
2.68278 0.013256 4588552 10.8396
2.69539 0.013376 4651316 10.9377
2.70805 0.013509 4711190 11.0465
2.72076 0.0136658 4782704 11.1747
2.73355 0.0138024 4849964 11.2864
2.74639 0.0139583 4917080 11.4138
2.75928 0.0141016 4985260 11.531
2.77224 0.0143038 5060456 11.6964
2.78527 0.0144577 5127788 11.8223
2.79835 0.0146317 5201672 11.9646
2.81149 0.0148212 5278196 12.1195
2.8247 0.0150077 5350384 12.272
2.83797 0.015205 5423492 12.4333
2.8513 0.015436 5504720 12.6222
2.86469 0.0156558 5581268 12.802
2.87815 0.0159061 5659270 13.0066
2.89166 0.0161505 5736332 13.2065
2.90524 0.0163896 5823104 13.402
2.91889 0.0166664 5909900 13.6283
2.93261 0.0169598 5986168 13.8682
2.94637 0.0172175 6064034 14.079
2.96021 0.0175347 6162248 14.3383
2.97412 0.0178359 6249932 14.5846
2.9881 0.0181372 6331588 14.831
3.00213 0.0184505 6424736 15.0872
3.01623 0.0188382 6515066 15.4043
3.0304 0.0191977 6607552 15.6982
3.04463 0.0195774 6691412 16.0087
3.05892 0.0199355 6796676 16.3015
3.0733 0.0203565 6894838 16.6458
3.08773 0.0208232 6983324 17.0274
3.10224 0.0211934 7094120 17.3301
3.11681 0.0216854 7182634 17.7325
3.13145 0.0221575 7295588 18.1184
3.14616 0.022648 7389992 18.5196
3.16094 0.0231928 7499434 18.965
3.17579 0.0237099 7606244 19.3879
3.1907 0.0242318 7703654 19.8147
3.20568 0.0248654 7823908 20.3328
3.22074 0.025457 7933148 20.8165
3.23587 0.0260675 8035210 21.3157
3.25107 0.026748 8168648 21.8722
3.26635 0.0274014 8270402 22.4064
3.28169 0.0281476 8396284 23.0166
3.2971 0.0288542 8496608 23.5944
3.31258 0.0296745 8636482 24.2652
3.32814 0.0304725 8744780 24.9177
3.34377 0.0313713 8878274 25.6527
3.35948 0.0321439 8998288 26.2844
3.37526 0.0331939 9127058 27.143
3.39111 0.0340544 9258676 27.8467
3.40704 0.0351317 9394994 28.7276
3.42305 0.0361121 9518530 29.5293
3.43912 0.0373735 9652352 30.5607
3.45528 0.0383792 9800506 31.3832
3.47151 0.0396982 9929156 32.4617
3.48782 0.0409899 10079002 33.5179
3.5042 0.0421715 10202930 34.4842
3.52065 0.0437898 10362148 35.8074
3.53719 0.0451717 10508450 36.9374
3.5538 0.0466612 10647784 38.1554
3.5705 0.0484502 10817954 39.6184
3.58727 0.0499978 10950034 40.8838
3.60411 0.0517619 11116484 42.3263
3.62105 0.0538867 11277610 44.0638
3.63806 0.055778 11430154 45.6103
3.65514 0.0577176 11580074 47.1964
3.6723 0.0602137 11759140 49.2375
3.68955 0.0625194 11924378 51.1228
3.70689 0.0650209 12099850 53.1684
3.7243 0.0675812 12260050 55.262
3.7418 0.0705141 12439484 57.6602
3.75937 0.0736106 12606226 60.1923
3.77703 0.0767718 12800474 62.7772
3.79477 0.0799411 12964258 65.3688
3.81259 0.0833979 13155874 68.1955
3.8305 0.0873814 13345394 71.4529
3.84849 0.0914094 13525540 74.7466
3.86657 0.0959851 13730122 78.4882
3.88473 0.100523 13917890 82.1987
3.90298 0.105724 14114938 86.4518
3.92131 0.110721 14316682 90.538
3.93974 0.116344 14520626 95.1358
3.95824 0.122628 14708962 100.275
3.97682 0.12877 14936002 105.297
3.9955 0.13598 15141986 111.192
4.01428 0.143517 15366994 117.355
4.03313 0.152019 15563242 124.308
4.05207 0.160853 15794614 131.532
4.07111 0.17068 16021226 139.567
4.09023 0.181106 16238338 148.093
4.10944 0.192215 16476706 157.177
4.12874 0.204267 16717282 167.032
4.14814 0.218057 16935730 178.308
4.16762 0.232578 17183270 190.182
4.18719 0.248074 17431546 202.853
4.20686 0.267913 17672128 219.076
4.22662 0.287471 17929450 235.068
4.24648 0.310059 18181246 253.539
4.26643 0.331918 18436154 271.414
4.28646 0.359048 18688066 293.598
4.30659 0.386662 18966160 316.178
4.32682 0.427976 19228342 349.961
4.34714 0.463851 19497994 379.296
4.36756 0.499896 19789402 408.771
4.38808 0.546655 20048224 447.007
4.40868 0.622654 20340694 509.152
4.42939 0.675727 20631698 552.55
4.4502 0.734833 20920738 600.882
4.4711 0.853651 21224764 698.041
4.49211 0.937605 21524794 766.691
4.51321 1.02101 21819694 834.894
4.53441 1.25132 22136776 1023.22
4.55571 1.3504 22446490 1104.24
4.5771 1.60138 22753708 1309.46
4.5986 1.85046 23092930 1513.14
4.6202 2.09346 23405020 1711.85
4.6419 2.73784 23744914 2238.77
4.66371 2.83988 24090094 2322.2
4.68561 4.21742 24416584 3448.64
4.70762 4.24413 24763822 3470.48
4.72973 6.86626 25116112 5614.63
4.75194 8.80614 25474348 7200.89
4.77427 10.3466 25839802 8460.56
4.79669 17.245 26191732 14101.5
4.81921 117.533 26563339 96108.4
4.84183 0.314976 26678128 257.56
4.86457 0.249964 26655828 204.399
4.88742 0.236979 26675140 193.781
4.91038 0.231034 26644864 188.919
4.93344 0.227378 26631640 185.93
4.95661 0.225126 26619904 184.088
4.9799 0.223643 26596180 182.875
5.00329 0.222973 26557060 182.327
5.02679 0.222662 26532520 182.074
5.0504 0.223007 26493240 182.355
5.07412 0.223789 26453764 182.995
5.09795 0.224626 26412544 183.679
5.1219 0.226002 26360476 184.805
5.14595 0.227605 26299600 186.116
5.17012 0.229774 26254092 187.889
5.19441 0.232005 26178916 189.713
5.21881 0.234702 26116096 191.919
5.24332 0.237612 26040928 194.298
5.26795 0.240952 25967736 197.029
5.29269 0.244512 25862260 199.941
5.31755 0.248665 25796416 203.336
5.34253 0.253054 25689396 206.925
5.36762 0.257811 25577176 210.815
5.39283 0.263269 25489588 215.278
5.41816 0.268839 25373328 219.833
5.44362 0.274983 25250224 224.857
5.46918 0.281884 25122124 230.5
5.49487 0.289305 24990660 236.568
5.52068 0.297768 24856192 243.488
5.54661 0.306619 24706228 250.727
5.57266 0.316343 24558204 258.677
5.59883 0.326994 24392068 267.387
5.62513 0.339027 24237480 277.227
5.65155 0.351936 24064336 287.782
5.67809 0.366465 23876980 299.663
5.70476 0.382445 23697324 312.73
5.73156 0.400042 23498488 327.119
5.75848 0.419791 23292324 343.268
5.78553 0.441295 23100964 360.853
5.81271 0.466254 22862988 381.262
5.84 0.49281 22634848 402.977
5.86743 0.523836 22410012 428.347
5.89499 0.557788 22160572 456.11
5.92268 0.597592 21915600 488.658
5.9505 0.641957 21645516 524.936
5.97844 0.691703 21372232 565.614
6.00652 0.749093 21101172 612.543
6.03474 0.817279 20815564 668.299
6.06308 0.889642 20504628 727.471
6.09156 0.981621 20204736 802.684
6.12017 1.08171 19883356 884.529
6.14891 1.20314 19552848 983.822
6.17779 1.34473 19217196 1099.6
6.20681 1.51556 18861736 1239.29
6.23596 1.70825 18502836 1396.86
6.26525 1.96096 18135780 1603.5
6.29467 2.24149 17749600 1832.89
6.32424 2.60942 17354232 2133.75
6.35394 3.06398 16953228 2505.46
6.38378 3.60539 16529656 2948.17
6.41376 4.25933 16099164 3482.9
6.44388 5.22693 15659388 4274.12
6.47415 6.4044 15207864 5236.96
6.50455 7.92696 14736132 6481.97
6.5351 9.97168 14255596 8153.97
6.56579 12.714 13762332 10396.4
6.59662 16.5298 13252296 13516.6
6.6276 22.0708 12731268 18047.6
6.65872 30.1675 12198720 24668.3
6.68999 42.3185 11649660 34604.3
6.72141 60.3156 11081952 49320.8
6.75296 88.8762 10500652 72675.2
6.78467 130.45 9911376 106671
6.81652 439.776 9301473 359611
6.84856 0.759992 8737218 621.454
6.88073 0.773307 8239530 632.343
6.91305 0.807106 7788972 659.981
6.94552 0.849671 7357452 694.786
6.97814 0.902483 6958434 737.972
7.01093 0.96458 6572454 788.749
7.04385 1.03672 6204966 847.738
7.07693 1.12388 5851524 919.006
7.11016 1.22423 5518854 1001.07
7.14356 1.34018 5192928 1095.88
7.17711 1.48265 4883690 1212.38
7.21082 1.64649 4585122 1346.36
7.24468 1.84326 4294452 1507.26
7.27871 2.07841 4020870 1699.54
7.31289 2.36322 3750774 1932.44
7.34723 2.70861 3496122 2214.87
7.38174 3.12771 3250038 2557.57
7.41641 3.64072 3010904 2977.06
7.45123 4.27709 2783520 3497.43
7.48622 5.09319 2566482 4164.76
7.52138 6.10084 2355504 4988.73
7.55668 7.3826 2154350 6036.85
7.59215 9.04454 1964322 7395.83
7.62781 11.198 1782180 9156.76
7.66364 14.0162 1608354 11461.3
7.69963 17.9153 1442012 14649.6
7.73577 23.0562 1285878 18853.3
7.77208 30.3809 1137636 24842.9
7.80856 40.4209 999476 33052.7
7.84519 55.0266 867846 44996
7.88195 75.9469 746768 62102.7
7.91894 108.571 636276 88780.1
7.95615 158.514 532566 129619
7.99345 236.152 435044 193104
8.03087 371.376 351690 303679
8.06861 600.352 275630 490916
8.1063 1025.43 204876 838507
8.14415 1854.44 150770 1.5164e+06
8.18252 3718.63 100542 3.04077e+06
8.22015 7968.85 59294 6.51623e+06
8.25771 21434.5 32538 1.75273e+07
8.29571 80327 11726 6.56844e+07
8.32962 549378 1560 4.49233e+08
8.35799 1.14684e+09 1 9.37781e+11
