# in Mpc/h Units 
# D1 = 1 
# k P N P(z=0)
0.00628319 6.25079e-13 12 6.25079e-13
0.00888577 3.50128e-13 24 3.50128e-13
0.0108828 3.46365e-14 16 3.46365e-14
0.0125664 4.26772e-12 12 4.26772e-12
0.0140496 4.67997e-12 48 4.67997e-12
0.0153906 1.82383e-12 48 1.82383e-12
0.0177715 6.58591e-12 24 6.58591e-12
0.0188496 1.84302e-11 60 1.84302e-11
0.0198692 2.06337e-11 48 2.06337e-11
0.020839 2.88929e-11 48 2.88929e-11
0.0217656 1.54854e-12 16 1.54854e-12
0.0226543 3.3931e-11 48 3.3931e-11
0.0235095 1.98754e-11 96 1.98754e-11
0.0251327 5.44254e-11 12 5.44254e-11
0.0259062 3.82683e-11 96 3.82683e-11
0.0266573 7.10031e-11 72 7.10031e-11
0.0273878 1.59495e-11 48 1.59495e-11
0.0280993 1.08103e-10 48 1.08103e-10
0.0287932 8.01168e-11 96 8.01168e-11
0.0294708 9.47058e-12 48 9.47058e-12
0.0307812 8.68541e-11 48 8.68541e-11
0.0314159 8.20966e-11 60 8.20966e-11
0.0320381 1.2084e-10 144 1.2084e-10
0.0326484 1.75421e-10 64 1.75421e-10
0.033836 8.10338e-11 144 8.10338e-11
0.0344144 2.09374e-10 96 2.09374e-10
0.0355431 1.28151e-10 24 1.28151e-10
0.0360942 1.38872e-10 96 1.38872e-10
0.036637 7.06684e-11 96 7.06684e-11
0.0371718 1.51172e-10 96 1.51172e-10
0.0376991 8.30637e-11 60 8.30637e-11
0.0382191 3.45315e-10 48 3.45315e-10
0.0387322 1.83431e-10 144 1.83431e-10
0.0397384 2.83006e-10 48 2.83006e-10
0.040232 4.3614e-10 192 4.3614e-10
0.0407197 1.8925e-10 96 1.8925e-10
0.0412016 6.10575e-11 48 6.10575e-11
0.0416779 3.76983e-10 48 3.76983e-10
0.0421489 2.51988e-10 144 2.51988e-10
0.0426146 4.44228e-10 96 4.44228e-10
0.0435312 1.51537e-11 16 1.51537e-11
0.0439823 3.49626e-10 108 3.49626e-10
0.0444288 3.54038e-10 168 3.54038e-10
0.0448709 6.12541e-10 96 6.12541e-10
0.0453087 4.80237e-10 48 4.80237e-10
0.0457423 4.83116e-10 144 4.83116e-10
0.0461718 6.50415e-10 192 6.50415e-10
0.0470191 3.29262e-10 96 3.29262e-10
0.047437 4.07203e-10 96 4.07203e-10
0.0478513 7.94988e-10 48 7.94988e-10
0.0482621 6.23898e-10 144 6.23898e-10
0.0490732 2.76549e-10 144 2.76549e-10
0.0494739 4.71356e-10 192 4.71356e-10
0.0502655 9.25816e-10 12 9.25816e-10
0.0506567 7.53383e-10 192 7.53383e-10
0.0510448 7.49761e-10 192 7.49761e-10
0.0514301 6.1132e-10 48 6.1132e-10
0.0518125 8.51203e-10 96 8.51203e-10
0.0521921 8.72457e-10 192 8.72457e-10
0.0525689 2.65435e-10 96 2.65435e-10
0.0533146 1.52273e-09 72 1.52273e-09
0.0536836 1.04872e-09 96 1.04872e-09
0.05405 9.66652e-10 240 9.66652e-10
0.054414 4.39081e-10 112 4.39081e-10
0.0547755 2.98675e-10 48 2.98675e-10
0.0551347 6.63879e-10 192 6.63879e-10
0.0554916 5.72655e-10 96 5.72655e-10
0.0561985 1.18578e-09 48 1.18578e-09
0.0565487 7.30707e-10 204 7.30707e-10
0.0568967 1.68885e-09 96 1.68885e-09
0.0572425 1.1757e-09 144 1.1757e-09
0.0575863 9.86998e-10 96 9.86998e-10
0.0579281 1.09525e-09 96 1.09525e-09
0.0582679 1.72321e-09 240 1.72321e-09
0.0589415 2.4611e-10 48 2.4611e-10
0.0592755 1.33008e-09 288 1.33008e-09
0.0596075 8.37994e-10 240 8.37994e-10
0.0599378 3.17546e-09 96 3.17546e-09
0.0605928 6.85661e-10 96 6.85661e-10
0.0609177 1.19798e-09 192 1.19798e-09
0.0615624 9.75838e-10 48 9.75838e-10
0.0618822 8.2275e-10 96 8.2275e-10
0.0622004 1.58131e-09 216 1.58131e-09
0.0625169 9.15635e-10 144 9.15635e-10
0.0628319 2.07306e-09 60 2.07306e-09
0.0631452 1.82234e-09 336 1.82234e-09
0.0634571 2.30579e-09 96 2.30579e-09
0.0640762 2.27282e-09 144 2.27282e-09
0.0643835 2.07757e-09 192 2.07757e-09
0.0646894 1.61045e-09 144 1.61045e-09
0.0649938 1.78667e-09 144 1.78667e-09
0.0652968 1.96512e-09 64 1.96512e-09
0.0655984 2.44915e-09 144 2.44915e-09
0.0658986 2.23315e-09 288 2.23315e-09
0.0667912 2.57531e-09 192 2.57531e-09
0.0670861 1.09964e-09 192 1.09964e-09
0.0673797 1.64045e-09 96 1.64045e-09
0.067672 1.96416e-09 144 1.96416e-09
0.067963 2.00065e-09 240 2.00065e-09
0.0682529 2.18958e-09 144 2.18958e-09
0.0688288 2.05149e-09 96 2.05149e-09
0.069115 1.24886e-09 156 1.24886e-09
0.0694001 2.34366e-09 240 2.34366e-09
0.0696839 2.14702e-09 96 2.14702e-09
0.0702481 3.08017e-09 288 3.08017e-09
0.0705286 2.90849e-09 288 2.90849e-09
0.0710861 9.68482e-10 24 9.68482e-10
0.0713633 2.31503e-09 288 2.31503e-09
0.0716393 4.56928e-09 96 4.56928e-09
0.0719926 2.77909e-09 336 2.77909e-09
0.0724612 2.16781e-09 96 2.16781e-09
0.0727331 3.00928e-09 336 3.00928e-09
0.0734532 2.4589e-09 288 2.4589e-09
0.0738107 2.57467e-09 192 2.57467e-09
0.0740777 3.07424e-09 144 3.07424e-09
0.0743437 1.58135e-09 96 1.58135e-09
0.0746967 2.76671e-09 288 2.76671e-09
0.0753982 8.42754e-10 60 8.42754e-10
0.0758332 4.10212e-09 576 4.10212e-09
0.0761796 2.60249e-09 112 2.60249e-09
0.0766638 3.56998e-09 384 3.56998e-09
0.076953 3.07469e-09 240 3.07469e-09
0.0776339 3.34314e-09 432 3.34314e-09
0.0779723 3.44216e-09 192 3.44216e-09
0.078225 2.84869e-09 192 2.84869e-09
0.0787281 6.88877e-09 144 6.88877e-09
0.0789784 3.3361e-09 192 3.3361e-09
0.0794767 5.24174e-09 48 5.24174e-09
0.0798137 3.71409e-09 600 3.71409e-09
0.0802183 2.62244e-09 48 2.62244e-09
0.0805865 3.82297e-09 384 3.82297e-09
0.0809532 3.38067e-09 240 3.38067e-09
0.0814394 3.03264e-09 96 3.03264e-09
0.0818379 5.40236e-09 444 5.40236e-09
0.0821633 4.15989e-09 240 4.15989e-09
0.0826125 5.3447e-09 384 5.3447e-09
0.0828809 4.85968e-09 288 4.85968e-09
0.0833559 3.19967e-09 48 3.19967e-09
0.0837495 5.85896e-09 288 5.85896e-09
0.0840633 4.59738e-09 240 4.59738e-09
0.0844439 4.12274e-09 384 4.12274e-09
0.0847648 4.06157e-09 288 4.06157e-09
0.0852293 4.62612e-09 96 4.62612e-09
0.0855594 5.26636e-09 672 5.26636e-09
0.0859213 4.36774e-09 96 4.36774e-09
0.0864252 5.43279e-09 480 5.43279e-09
0.0870624 2.23247e-10 16 2.23247e-10
0.0872888 3.50789e-09 96 3.50789e-09
0.087579 5.67642e-09 672 5.67642e-09
0.0881192 4.95725e-09 348 4.95725e-09
0.0884123 5.38471e-09 240 5.38471e-09
0.0889978 7.23074e-09 456 7.23074e-09
0.089427 6.67215e-09 336 6.67215e-09
0.0898883 8.48735e-09 288 8.48735e-09
0.0901807 7.10355e-09 480 7.10355e-09
0.0906174 5.22063e-09 48 5.22063e-09
0.090897 6.64597e-09 672 6.64597e-09
0.0913765 5.88255e-09 288 5.88255e-09
0.0917922 7.96561e-09 336 7.96561e-09
0.0923436 7.48736e-09 192 7.48736e-09
0.0926754 4.62553e-09 432 4.62553e-09
0.0932651 7.85519e-09 576 7.85519e-09
0.0936174 1.00321e-08 288 1.00321e-08
0.0941969 5.7344e-09 396 5.7344e-09
0.094573 7.24464e-09 432 7.24464e-09
0.0950225 9.94538e-09 336 9.94538e-09
0.0952892 8.48461e-09 480 8.48461e-09
0.0958792 1.21372e-08 336 1.21372e-08
0.0962314 9.68858e-09 672 9.68858e-09
0.0968099 7.28847e-09 480 7.28847e-09
0.097638 1.02142e-08 552 1.02142e-08
0.0981837 9.0843e-09 688 9.0843e-09
0.0985479 7.16026e-09 288 7.16026e-09
0.0990673 7.5898e-09 480 7.5898e-09
0.0994528 1.07887e-08 624 1.07887e-08
0.100098 9.15759e-09 480 9.15759e-09
0.100531 1.98687e-08 12 1.98687e-08
0.100874 9.88768e-09 768 9.88768e-09
0.101448 1.13098e-08 624 1.13098e-08
0.101924 8.82158e-09 336 8.82158e-09
0.102421 1.252e-08 672 1.252e-08
0.102983 1.32588e-08 672 1.32588e-08
0.103243 9.27886e-09 384 9.27886e-09
0.103879 1.23263e-08 576 1.23263e-08
0.104279 1.2572e-08 432 1.2572e-08
0.104705 9.80455e-09 480 9.80455e-09
0.105349 1.25119e-08 768 1.25119e-08
0.1057 1.0437e-08 144 1.0437e-08
0.106152 1.16471e-08 672 1.16471e-08
0.106914 1.26683e-08 756 1.26683e-08
0.107244 1.40613e-08 288 1.40613e-08
0.107631 1.30661e-08 768 1.30661e-08
0.10826 1.55089e-08 768 1.55089e-08
0.108777 1.28853e-08 688 1.28853e-08
0.10919 1.18048e-08 288 1.18048e-08
0.109816 1.65442e-08 912 1.65442e-08
0.110311 1.648e-08 624 1.648e-08
0.110746 1.03973e-08 288 1.03973e-08
0.111354 1.52404e-08 1104 1.52404e-08
0.111965 1.60318e-08 528 1.60318e-08
0.112557 1.55883e-08 528 1.55883e-08
0.112926 1.50949e-08 588 1.50949e-08
0.113378 1.55746e-08 864 1.55746e-08
0.113986 2.11393e-08 864 2.11393e-08
0.114516 1.23345e-08 528 1.23345e-08
0.114915 3.09855e-08 384 3.09855e-08
0.115567 1.85739e-08 936 1.85739e-08
0.116093 1.86208e-08 1104 1.86208e-08
0.116705 1.57967e-08 672 1.57967e-08
0.117239 2.22825e-08 576 2.22825e-08
0.117777 1.69421e-08 912 1.69421e-08
0.118366 1.68718e-08 864 1.68718e-08
0.118788 2.26113e-08 336 2.26113e-08
0.119469 2.16773e-08 1132 2.16773e-08
0.120077 2.39676e-08 864 2.39676e-08
0.120751 1.95775e-08 864 1.95775e-08
0.121153 1.86126e-08 720 1.86126e-08
0.121711 2.16155e-08 1248 2.16155e-08
0.122203 2.81875e-08 528 2.81875e-08
0.122718 2.093e-08 720 2.093e-08
0.123453 2.93254e-08 912 2.93254e-08
0.123969 2.22415e-08 1008 2.22415e-08
0.12467 1.97889e-08 1128 1.97889e-08
0.12526 2.67225e-08 768 2.67225e-08
0.125876 2.71329e-08 924 2.71329e-08
0.126429 2.74549e-08 1248 2.74549e-08
0.127121 2.62443e-08 864 2.62443e-08
0.127677 2.99175e-08 1248 2.99175e-08
0.128318 2.70604e-08 624 2.70604e-08
0.128807 2.56379e-08 1104 2.56379e-08
0.129504 3.07581e-08 816 3.07581e-08
0.129878 2.90478e-08 1200 2.90478e-08
0.130701 2.73135e-08 1216 2.73135e-08
0.131297 2.54678e-08 1008 2.54678e-08
0.131933 3.06248e-08 1020 3.06248e-08
0.13258 3.25113e-08 1200 3.25113e-08
0.133214 3.28133e-08 984 3.28133e-08
0.133672 3.82563e-08 1104 3.82563e-08
0.134446 2.98232e-08 1392 2.98232e-08
0.13492 3.63072e-08 1008 3.63072e-08
0.135589 3.96192e-08 1056 3.96192e-08
0.136149 3.06516e-08 1248 3.06516e-08
0.136788 3.37872e-08 1008 3.37872e-08
0.137489 3.76761e-08 1104 3.76761e-08
0.138157 3.58286e-08 1308 3.58286e-08
0.138792 3.45474e-08 1680 3.45474e-08
0.139482 4.26264e-08 1488 4.26264e-08
0.140148 4.06961e-08 912 4.06961e-08
0.140735 5.00257e-08 1296 5.00257e-08
0.141506 3.94457e-08 1792 3.94457e-08
0.142105 3.90237e-08 792 3.90237e-08
0.142726 3.28938e-08 1632 3.28938e-08
0.14348 3.81555e-08 1344 3.81555e-08
0.144008 4.15741e-08 1104 4.15741e-08
0.14474 4.39364e-08 1788 4.39364e-08
0.145447 5.23713e-08 1344 5.23713e-08
0.146112 5.39122e-08 1248 5.39122e-08
0.146784 4.42659e-08 1776 4.42659e-08
0.147376 4.59298e-08 1440 4.59298e-08
0.148179 5.1502e-08 1872 5.1502e-08
0.148977 4.61087e-08 1296 4.61087e-08
0.149637 4.96328e-08 1872 4.96328e-08
0.150285 5.10916e-08 1392 5.10916e-08
0.151106 6.14079e-08 1236 6.14079e-08
0.151697 5.29921e-08 2016 5.29921e-08
0.15237 5.93377e-08 1744 5.93377e-08
0.153147 5.30368e-08 1920 5.30368e-08
0.153934 6.09774e-08 1776 6.09774e-08
0.154569 5.02119e-08 1296 5.02119e-08
0.155288 5.93473e-08 1680 5.93473e-08
0.155941 5.83389e-08 1824 5.83389e-08
0.156682 4.31061e-08 1548 4.31061e-08
0.157451 6.90296e-08 2544 6.90296e-08
0.158249 6.63872e-08 1824 6.63872e-08
0.159019 7.48949e-08 1728 7.48949e-08
0.159745 6.12398e-08 1848 6.12398e-08
0.160428 6.87415e-08 2160 6.87415e-08
0.161255 6.81026e-08 2016 6.81026e-08
0.161989 5.83392e-08 2256 5.83392e-08
0.162879 6.35785e-08 1536 6.35785e-08
0.1635 7.18277e-08 2092 7.18277e-08
0.164304 7.70636e-08 2304 7.70636e-08
0.16512 8.51061e-08 2544 8.51061e-08
0.165918 7.18962e-08 1824 7.18962e-08
0.166638 7.95948e-08 2400 7.95948e-08
0.167465 7.91503e-08 2160 7.91503e-08
0.1681 7.33012e-08 1680 7.33012e-08
0.169017 8.05173e-08 2664 8.05173e-08
0.169783 8.46817e-08 2124 8.46817e-08
0.170536 8.53256e-08 2640 8.53256e-08
0.17142 1.03848e-07 2496 1.03848e-07
0.172167 8.69078e-08 2208 8.69078e-08
0.173001 8.68808e-08 2784 8.68808e-08
0.173739 9.15926e-08 1552 9.15926e-08
0.174601 8.75335e-08 3456 8.75335e-08
0.175449 9.53347e-08 2448 9.53347e-08
0.17633 9.90911e-08 2508 9.90911e-08
0.177179 1.0631e-07 2736 1.0631e-07
0.177982 1.02569e-07 2472 1.02569e-07
0.178748 1.01043e-07 3216 1.01043e-07
0.179662 1.05499e-07 2016 1.05499e-07
0.180329 1.01632e-07 2976 1.01632e-07
0.181298 1.08249e-07 2880 1.08249e-07
0.182161 9.41147e-08 2316 9.41147e-08
0.182962 1.22858e-07 3648 1.22858e-07
0.183819 1.25123e-07 2928 1.25123e-07
0.184763 1.13352e-07 2896 1.13352e-07
0.18557 1.20284e-07 3120 1.20284e-07
0.186484 1.15472e-07 2856 1.15472e-07
0.187347 1.11569e-07 3360 1.11569e-07
0.188277 1.17486e-07 2988 1.17486e-07
0.189164 1.3746e-07 3888 1.3746e-07
0.190083 1.26267e-07 2736 1.26267e-07
0.190912 1.51384e-07 3168 1.51384e-07
0.191791 1.39921e-07 3552 1.39921e-07
0.192627 1.36596e-07 2880 1.36596e-07
0.19355 1.31278e-07 3936 1.31278e-07
0.194476 1.54086e-07 2748 1.54086e-07
0.195383 1.57211e-07 4200 1.57211e-07
0.196314 1.505e-07 3280 1.505e-07
0.19731 1.47938e-07 4992 1.47938e-07
0.198246 1.39187e-07 2496 1.39187e-07
0.198969 1.65555e-07 3024 1.65555e-07
0.200004 1.51776e-07 4560 1.51776e-07
0.200981 1.6884e-07 3852 1.6884e-07
0.201907 1.75315e-07 4128 1.75315e-07
0.202923 1.75446e-07 3840 1.75446e-07
0.203766 1.78521e-07 3888 1.78521e-07
0.204817 1.7749e-07 4344 1.7749e-07
0.205802 1.73224e-07 4512 1.73224e-07
0.206744 1.64324e-07 3472 1.64324e-07
0.207695 1.87938e-07 4188 1.87938e-07
0.208661 2.08774e-07 4656 2.08774e-07
0.209635 2.00656e-07 4512 2.00656e-07
0.210605 1.82837e-07 3840 1.82837e-07
0.211552 1.90386e-07 5040 1.90386e-07
0.212598 2.15253e-07 4176 2.15253e-07
0.213716 2.12196e-07 5268 2.12196e-07
0.214685 2.23365e-07 4656 2.23365e-07
0.215636 2.09543e-07 4608 2.09543e-07
0.2167 2.3242e-07 5136 2.3242e-07
0.217712 2.14223e-07 4048 2.14223e-07
0.21856 2.02004e-07 4704 2.02004e-07
0.21964 2.27838e-07 5436 2.27838e-07
0.220689 2.50938e-07 5040 2.50938e-07
0.221792 2.40164e-07 5544 2.40164e-07
0.222806 2.40078e-07 5280 2.40078e-07
0.223891 2.40737e-07 5760 2.40737e-07
0.224992 2.42132e-07 4896 2.42132e-07
0.225967 2.68902e-07 4956 2.68902e-07
0.226978 2.83485e-07 5808 2.83485e-07
0.228073 3.05145e-07 5632 3.05145e-07
0.229091 2.65933e-07 6048 2.65933e-07
0.230305 2.71466e-07 5904 2.71466e-07
0.231358 2.97852e-07 5592 2.97852e-07
0.232405 2.75033e-07 5964 2.75033e-07
0.23355 3.05311e-07 6624 3.05311e-07
0.234601 3.00019e-07 5376 3.00019e-07
0.235688 3.09378e-07 6288 3.09378e-07
0.236855 3.03815e-07 7344 3.03815e-07
0.237877 3.14984e-07 4656 3.14984e-07
0.239086 3.44155e-07 8092 3.44155e-07
0.240233 3.36171e-07 5688 3.36171e-07
0.241291 3.38947e-07 7200 3.38947e-07
0.242431 3.46489e-07 6528 3.46489e-07
0.243572 3.26025e-07 6576 3.26025e-07
0.244685 3.61828e-07 6396 3.61828e-07
0.245798 3.66644e-07 7728 3.66644e-07
0.246976 3.86708e-07 6912 3.86708e-07
0.248127 3.99737e-07 7488 3.99737e-07
0.24936 3.84544e-07 7752 3.84544e-07
0.250523 3.96931e-07 6784 3.96931e-07
0.251669 4.18161e-07 7836 4.18161e-07
0.252872 4.32323e-07 7728 4.32323e-07
0.254083 4.09894e-07 8208 4.09894e-07
0.255199 4.34832e-07 6960 4.34832e-07
0.256387 4.28976e-07 8160 4.28976e-07
0.257664 4.3e-07 8340 4.3e-07
0.258855 4.48979e-07 8352 4.48979e-07
0.26008 4.6757e-07 9120 4.6757e-07
0.261336 4.56498e-07 7312 4.56498e-07
0.262469 4.50707e-07 8688 4.50707e-07
0.263809 4.77218e-07 9660 4.77218e-07
0.265071 5.15388e-07 8832 5.15388e-07
0.266256 5.2735e-07 7752 5.2735e-07
0.267421 4.91779e-07 9504 4.91779e-07
0.268761 5.23373e-07 9936 5.23373e-07
0.2701 5.41738e-07 8988 5.41738e-07
0.27124 5.68848e-07 8400 5.68848e-07
0.272568 5.3942e-07 11584 5.3942e-07
0.273851 5.72271e-07 8448 5.72271e-07
0.275155 5.57527e-07 10440 5.57527e-07
0.276427 5.84797e-07 9180 5.84797e-07
0.277657 6.17041e-07 10656 6.17041e-07
0.27902 5.92526e-07 10608 5.92526e-07
0.280352 5.8189e-07 10080 5.8189e-07
0.281565 6.2184e-07 9840 6.2184e-07
0.282918 6.37101e-07 11500 6.37101e-07
0.284302 6.44943e-07 10776 6.44943e-07
0.285589 6.34183e-07 11568 6.34183e-07
0.286971 6.50569e-07 10800 6.50569e-07
0.288304 6.34049e-07 11280 6.34049e-07
0.289695 7.20844e-07 11868 7.20844e-07
0.291035 7.0907e-07 12240 7.0907e-07
0.292425 7.29476e-07 11088 7.29476e-07
0.293779 7.32204e-07 12328 7.32204e-07
0.295153 7.37785e-07 11676 7.37785e-07
0.296461 8.21795e-07 12288 8.21795e-07
0.297907 7.45044e-07 12576 7.45044e-07
0.299258 7.8937e-07 13152 7.8937e-07
0.300748 7.92715e-07 13008 7.92715e-07
0.302188 8.04503e-07 13188 8.04503e-07
0.30361 8.28429e-07 14016 8.28429e-07
0.305003 8.18698e-07 12400 8.18698e-07
0.306412 8.23477e-07 13536 8.23477e-07
0.307876 9.12025e-07 14364 9.12025e-07
0.309298 9.04669e-07 13728 9.04669e-07
0.310761 9.02937e-07 14616 9.02937e-07
0.312204 9.37138e-07 13488 9.37138e-07
0.313652 9.058e-07 15372 9.058e-07
0.315175 9.68073e-07 14560 9.68073e-07
0.31662 9.54607e-07 15840 9.54607e-07
0.318151 9.88417e-07 15120 9.88417e-07
0.319599 9.76454e-07 13896 9.76454e-07
0.321058 1.04674e-06 16860 1.04674e-06
0.322645 1.07508e-06 16656 1.07508e-06
0.324166 1.06927e-06 15648 1.06927e-06
0.32568 1.09678e-06 16320 1.09678e-06
0.327167 1.12701e-06 16060 1.12701e-06
0.328774 1.14917e-06 18744 1.14917e-06
0.330313 1.12652e-06 15936 1.12652e-06
0.331826 1.20607e-06 17136 1.20607e-06
0.333427 1.20382e-06 17868 1.20382e-06
0.334947 1.23529e-06 17904 1.23529e-06
0.336524 1.23702e-06 17760 1.23702e-06
0.338146 1.19662e-06 19096 1.19662e-06
0.339739 1.26138e-06 18252 1.26138e-06
0.341313 1.28639e-06 18768 1.28639e-06
0.342874 1.3352e-06 18576 1.3352e-06
0.344468 1.31587e-06 19584 1.31587e-06
0.346116 1.41306e-06 19140 1.41306e-06
0.34771 1.4509e-06 20752 1.4509e-06
0.349362 1.4178e-06 20304 1.4178e-06
0.351033 1.43505e-06 19920 1.43505e-06
0.352646 1.46937e-06 21564 1.46937e-06
0.354377 1.51452e-06 21984 1.51452e-06
0.356063 1.49062e-06 20904 1.49062e-06
0.357696 1.53258e-06 21612 1.53258e-06
0.359426 1.61291e-06 22624 1.61291e-06
0.361079 1.61704e-06 22224 1.61704e-06
0.362754 1.63896e-06 21696 1.63896e-06
0.364449 1.71152e-06 22788 1.71152e-06
0.366133 1.75182e-06 23904 1.75182e-06
0.367846 1.74466e-06 22704 1.74466e-06
0.369601 1.73143e-06 25168 1.73143e-06
0.371397 1.81788e-06 24780 1.81788e-06
0.373143 1.79764e-06 24504 1.79764e-06
0.374848 1.83531e-06 24480 1.83531e-06
0.37663 1.92392e-06 24972 1.92392e-06
0.378363 1.94712e-06 26160 1.94712e-06
0.380139 1.98353e-06 25936 1.98353e-06
0.381916 1.94291e-06 25224 1.94291e-06
0.38369 2.03209e-06 27948 2.03209e-06
0.385541 2.01187e-06 27888 2.01187e-06
0.387327 2.12336e-06 25680 2.12336e-06
0.3891 2.07758e-06 28716 2.07758e-06
0.390994 2.22374e-06 29176 2.22374e-06
0.392843 2.2078e-06 29376 2.2078e-06
0.394661 2.23049e-06 27120 2.23049e-06
0.396505 2.31484e-06 31164 2.31484e-06
0.398367 2.33266e-06 29088 2.33266e-06
0.400233 2.26053e-06 30840 2.26053e-06
0.402152 2.41565e-06 31228 2.41565e-06
0.40399 2.47785e-06 29760 2.47785e-06
0.405874 2.46995e-06 33456 2.46995e-06
0.407843 2.4737e-06 31380 2.4737e-06
0.409716 2.64572e-06 32496 2.64572e-06
0.411602 2.60932e-06 33168 2.60932e-06
0.413596 2.60661e-06 33808 2.60661e-06
0.415548 2.72015e-06 34860 2.72015e-06
0.417499 2.75239e-06 33816 2.75239e-06
0.419429 2.78106e-06 35280 2.78106e-06
0.421439 2.86167e-06 35100 2.86167e-06
0.4234 2.94722e-06 37392 2.94722e-06
0.425408 2.85118e-06 35584 2.85118e-06
0.42739 3.02594e-06 36276 3.02594e-06
0.42937 3.02444e-06 38784 3.02444e-06
0.431414 3.05751e-06 37536 3.05751e-06
0.433421 3.16481e-06 38076 3.16481e-06
0.435438 3.1933e-06 38920 3.1933e-06
0.437444 3.24208e-06 39984 3.24208e-06
0.4396 3.30164e-06 42348 3.30164e-06
0.441671 3.30026e-06 40080 3.30026e-06
0.443727 3.42499e-06 41256 3.42499e-06
0.445802 3.53576e-06 41596 3.53576e-06
0.447878 3.51869e-06 42960 3.51869e-06
0.449991 3.48717e-06 43584 3.48717e-06
0.452114 3.66481e-06 42828 3.66481e-06
0.454235 3.8097e-06 46200 3.8097e-06
0.456374 3.7595e-06 43984 3.7595e-06
0.458534 3.80175e-06 46812 3.80175e-06
0.460666 3.91108e-06 45072 3.91108e-06
0.46284 3.93532e-06 48696 3.93532e-06
0.465042 4.02073e-06 47196 4.02073e-06
0.467214 4.17438e-06 48448 4.17438e-06
0.469406 4.09649e-06 49296 4.09649e-06
0.471626 4.32106e-06 49236 4.32106e-06
0.473743 4.32305e-06 48384 4.32305e-06
0.475977 4.28694e-06 52416 4.28694e-06
0.478226 4.57667e-06 51580 4.57667e-06
0.480485 4.59642e-06 53832 4.59642e-06
0.482752 4.51719e-06 52428 4.51719e-06
0.485019 4.73176e-06 55056 4.73176e-06
0.487306 4.67265e-06 55440 4.67265e-06
0.48961 4.86964e-06 54244 4.86964e-06
0.491868 4.93936e-06 57264 4.93936e-06
0.494198 4.86998e-06 57360 4.86998e-06
0.496522 5.02715e-06 57444 5.02715e-06
0.498833 5.19487e-06 60000 5.19487e-06
0.501204 5.12512e-06 58816 5.12512e-06
0.50355 5.42684e-06 61356 5.42684e-06
0.505916 5.27563e-06 61320 5.27563e-06
0.508313 5.44164e-06 62988 5.44164e-06
0.510704 5.6212e-06 62896 5.6212e-06
0.513084 5.5513e-06 64320 5.5513e-06
0.515543 5.75369e-06 66180 5.75369e-06
0.51795 5.94639e-06 65328 5.94639e-06
0.520364 5.90592e-06 65436 5.90592e-06
0.522793 6.0249e-06 68944 6.0249e-06
0.52526 6.03562e-06 68520 6.03562e-06
0.527713 6.22226e-06 68604 6.22226e-06
0.530156 6.30748e-06 70944 6.30748e-06
0.532669 6.34426e-06 72040 6.34426e-06
0.535188 6.4999e-06 73884 6.4999e-06
0.5377 6.60356e-06 72720 6.60356e-06
0.540241 6.77475e-06 76332 6.77475e-06
0.542756 6.83408e-06 73608 6.83408e-06
0.545284 6.84026e-06 77728 6.84026e-06
0.54787 7.15964e-06 78732 7.15964e-06
0.550466 7.05554e-06 80136 7.05554e-06
0.553028 7.19508e-06 77820 7.19508e-06
0.555606 7.25394e-06 82720 7.25394e-06
0.558224 7.39821e-06 81564 7.39821e-06
0.56083 7.61733e-06 84408 7.61733e-06
0.56345 7.64934e-06 83088 7.64934e-06
0.566114 7.872e-06 89020 7.872e-06
0.568794 7.93072e-06 85896 7.93072e-06
0.57145 7.9352e-06 88956 7.9352e-06
0.574166 8.078e-06 92064 8.078e-06
0.576877 8.23694e-06 88804 8.23694e-06
0.57954 8.52046e-06 92640 8.52046e-06
0.582264 8.46187e-06 93696 8.46187e-06
0.585017 8.73762e-06 95628 8.73762e-06
0.587762 8.62183e-06 96520 8.62183e-06
0.590569 8.919e-06 99516 8.919e-06
0.593327 9.0354e-06 98064 9.0354e-06
0.596104 9.04311e-06 99540 9.04311e-06
0.598885 9.21638e-06 102112 9.21638e-06
0.601688 9.35803e-06 103008 9.35803e-06
0.60453 9.56848e-06 105732 9.56848e-06
0.607362 9.66692e-06 105696 9.66692e-06
0.610229 9.92964e-06 109084 9.92964e-06
0.613094 9.87512e-06 108552 9.87512e-06
0.615957 1.0127e-05 110124 1.0127e-05
0.618839 1.02467e-05 113136 1.02467e-05
0.62177 1.03112e-05 114532 1.03112e-05
0.624688 1.0394e-05 116112 1.0394e-05
0.627616 1.06383e-05 115500 1.06383e-05
0.630554 1.07499e-05 120760 1.07499e-05
0.633541 1.08887e-05 120780 1.08887e-05
0.63652 1.11359e-05 123216 1.11359e-05
0.639512 1.11868e-05 122724 1.11868e-05
0.64251 1.161e-05 127504 1.161e-05
0.64554 1.1554e-05 127056 1.1554e-05
0.648554 1.17136e-05 128100 1.17136e-05
0.651549 1.16453e-05 129568 1.16453e-05
0.654649 1.222e-05 137628 1.222e-05
0.657741 1.2127e-05 132312 1.2127e-05
0.66081 1.23532e-05 137436 1.23532e-05
0.663899 1.23323e-05 138208 1.23323e-05
0.667047 1.27377e-05 143364 1.27377e-05
0.670183 1.27292e-05 141024 1.27292e-05
0.673306 1.3159e-05 144556 1.3159e-05
0.676483 1.31714e-05 149064 1.31714e-05
0.679687 1.3493e-05 148908 1.3493e-05
0.682871 1.35386e-05 151080 1.35386e-05
0.686079 1.35519e-05 153052 1.35519e-05
0.689314 1.38471e-05 157296 1.38471e-05
0.692548 1.4144e-05 154740 1.4144e-05
0.695723 1.40481e-05 156544 1.40481e-05
0.698997 1.46217e-05 165420 1.46217e-05
0.702314 1.46332e-05 164292 1.46332e-05
0.705609 1.47363e-05 167424 1.47363e-05
0.708938 1.47231e-05 169420 1.47231e-05
0.712273 1.50827e-05 172344 1.50827e-05
0.715624 1.52188e-05 172812 1.52188e-05
0.718964 1.5544e-05 176488 1.5544e-05
0.722353 1.5592e-05 179340 1.5592e-05
0.725741 1.58099e-05 181584 1.58099e-05
0.729184 1.60608e-05 186388 1.60608e-05
0.732605 1.63385e-05 184704 1.63385e-05
0.736035 1.64648e-05 189828 1.64648e-05
0.739481 1.66285e-05 191008 1.66285e-05
0.742951 1.67685e-05 194460 1.67685e-05
0.746441 1.71013e-05 197604 1.71013e-05
0.749957 1.72284e-05 201904 1.72284e-05
0.753469 1.72188e-05 199980 1.72188e-05
0.756983 1.7789e-05 206712 1.7789e-05
0.760565 1.78696e-05 210028 1.78696e-05
0.764149 1.80764e-05 213096 1.80764e-05
0.767736 1.82134e-05 212604 1.82134e-05
0.771306 1.82918e-05 216004 1.82918e-05
0.774926 1.87238e-05 223392 1.87238e-05
0.778598 1.87732e-05 224316 1.87732e-05
0.782245 1.91111e-05 226600 1.91111e-05
0.785923 1.93476e-05 230604 1.93476e-05
0.789616 1.92665e-05 234792 1.92665e-05
0.793312 1.98043e-05 234316 1.98043e-05
0.797042 1.98576e-05 242940 1.98576e-05
0.800776 2.02064e-05 241320 2.02064e-05
0.804553 2.02285e-05 250060 2.02285e-05
0.808343 2.04914e-05 250776 2.04914e-05
0.812158 2.10412e-05 256188 2.10412e-05
0.815959 2.07708e-05 254116 2.07708e-05
0.819781 2.11413e-05 264672 2.11413e-05
0.823648 2.14976e-05 264012 2.14976e-05
0.827505 2.17691e-05 268324 2.17691e-05
0.8314 2.20937e-05 275520 2.20937e-05
0.835324 2.21977e-05 275604 2.21977e-05
0.839214 2.2357e-05 278032 2.2357e-05
0.843171 2.24568e-05 288708 2.24568e-05
0.847141 2.26747e-05 285628 2.26747e-05
0.851084 2.30098e-05 291864 2.30098e-05
0.855081 2.32715e-05 296412 2.32715e-05
0.859091 2.3456e-05 301132 2.3456e-05
0.863128 2.36431e-05 305640 2.36431e-05
0.867194 2.39698e-05 310284 2.39698e-05
0.87127 2.39952e-05 314440 2.39952e-05
0.875368 2.46234e-05 318396 2.46234e-05
0.879473 2.4579e-05 321988 2.4579e-05
0.883606 2.48344e-05 329088 2.48344e-05
0.887753 2.54308e-05 330564 2.54308e-05
0.891919 2.53978e-05 336700 2.53978e-05
0.896109 2.57437e-05 343320 2.57437e-05
0.900336 2.57264e-05 347244 2.57264e-05
0.904563 2.62068e-05 350068 2.62068e-05
0.908805 2.62196e-05 357024 2.62196e-05
0.913051 2.65164e-05 357292 2.65164e-05
0.917348 2.69926e-05 370932 2.69926e-05
0.921672 2.71539e-05 370764 2.71539e-05
0.925992 2.75087e-05 376504 2.75087e-05
0.930354 2.77572e-05 384252 2.77572e-05
0.93473 2.78178e-05 387124 2.78178e-05
0.939107 2.81479e-05 392352 2.81479e-05
0.943526 2.83515e-05 400260 2.83515e-05
0.947959 2.86474e-05 402652 2.86474e-05
0.952394 2.88583e-05 409944 2.88583e-05
0.956874 2.93339e-05 416812 2.93339e-05
0.961345 2.92239e-05 416724 2.92239e-05
0.965874 2.96914e-05 435324 2.96914e-05
0.970451 2.99549e-05 434248 2.99549e-05
0.974982 3.03427e-05 434892 3.03427e-05
0.979556 3.05252e-05 449380 3.05252e-05
0.984147 3.05421e-05 448116 3.05421e-05
0.988771 3.11432e-05 463696 3.11432e-05
0.993453 3.12272e-05 467988 3.12272e-05
0.998112 3.17055e-05 468396 3.17055e-05
1.00278 3.17596e-05 479416 3.17596e-05
1.00751 3.22788e-05 487260 3.22788e-05
1.01226 3.25036e-05 494020 3.25036e-05
1.01699 3.27206e-05 492828 3.27206e-05
1.02174 3.29502e-05 507544 3.29502e-05
1.02654 3.33246e-05 513804 3.33246e-05
1.03137 3.37795e-05 522132 3.37795e-05
1.03624 3.39453e-05 531916 3.39453e-05
1.0411 3.41651e-05 530196 3.41651e-05
1.04596 3.4748e-05 542848 3.4748e-05
1.05088 3.47449e-05 553716 3.47449e-05
1.05585 3.51263e-05 562372 3.51263e-05
1.06082 3.5449e-05 565836 3.5449e-05
1.06577 3.58057e-05 570292 3.58057e-05
1.07077 3.60034e-05 586560 3.60034e-05
1.07581 3.64713e-05 589204 3.64713e-05
1.08087 3.6706e-05 602556 3.6706e-05
1.08595 3.69333e-05 605908 3.69333e-05
1.09104 3.72722e-05 615348 3.72722e-05
1.09614 3.77947e-05 621120 3.77947e-05
1.1013 3.83229e-05 641668 3.83229e-05
1.1065 3.82989e-05 643164 3.82989e-05
1.1117 3.89214e-05 650452 3.89214e-05
1.11691 3.89566e-05 662844 3.89566e-05
1.12216 3.95419e-05 670132 3.95419e-05
1.12744 4.00407e-05 682680 4.00407e-05
1.13272 4.02824e-05 684076 4.02824e-05
1.13803 4.05688e-05 702708 4.05688e-05
1.14339 4.10144e-05 710956 4.10144e-05
1.14877 4.13586e-05 720132 4.13586e-05
1.15416 4.17996e-05 729268 4.17996e-05
1.15957 4.21949e-05 738144 4.21949e-05
1.16503 4.27681e-05 755284 4.27681e-05
1.17053 4.31305e-05 764148 4.31305e-05
1.17602 4.35039e-05 768028 4.35039e-05
1.18154 4.39701e-05 786132 4.39701e-05
1.18707 4.43422e-05 787900 4.43422e-05
1.19264 4.46263e-05 808308 4.46263e-05
1.19826 4.53227e-05 818356 4.53227e-05
1.20388 4.53312e-05 826668 4.53312e-05
1.20954 4.58751e-05 842392 4.58751e-05
1.21521 4.66402e-05 845316 4.66402e-05
1.22091 4.72383e-05 869980 4.72383e-05
1.22666 4.77876e-05 874884 4.77876e-05
1.23241 4.79816e-05 886132 4.79816e-05
1.2382 4.84612e-05 904300 4.84612e-05
1.24401 4.89799e-05 911076 4.89799e-05
1.24985 4.9442e-05 926764 4.9442e-05
1.25571 4.99939e-05 937332 4.99939e-05
1.26162 5.06819e-05 959284 5.06819e-05
1.26756 5.09524e-05 965628 5.09524e-05
1.2735 5.19866e-05 978772 5.19866e-05
1.27948 5.23085e-05 997284 5.23085e-05
1.2855 5.27255e-05 1006900 5.27255e-05
1.29154 5.34703e-05 1025676 5.34703e-05
1.29761 5.38186e-05 1035172 5.38186e-05
1.30369 5.47009e-05 1048744 5.47009e-05
1.3098 5.50678e-05 1068540 5.50678e-05
1.31596 5.58235e-05 1080772 5.58235e-05
1.32215 5.65528e-05 1101876 5.65528e-05
1.32836 5.70992e-05 1108540 5.70992e-05
1.33459 5.77565e-05 1129956 5.77565e-05
1.34087 5.84965e-05 1148740 5.84965e-05
1.34718 5.90286e-05 1159228 5.90286e-05
1.3535 5.9841e-05 1175556 5.9841e-05
1.35985 6.0265e-05 1193956 6.0265e-05
1.36624 6.12482e-05 1213140 6.12482e-05
1.37267 6.18819e-05 1227964 6.18819e-05
1.37911 6.25442e-05 1242400 6.25442e-05
1.38558 6.33381e-05 1262772 6.33381e-05
1.39208 6.41245e-05 1280836 6.41245e-05
1.39864 6.49449e-05 1303740 6.49449e-05
1.40521 6.58139e-05 1315540 6.58139e-05
1.4118 6.65434e-05 1334164 6.65434e-05
1.41842 6.7289e-05 1351620 6.7289e-05
1.42509 6.83063e-05 1378636 6.83063e-05
1.4318 6.91402e-05 1397508 6.91402e-05
1.43854 7.00251e-05 1413844 7.00251e-05
1.44529 7.07795e-05 1431124 7.07795e-05
1.45208 7.17961e-05 1455324 7.17961e-05
1.45889 7.26698e-05 1468852 7.26698e-05
1.46572 7.36534e-05 1491492 7.36534e-05
1.4726 7.4587e-05 1519396 7.4587e-05
1.47952 7.55365e-05 1536280 7.55365e-05
1.48647 7.66177e-05 1557540 7.66177e-05
1.49347 7.75555e-05 1591684 7.75555e-05
1.50049 7.85244e-05 1598884 7.85244e-05
1.50754 7.94953e-05 1632084 7.94953e-05
1.51462 8.04444e-05 1644076 8.04444e-05
1.52173 8.17265e-05 1675444 8.17265e-05
1.52887 8.25048e-05 1692660 8.25048e-05
1.53605 8.37554e-05 1721536 8.37554e-05
1.54327 8.52566e-05 1747444 8.52566e-05
1.55052 8.63214e-05 1770876 8.63214e-05
1.55781 8.73438e-05 1797460 8.73438e-05
1.56513 8.8481e-05 1816804 8.8481e-05
1.57247 9.01346e-05 1846452 9.01346e-05
1.57985 9.10957e-05 1867888 9.10957e-05
1.58727 9.23232e-05 1899460 9.23232e-05
1.59472 9.36815e-05 1922556 9.36815e-05
1.60222 9.52248e-05 1962436 9.52248e-05
1.60976 9.61721e-05 1978372 9.61721e-05
1.6173 9.75553e-05 2002032 9.75553e-05
1.62489 9.94614e-05 2038276 9.94614e-05
1.63253 0.000100621 2065684 0.000100621
1.64019 0.000102316 2090788 0.000102316
1.6479 0.000103649 2132460 0.000103649
1.65565 0.00010524 2150992 0.00010524
1.66341 0.000106743 2180308 0.000106743
1.67122 0.000108053 2220756 0.000108053
1.67908 0.000109539 2249332 0.000109539
1.68697 0.000111475 2279248 0.000111475
1.6949 0.000113272 2314228 0.000113272
1.70286 0.000115057 2342868 0.000115057
1.71085 0.000116528 2376988 0.000116528
1.71889 0.000118849 2411008 0.000118849
1.72697 0.000120221 2453188 0.000120221
1.73508 0.00012203 2471124 0.00012203
1.74322 0.000123679 2518240 0.000123679
1.75141 0.000126093 2548996 0.000126093
1.75964 0.000127403 2591188 0.000127403
1.76791 0.000129442 2616624 0.000129442
1.77621 0.000132092 2667844 0.000132092
1.78456 0.00013388 2696836 0.00013388
1.79294 0.000135777 2732224 0.000135777
1.80136 0.000138086 2779476 0.000138086
1.80982 0.000140167 2814916 0.000140167
1.81832 0.000142296 2853040 0.000142296
1.82687 0.000144574 2897620 0.000144574
1.83545 0.000146705 2931604 0.000146705
1.84406 0.000149601 2976912 0.000149601
1.85272 0.000151899 3021532 0.000151899
1.86142 0.000154208 3056596 0.000154208
1.87016 0.000156762 3105568 0.000156762
1.87895 0.000158845 3159076 0.000158845
1.88779 0.000161751 3191568 0.000161751
1.89665 0.000164329 3239860 0.000164329
1.90555 0.000166933 3274372 0.000166933
1.91449 0.000170003 3339232 0.000170003
1.9235 0.000172689 3383668 0.000172689
1.93253 0.000175751 3413904 0.000175751
1.94159 0.000178567 3479260 0.000178567
1.95073 0.000181048 3530128 0.000181048
1.95988 0.000184214 3567076 0.000184214
1.9691 0.000187037 3634960 0.000187037
1.97835 0.000190765 3674068 0.000190765
1.98765 0.000193968 3733024 0.000193968
1.99698 0.000197051 3776484 0.000197051
2.00636 0.000200442 3834112 0.000200442
2.01577 0.000203772 3883108 0.000203772
2.02525 0.000207146 3956080 0.000207146
2.03477 0.000210552 3994852 0.000210552
2.04433 0.000214479 4058512 0.000214479
2.05393 0.000218293 4112740 0.000218293
2.06357 0.000221809 4168000 0.000221809
2.07326 0.000225781 4235556 0.000225781
2.083 0.00022984 4287904 0.00022984
2.09278 0.000233712 4351228 0.000233712
2.10261 0.000237553 4412800 0.000237553
2.11248 0.000241716 4467940 0.000241716
2.12241 0.000246233 4552912 0.000246233
2.13239 0.000250204 4603696 0.000250204
2.1424 0.000255504 4665844 0.000255504
2.15246 0.000259599 4733920 0.000259599
2.16256 0.00026387 4795396 0.00026387
2.17272 0.000268899 4873288 0.000268899
2.18293 0.000273673 4945216 0.000273673
2.19319 0.000278526 5006100 0.000278526
2.20348 0.000283585 5070784 0.000283585
2.21383 0.000289524 5162176 0.000289524
2.22424 0.000294054 5225524 0.000294054
2.23469 0.000299289 5295928 0.000299289
2.24518 0.00030476 5374432 0.00030476
2.25573 0.000310263 5448868 0.000310263
2.26633 0.000316552 5531680 0.000316552
2.27697 0.000321766 5597008 0.000321766
2.28766 0.000327632 5682652 0.000327632
2.29841 0.000334093 5772256 0.000334093
2.30921 0.000340112 5841616 0.000340112
2.32005 0.000346325 5935072 0.000346325
2.33094 0.000353245 6001348 0.000353245
2.34188 0.000359853 6100648 0.000359853
2.35289 0.000366549 6189328 0.000366549
2.36395 0.000373467 6272032 0.000373467
2.37505 0.000380703 6359092 0.000380703
2.38621 0.00038796 6454120 0.00038796
2.39742 0.000396028 6543664 0.000396028
2.40868 0.000402928 6630880 0.000402928
2.41998 0.000410412 6727600 0.000410412
2.43135 0.000419352 6828316 0.000419352
2.44278 0.000426276 6919504 0.000426276
2.45425 0.000434576 7017728 0.000434576
2.46578 0.000443848 7121608 0.000443848
2.47736 0.000452322 7217824 0.000452322
2.489 0.000461998 7321216 0.000461998
2.50068 0.000471157 7415692 0.000471157
2.51243 0.000480764 7539328 0.000480764
2.52424 0.000490981 7645840 0.000490981
2.53609 0.000500421 7727128 0.000500421
2.548 0.000510028 7861408 0.000510028
2.55998 0.000520924 7972336 0.000520924
2.572 0.000531759 8068456 0.000531759
2.58406 0.000542208 8181632 0.000542208
2.5962 0.000553761 8320720 0.000553761
2.60841 0.000565383 8426872 0.000565383
2.62066 0.000577089 8541952 0.000577089
2.63296 0.000589228 8664616 0.000589228
2.64533 0.000602218 8791792 0.000602218
2.65775 0.000614716 8908756 0.000614716
2.67023 0.00062877 9034072 0.00062877
2.68278 0.000640843 9177104 0.000640843
2.69539 0.000654823 9302632 0.000654823
2.70805 0.000668945 9422380 0.000668945
2.72076 0.000684912 9565408 0.000684912
2.73355 0.000698834 9699928 0.000698834
2.74639 0.000714278 9834160 0.000714278
2.75928 0.000730082 9970520 0.000730082
2.77224 0.000746388 10120912 0.000746388
2.78527 0.000763241 10255576 0.000763241
2.79835 0.000781536 10403344 0.000781536
2.81149 0.000798543 10556392 0.000798543
2.8247 0.000818023 10700768 0.000818023
2.83797 0.000835681 10846984 0.000835681
2.8513 0.000855454 11009440 0.000855454
2.86469 0.000874012 11162536 0.000874012
2.87815 0.000895344 11318540 0.000895344
2.89166 0.000918313 11472664 0.000918313
2.90524 0.000938764 11646208 0.000938764
2.91889 0.000960994 11819800 0.000960994
2.93261 0.000985596 11972336 0.000985596
2.94637 0.00100898 12128068 0.00100898
2.96021 0.00103415 12324496 0.00103415
2.97412 0.00105984 12499864 0.00105984
2.9881 0.00108618 12663176 0.00108618
3.00213 0.00111284 12849472 0.00111284
3.01623 0.00114021 13030132 0.00114021
3.0304 0.00117051 13215104 0.00117051
3.04463 0.00120001 13382824 0.00120001
3.05892 0.00122993 13593352 0.00122993
3.0733 0.00126395 13789676 0.00126395
3.08773 0.00129593 13966648 0.00129593
3.10224 0.00133141 14188240 0.00133141
3.11681 0.00136734 14365268 0.00136734
3.13145 0.00140136 14591176 0.00140136
3.14616 0.00144091 14779984 0.00144091
3.16094 0.00148023 14998868 0.00148023
3.17579 0.00151891 15212488 0.00151891
3.1907 0.00155964 15407308 0.00155964
3.20568 0.00160596 15647816 0.00160596
3.22074 0.0016502 15866296 0.0016502
3.23587 0.0016967 16070420 0.0016967
3.25107 0.00174756 16337296 0.00174756
3.26635 0.00179675 16540804 0.00179675
3.28169 0.0018494 16792568 0.0018494
3.2971 0.00190288 16993216 0.00190288
3.31258 0.00195753 17272964 0.00195753
3.32814 0.00201956 17489560 0.00201956
3.34377 0.00208213 17756548 0.00208213
3.35948 0.00214005 17996576 0.00214005
3.37526 0.00220888 18254116 0.00220888
3.39111 0.00227627 18517352 0.00227627
3.40704 0.00234936 18789988 0.00234936
3.42305 0.00242314 19037060 0.00242314
3.43912 0.00250204 19304704 0.00250204
3.45528 0.00257879 19601012 0.00257879
3.47151 0.00266231 19858312 0.00266231
3.48782 0.00275457 20158004 0.00275457
3.5042 0.00284241 20405860 0.00284241
3.52065 0.00294049 20724296 0.00294049
3.53719 0.00303957 21016900 0.00303957
3.5538 0.00314472 21295568 0.00314472
3.5705 0.00325327 21635908 0.00325327
3.58727 0.00336756 21900068 0.00336756
3.60411 0.00348626 22232968 0.00348626
3.62105 0.0036162 22555220 0.0036162
3.63806 0.0037414 22860308 0.0037414
3.65514 0.00387901 23160148 0.00387901
3.6723 0.00402693 23518280 0.00402693
3.68955 0.00417923 23848756 0.00417923
3.70689 0.0043326 24199700 0.0043326
3.7243 0.00450256 24520100 0.00450256
3.7418 0.00467716 24878968 0.00467716
3.75937 0.00486585 25212452 0.00486585
3.77703 0.00505477 25600948 0.00505477
3.79477 0.00526631 25928516 0.00526631
3.81259 0.00548217 26311748 0.00548217
3.8305 0.00570202 26690788 0.00570202
3.84849 0.00594035 27051080 0.00594035
3.86657 0.00620048 27460244 0.00620048
3.88473 0.00646886 27835780 0.00646886
3.90298 0.00674849 28229876 0.00674849
3.92131 0.00705181 28633364 0.00705181
3.93974 0.00735955 29041252 0.00735955
3.95824 0.00769723 29417924 0.00769723
3.97682 0.00805395 29872004 0.00805395
3.9955 0.00842043 30283972 0.00842043
4.01428 0.00882194 30733988 0.00882194
4.03313 0.00924583 31126484 0.00924583
4.05207 0.00968626 31589228 0.00968626
4.07111 0.0101704 32042452 0.0101704
4.09023 0.0106633 32476676 0.0106633
4.10944 0.0111944 32953412 0.0111944
4.12874 0.0117506 33434564 0.0117506
4.14814 0.0123411 33871460 0.0123411
4.16762 0.0129631 34366540 0.0129631
4.18719 0.0136267 34863092 0.0136267
4.20686 0.0143358 35344256 0.0143358
4.22662 0.0150877 35858900 0.0150877
4.24648 0.0158771 36362492 0.0158771
4.26643 0.0167043 36872308 0.0167043
4.28646 0.0175575 37376132 0.0175575
4.30659 0.0185218 37932320 0.0185218
4.32682 0.0194976 38456684 0.0194976
4.34714 0.0205199 38995988 0.0205199
4.36756 0.0216037 39578804 0.0216037
4.38808 0.0227516 40096448 0.0227516
4.40868 0.0239802 40681388 0.0239802
4.42939 0.0252621 41263396 0.0252621
4.4502 0.0266344 41841476 0.0266344
4.4711 0.0280572 42449528 0.0280572
4.49211 0.0295179 43049588 0.0295179
4.51321 0.0311039 43639388 0.0311039
4.53441 0.0327711 44273552 0.0327711
4.55571 0.0344789 44892980 0.0344789
4.5771 0.0362842 45507416 0.0362842
4.5986 0.0381248 46185860 0.0381248
4.6202 0.0400426 46810040 0.0400426
4.6419 0.0420444 47489828 0.0420444
4.66371 0.0439784 48180188 0.0439784
4.68561 0.0460845 48833168 0.0460845
4.70762 0.0480627 49527644 0.0480627
4.72973 0.0501823 50232224 0.0501823
4.75194 0.0521679 50948696 0.0521679
4.77427 0.0543345 51679604 0.0543345
4.79669 0.0563784 52383464 0.0563784
4.81921 131.239 53126678 131.239
4.84183 0.0583506 53356256 0.0583506
4.86457 0.057317 53311656 0.057317
4.88742 0.0565714 53350280 0.0565714
4.91038 0.0560027 53289728 0.0560027
4.93344 0.0556823 53263280 0.0556823
4.95661 0.0554693 53239808 0.0554693
4.9799 0.0554013 53192360 0.0554013
5.00329 0.0555001 53114120 0.0555001
5.02679 0.0556668 53065040 0.0556668
5.0504 0.0559151 52986480 0.0559151
5.07412 0.0562693 52907528 0.0562693
5.09795 0.0567152 52825088 0.0567152
5.1219 0.0572648 52720952 0.0572648
5.14595 0.0578236 52599200 0.0578236
5.17012 0.0585469 52508184 0.0585469
5.19441 0.0593026 52357832 0.0593026
5.21881 0.0601097 52232192 0.0601097
5.24332 0.0609951 52081856 0.0609951
5.26795 0.0619666 51935472 0.0619666
5.29269 0.0629472 51724520 0.0629472
5.31755 0.0640417 51592832 0.0640417
5.34253 0.0651607 51378792 0.0651607
5.36762 0.0663824 51154352 0.0663824
5.39283 0.0676673 50979176 0.0676673
5.41816 0.069038 50746656 0.069038
5.44362 0.0704373 50500448 0.0704373
5.46918 0.0719324 50244248 0.0719324
5.49487 0.0734871 49981320 0.0734871
5.52068 0.0751583 49712384 0.0751583
5.54661 0.0769152 49412456 0.0769152
5.57266 0.0787363 49116408 0.0787363
5.59883 0.0807162 48784136 0.0807162
5.62513 0.082772 48474960 0.082772
5.65155 0.0849324 48128672 0.0849324
5.67809 0.0872242 47753960 0.0872242
5.70476 0.0896251 47394648 0.0896251
5.73156 0.0921654 46996976 0.0921654
5.75848 0.0949019 46584648 0.0949019
5.78553 0.0977183 46201928 0.0977183
5.81271 0.100668 45725976 0.100668
5.84 0.103928 45269696 0.103928
5.86743 0.107172 44820024 0.107172
5.89499 0.110731 44321144 0.110731
5.92268 0.114462 43831200 0.114462
5.9505 0.118246 43291032 0.118246
5.97844 0.122265 42744464 0.122265
6.00652 0.126436 42202344 0.126436
6.03474 0.130754 41631128 0.130754
6.06308 0.135255 41009256 0.135255
6.09156 0.139915 40409472 0.139915
6.12017 0.144688 39766712 0.144688
6.14891 0.149543 39105696 0.149543
6.17779 0.154405 38434392 0.154405
6.20681 0.159496 37723472 0.159496
6.23596 0.164177 37005672 0.164177
6.26525 0.169252 36271560 0.169252
6.29467 0.173965 35499200 0.173965
6.32424 0.178614 34708464 0.178614
6.35394 0.183377 33906456 0.183377
6.38378 0.187521 33059312 0.187521
6.41376 0.191455 32198328 0.191455
6.44388 0.195475 31318776 0.195475
6.47415 0.198808 30415728 0.198808
6.50455 0.201517 29472264 0.201517
6.5351 0.203543 28511192 0.203543
6.56579 0.204383 27524664 0.204383
6.59662 0.204434 26504592 0.204434
6.6276 0.203474 25462536 0.203474
6.65872 0.201637 24397440 0.201637
6.68999 0.199034 23299320 0.199034
6.72141 0.196329 22163904 0.196329
6.75296 0.194507 21001304 0.194507
6.78467 0.194868 19822752 0.194868
6.81652 897.574 18602946 897.574
6.84856 0.203177 17474436 0.203177
6.88073 0.210105 16479060 0.210105
6.91305 0.218465 15577944 0.218465
6.94552 0.228415 14714904 0.228415
6.97814 0.239648 13916868 0.239648
7.01093 0.252826 13144908 0.252826
7.04385 0.267581 12409932 0.267581
7.07693 0.284147 11703048 0.284147
7.11016 0.30282 11037708 0.30282
7.14356 0.323446 10385856 0.323446
7.17711 0.346181 9767380 0.346181
7.21082 0.372032 9170244 0.372032
7.24468 0.399925 8588904 0.399925
7.27871 0.43119 8041740 0.43119
7.31289 0.465513 7501548 0.465513
7.34723 0.503786 6992244 0.503786
7.38174 0.545562 6500076 0.545562
7.41641 0.589995 6021808 0.589995
7.45123 0.639616 5567040 0.639616
7.48622 0.693218 5132964 0.693218
7.52138 0.747973 4711008 0.747973
7.55668 0.80686 4308700 0.80686
7.59215 0.869677 3928644 0.869677
7.62781 0.930539 3564360 0.930539
7.66364 0.994419 3216708 0.994419
7.69963 1.05391 2884024 1.05391
7.73577 1.10866 2571756 1.10866
7.77208 1.15606 2275272 1.15606
7.80856 1.19243 1998952 1.19243
7.84519 1.21692 1735692 1.21692
7.88195 1.22785 1493536 1.22785
7.91894 1.2234 1272552 1.2234
7.95615 1.1804 1065132 1.1804
7.99345 1.12953 870088 1.12953
8.03087 1.05853 703380 1.05853
8.06861 0.965946 551260 0.965946
8.1063 0.854238 409752 0.854238
8.14415 0.74742 301540 0.74742
8.18252 0.633637 201084 0.633637
8.22015 0.52335 118588 0.52335
8.25771 0.44761 65076 0.44761
8.29571 0.383288 23452 0.383288
8.32962 0.363083 3120 0.363083
8.35799 7.43339e+09 2 7.43339e+09
