# in Mpc/h Units 
# D1 = 0.0448927 
# k P N P(z=0)
0.00628319 0.369403 6 183.294
0.00888577 0.445126 12 220.867
0.0108828 0.48232 8 239.322
0.0125664 0.504496 6 250.326
0.0140496 0.512714 24 254.403
0.0153906 0.517013 24 256.537
0.0177715 0.514877 12 255.476
0.0188496 0.510084 30 253.099
0.0198692 0.505106 24 250.629
0.020839 0.498283 24 247.243
0.0217656 0.491044 8 243.651
0.0226543 0.483381 24 239.848
0.0235095 0.47526 48 235.819
0.0251327 0.460008 6 228.251
0.0259062 0.450621 48 223.594
0.0266573 0.442353 36 219.491
0.0273878 0.434293 24 215.492
0.0280993 0.426167 24 211.46
0.0287932 0.41842 48 207.615
0.0294708 0.410595 24 203.733
0.0307812 0.395834 24 196.409
0.0314159 0.388924 30 192.98
0.0320381 0.382022 72 189.555
0.0326484 0.375293 32 186.216
0.033836 0.362653 72 179.945
0.0344144 0.356661 48 176.972
0.0355431 0.345264 12 171.316
0.0360942 0.340013 48 168.711
0.036637 0.33491 48 166.179
0.0371718 0.329859 48 163.673
0.0376991 0.325018 30 161.27
0.0382191 0.320584 24 159.07
0.0387322 0.31608 72 156.836
0.0397384 0.307559 24 152.608
0.040232 0.303689 96 150.687
0.0407197 0.29989 48 148.803
0.0412016 0.29628 24 147.011
0.0416779 0.292746 24 145.257
0.0421489 0.289359 72 143.577
0.0426146 0.286132 48 141.976
0.0435312 0.280367 8 139.115
0.0439823 0.277113 54 137.501
0.0444288 0.274511 84 136.21
0.0448709 0.271904 48 134.916
0.0453087 0.269215 24 133.582
0.0457423 0.266803 72 132.385
0.0461718 0.264527 96 131.256
0.0470191 0.260084 48 129.051
0.047437 0.257941 48 127.987
0.0478513 0.256046 24 127.047
0.0482621 0.253949 72 126.007
0.0490732 0.250429 72 124.26
0.0494739 0.248585 96 123.345
0.0502655 0.243025 6 120.586
0.0506567 0.243823 96 120.982
0.0510448 0.242261 96 120.207
0.0514301 0.240968 24 119.566
0.0518125 0.239656 48 118.915
0.0521921 0.238255 96 118.22
0.0525689 0.236824 48 117.509
0.0533146 0.234274 36 116.245
0.0536836 0.233145 48 115.684
0.05405 0.231854 120 115.044
0.054414 0.230917 56 114.579
0.0547755 0.229734 24 113.992
0.0551347 0.228723 96 113.49
0.0554916 0.227595 48 112.93
0.0561985 0.225717 24 111.999
0.0565487 0.224589 102 111.439
0.0568967 0.223809 48 111.052
0.0572425 0.222884 72 110.593
0.0575863 0.221899 48 110.104
0.0579281 0.22109 48 109.702
0.0582679 0.220048 120 109.186
0.0589415 0.218415 24 108.375
0.0592755 0.217617 144 107.98
0.0596075 0.216731 120 107.54
0.0599378 0.215822 48 107.089
0.0605928 0.214464 48 106.415
0.0609177 0.213655 96 106.013
0.0615624 0.211911 24 105.148
0.0618822 0.211386 48 104.888
0.0622004 0.210699 108 104.546
0.0625169 0.209847 72 104.124
0.0628319 0.209304 30 103.855
0.0631452 0.208351 168 103.381
0.0634571 0.207651 48 103.034
0.0640762 0.206084 72 102.257
0.0643835 0.205391 96 101.913
0.0646894 0.204776 72 101.608
0.0649938 0.204036 72 101.241
0.0652968 0.203142 32 100.797
0.0655984 0.202423 72 100.44
0.0658986 0.201821 144 100.141
0.0667912 0.199463 96 98.9714
0.0670861 0.198722 96 98.604
0.0673797 0.198214 48 98.3515
0.067672 0.197381 72 97.9383
0.067963 0.19661 120 97.5561
0.0682529 0.195895 72 97.2012
0.0688288 0.194462 48 96.4901
0.069115 0.193785 78 96.1539
0.0694001 0.192755 120 95.6432
0.0696839 0.192301 48 95.4178
0.0702481 0.190602 144 94.5749
0.0705286 0.189904 144 94.2283
0.0710861 0.188343 12 93.454
0.0713633 0.1876 144 93.085
0.0716393 0.186794 48 92.6854
0.0719926 0.185869 168 92.2264
0.0724612 0.184465 48 91.5296
0.0727331 0.183722 168 91.161
0.0734532 0.181747 144 90.1811
0.0738107 0.18057 96 89.5969
0.0740777 0.179897 72 89.2632
0.0743437 0.178993 48 88.8142
0.0746967 0.177935 144 88.2896
0.0753982 0.175675 30 87.168
0.0758332 0.174477 288 86.5735
0.0761796 0.173373 56 86.026
0.0766638 0.171975 192 85.3324
0.076953 0.171145 120 84.9204
0.0776339 0.168935 216 83.824
0.0779723 0.16798 96 83.3498
0.078225 0.166955 96 82.8411
0.0787281 0.165547 72 82.1429
0.0789784 0.164692 96 81.7186
0.0794767 0.163034 24 80.896
0.0798137 0.162033 300 80.3993
0.0802183 0.160795 24 79.7848
0.0805865 0.159607 192 79.1952
0.0809532 0.158341 120 78.5671
0.0814394 0.156929 48 77.8666
0.0818379 0.155649 222 77.2314
0.0821633 0.154386 120 76.6049
0.0826125 0.153058 192 75.946
0.0828809 0.152229 144 75.5346
0.0833559 0.150507 24 74.6803
0.0837495 0.14951 144 74.1855
0.0840633 0.148413 120 73.6409
0.0844439 0.147226 192 73.0518
0.0847648 0.146276 144 72.5804
0.0852293 0.14478 48 71.8381
0.0855594 0.143672 336 71.2886
0.0859213 0.142504 48 70.709
0.0864252 0.141014 240 69.9696
0.0870624 0.139109 8 69.0246
0.0872888 0.138251 48 68.5985
0.087579 0.137477 336 68.2145
0.0881192 0.135914 174 67.4393
0.0884123 0.135027 120 66.999
0.0889978 0.133288 228 66.136
0.089427 0.131943 168 65.469
0.0898883 0.130726 144 64.8647
0.0901807 0.129801 240 64.4058
0.0906174 0.128799 24 63.9089
0.090897 0.127879 336 63.4522
0.0913765 0.126466 144 62.751
0.0917922 0.125407 168 62.2257
0.0923436 0.123845 96 61.4506
0.0926754 0.123039 216 61.0506
0.0932651 0.121525 288 60.2995
0.0936174 0.120617 144 59.8491
0.0941969 0.119106 198 59.0992
0.094573 0.118187 216 58.6434
0.0950225 0.11717 168 58.1386
0.0952892 0.116503 240 57.8078
0.0958792 0.115088 168 57.1055
0.0962314 0.114318 336 56.7236
0.0968099 0.113033 240 56.0856
0.097638 0.1113 276 55.226
0.0981837 0.110114 344 54.6372
0.0985479 0.109462 144 54.314
0.0990673 0.10838 240 53.7769
0.0994528 0.107635 312 53.4075
0.100098 0.106302 240 52.746
0.100531 0.105193 6 52.1957
0.100874 0.104992 384 52.096
0.101448 0.104031 312 51.6191
0.101924 0.103285 168 51.2488
0.102421 0.102365 336 50.7922
0.102983 0.101465 336 50.3457
0.103243 0.101128 192 50.1786
0.103879 0.100142 288 49.6893
0.104279 0.0996979 216 49.4691
0.104705 0.0990024 240 49.124
0.105349 0.0981161 384 48.6842
0.1057 0.0975435 72 48.4001
0.106152 0.0970818 336 48.171
0.106914 0.0961553 378 47.7113
0.107244 0.09568 144 47.4754
0.107631 0.095402 384 47.3375
0.10826 0.0946198 384 46.9494
0.108777 0.0940631 344 46.6731
0.10919 0.0936414 144 46.4639
0.109816 0.0930558 456 46.1733
0.110311 0.0926104 312 45.9523
0.110746 0.0921166 144 45.7073
0.111354 0.0916079 552 45.4549
0.111965 0.0910676 264 45.1868
0.112557 0.0905558 264 44.9328
0.112926 0.0903216 294 44.8166
0.113378 0.0899914 432 44.6528
0.113986 0.0894793 432 44.3987
0.114516 0.0891415 264 44.2311
0.114915 0.0887773 192 44.0504
0.115567 0.0884031 468 43.8647
0.116093 0.0880368 552 43.683
0.116705 0.0876445 336 43.4883
0.117239 0.0872468 288 43.291
0.117777 0.0869309 456 43.1342
0.118366 0.0865555 432 42.948
0.118788 0.0862205 168 42.7817
0.119469 0.0858451 566 42.5955
0.120077 0.0855238 432 42.436
0.120751 0.0850725 432 42.2121
0.121153 0.0847908 360 42.0723
0.121711 0.0844667 624 41.9115
0.122203 0.0840839 264 41.7216
0.122718 0.0839234 360 41.6419
0.123453 0.0834188 456 41.3915
0.123969 0.0831035 504 41.2351
0.12467 0.082677 564 41.0235
0.12526 0.0822628 384 40.818
0.125876 0.0818492 462 40.6127
0.126429 0.0815323 624 40.4555
0.127121 0.0810518 432 40.2171
0.127677 0.0806153 624 40.0005
0.128318 0.0801769 312 39.783
0.128807 0.0798616 552 39.6265
0.129504 0.0793278 408 39.3617
0.129878 0.0790803 600 39.2388
0.130701 0.0784158 608 38.9091
0.131297 0.077971 504 38.6884
0.131933 0.0774785 510 38.444
0.13258 0.0769466 600 38.1801
0.133214 0.0764367 492 37.9271
0.133672 0.0760817 552 37.751
0.134446 0.0753964 696 37.4109
0.13492 0.0749161 504 37.1726
0.135589 0.0744333 528 36.933
0.136149 0.0738862 624 36.6616
0.136788 0.073331 504 36.3861
0.137489 0.0726887 552 36.0674
0.138157 0.0720167 654 35.734
0.138792 0.0714114 840 35.4336
0.139482 0.0707245 744 35.0928
0.140148 0.0700757 456 34.7708
0.140735 0.0695408 648 34.5054
0.141506 0.0687466 896 34.1114
0.142105 0.068176 396 33.8282
0.142726 0.0674736 816 33.4797
0.14348 0.0667565 672 33.1239
0.144008 0.0662162 552 32.8558
0.14474 0.0654921 894 32.4965
0.145447 0.0648053 672 32.1557
0.146112 0.0641463 624 31.8287
0.146784 0.0634898 888 31.503
0.147376 0.0628674 720 31.1942
0.148179 0.0621059 936 30.8163
0.148977 0.0612978 648 30.4153
0.149637 0.0606377 936 30.0878
0.150285 0.0600287 696 29.7856
0.151106 0.0592377 618 29.3931
0.151697 0.0587035 1008 29.1281
0.15237 0.0581166 872 28.8368
0.153147 0.0573654 960 28.4641
0.153934 0.0566993 888 28.1336
0.154569 0.0561273 648 27.8498
0.155288 0.0555682 840 27.5724
0.155941 0.0549581 912 27.2696
0.156682 0.0544146 774 27
0.157451 0.0538142 1272 26.702
0.158249 0.0531904 912 26.3925
0.159019 0.0526088 864 26.1039
0.159745 0.0520946 924 25.8488
0.160428 0.0516214 1080 25.614
0.161255 0.0510482 1008 25.3296
0.161989 0.0506037 1128 25.1091
0.162879 0.0500521 768 24.8353
0.1635 0.0497021 1046 24.6617
0.164304 0.0492453 1152 24.435
0.16512 0.048789 1272 24.2086
0.165918 0.0483637 912 23.9976
0.166638 0.0480201 1200 23.8271
0.167465 0.0476063 1080 23.6218
0.1681 0.0472928 840 23.4662
0.169017 0.0469021 1332 23.2723
0.169783 0.0465666 1062 23.1058
0.170536 0.0462856 1320 22.9665
0.17142 0.0459002 1248 22.7752
0.172167 0.0456407 1104 22.6464
0.173001 0.0453583 1392 22.5063
0.173739 0.0450908 776 22.3736
0.174601 0.0448314 1728 22.2449
0.175449 0.0445472 1224 22.1039
0.17633 0.0443259 1254 21.994
0.177179 0.0440779 1368 21.871
0.177982 0.0438299 1236 21.748
0.178748 0.0436627 1608 21.665
0.179662 0.0433695 1008 21.5195
0.180329 0.0431902 1488 21.4305
0.181298 0.0429405 1440 21.3066
0.182161 0.0427165 1158 21.1955
0.182962 0.0425788 1824 21.1271
0.183819 0.0422947 1464 20.9862
0.184763 0.0420911 1448 20.8852
0.18557 0.0419427 1560 20.8115
0.186484 0.0416597 1428 20.6711
0.187347 0.0414443 1680 20.5642
0.188277 0.0412502 1494 20.4679
0.189164 0.0410021 1944 20.3448
0.190083 0.0407437 1368 20.2166
0.190912 0.0404699 1584 20.0808
0.191791 0.0402468 1776 19.97
0.192627 0.0399882 1440 19.8417
0.19355 0.0396912 1968 19.6943
0.194476 0.0394079 1374 19.5538
0.195383 0.0391616 2100 19.4316
0.196314 0.0388305 1640 19.2673
0.19731 0.0384882 2496 19.0975
0.198246 0.038212 1248 18.9604
0.198969 0.037922 1512 18.8165
0.200004 0.037558 2280 18.6359
0.200981 0.0371957 1926 18.4561
0.201907 0.0368434 2064 18.2813
0.202923 0.0364498 1920 18.086
0.203766 0.0361412 1944 17.9329
0.204817 0.0357471 2172 17.7373
0.205802 0.0353705 2256 17.5505
0.206744 0.0350394 1736 17.3862
0.207695 0.0346771 2094 17.2064
0.208661 0.0342653 2328 17.0021
0.209635 0.0339092 2256 16.8254
0.210605 0.0335191 1920 16.6318
0.211552 0.0331353 2520 16.4414
0.212598 0.032778 2088 16.2641
0.213716 0.0323611 2634 16.0572
0.214685 0.0319996 2328 15.8778
0.215636 0.0316412 2304 15.7
0.2167 0.0312881 2568 15.5248
0.217712 0.0308952 2024 15.3299
0.21856 0.0305865 2352 15.1767
0.21964 0.0302728 2718 15.021
0.220689 0.0299674 2520 14.8695
0.221792 0.0295843 2772 14.6794
0.222806 0.029295 2640 14.5359
0.223891 0.028975 2880 14.3771
0.224992 0.0286794 2448 14.2304
0.225967 0.0283871 2478 14.0854
0.226978 0.0281472 2904 13.9663
0.228073 0.0278483 2816 13.818
0.229091 0.0276221 3024 13.7058
0.230305 0.0273425 2952 13.5671
0.231358 0.0271055 2796 13.4494
0.232405 0.0269017 2982 13.3483
0.23355 0.0266906 3312 13.2436
0.234601 0.026471 2688 13.1346
0.235688 0.0262614 3144 13.0306
0.236855 0.0260635 3672 12.9324
0.237877 0.0258916 2328 12.8471
0.239086 0.025699 4046 12.7516
0.240233 0.025507 2844 12.6563
0.241291 0.0253453 3600 12.5761
0.242431 0.025188 3264 12.498
0.243572 0.025032 3288 12.4206
0.244685 0.0248399 3198 12.3253
0.245798 0.0247029 3864 12.2573
0.246976 0.0245468 3456 12.1799
0.248127 0.0243649 3744 12.0896
0.24936 0.0241994 3876 12.0075
0.250523 0.0240498 3392 11.9333
0.251669 0.0239017 3918 11.8598
0.252872 0.0237144 3864 11.7668
0.254083 0.023569 4104 11.6947
0.255199 0.0233997 3480 11.6107
0.256387 0.0232455 4080 11.5342
0.257664 0.0230183 4170 11.4214
0.258855 0.0228676 4176 11.3467
0.26008 0.0226587 4560 11.243
0.261336 0.0224672 3656 11.148
0.262469 0.022281 4344 11.0556
0.263809 0.0220609 4830 10.9464
0.265071 0.0218624 4416 10.8479
0.266256 0.0216318 3876 10.7335
0.267421 0.0214518 4752 10.6442
0.268761 0.0212432 4968 10.5407
0.2701 0.0210029 4494 10.4214
0.27124 0.0207989 4200 10.3202
0.272568 0.0205646 5792 10.204
0.273851 0.0203698 4224 10.1073
0.275155 0.0201325 5220 9.98954
0.276427 0.0199211 4590 9.88464
0.277657 0.0197123 5328 9.78104
0.27902 0.0194686 5304 9.66013
0.280352 0.0192507 5040 9.552
0.281565 0.0190555 4920 9.45514
0.282918 0.0188417 5750 9.34906
0.284302 0.0186342 5388 9.24609
0.285589 0.0184281 5784 9.14383
0.286971 0.0182652 5400 9.063
0.288304 0.0180443 5640 8.95342
0.289695 0.017856 5934 8.85998
0.291035 0.0176887 6120 8.77693
0.292425 0.0175126 5544 8.68957
0.293779 0.0173453 6164 8.60654
0.295153 0.0172034 5838 8.53613
0.296461 0.0170647 6144 8.46732
0.297907 0.0168875 6288 8.37939
0.299258 0.0167388 6576 8.30562
0.300748 0.0165811 6504 8.22736
0.302188 0.0164548 6594 8.16469
0.30361 0.0163191 7008 8.09738
0.305003 0.0161708 6200 8.0238
0.306412 0.0160635 6768 7.97053
0.307876 0.0159334 7182 7.90597
0.309298 0.0157998 6864 7.83969
0.310761 0.0156839 7308 7.78217
0.312204 0.0155554 6744 7.71842
0.313652 0.0154458 7686 7.66403
0.315175 0.0153469 7280 7.61499
0.31662 0.0152189 7920 7.55146
0.318151 0.0150585 7560 7.47188
0.319599 0.0149459 6948 7.41598
0.321058 0.0148239 8430 7.35545
0.322645 0.0146934 8328 7.29073
0.324166 0.0145729 7824 7.23092
0.32568 0.0144354 8160 7.16272
0.327167 0.0143141 8030 7.10252
0.328774 0.0141758 9372 7.0339
0.330313 0.0140404 7968 6.96669
0.331826 0.0138845 8568 6.88935
0.333427 0.0137701 8934 6.83256
0.334947 0.01362 8952 6.75811
0.336524 0.0134859 8880 6.69154
0.338146 0.0133236 9548 6.61101
0.339739 0.0132109 9126 6.55513
0.341313 0.0130477 9384 6.47415
0.342874 0.0129225 9288 6.412
0.344468 0.0127885 9792 6.34551
0.346116 0.0126464 9570 6.275
0.34771 0.012515 10376 6.20983
0.349362 0.0123756 10152 6.14063
0.351033 0.0122549 9960 6.08075
0.352646 0.0121388 10782 6.02312
0.354377 0.0120196 10992 5.96399
0.356063 0.0118933 10452 5.90134
0.357696 0.0117668 10806 5.83859
0.359426 0.0116522 11312 5.78168
0.361079 0.0115424 11112 5.72722
0.362754 0.0114333 10848 5.67311
0.364449 0.0113118 11394 5.61278
0.366133 0.0112259 11952 5.57018
0.367846 0.011148 11352 5.53152
0.369601 0.011018 12584 5.46704
0.371397 0.0109342 12390 5.42545
0.373143 0.0108184 12252 5.36797
0.374848 0.0107266 12240 5.32244
0.37663 0.0106402 12486 5.27954
0.378363 0.010541 13080 5.23034
0.380139 0.0104523 12968 5.18632
0.381916 0.0103624 12612 5.14171
0.38369 0.0102737 13974 5.09773
0.385541 0.0101866 13944 5.05449
0.387327 0.0100752 12840 4.99922
0.3891 0.00998733 14358 4.95561
0.390994 0.009901 14588 4.91278
0.392843 0.00980049 14688 4.8629
0.394661 0.00968971 13560 4.80793
0.396505 0.00961158 15582 4.76917
0.398367 0.0095092 14544 4.71837
0.400233 0.00942861 15420 4.67838
0.402152 0.00931412 15614 4.62157
0.40399 0.00924126 14880 4.58542
0.405874 0.00913256 16728 4.53148
0.407843 0.0090343 15690 4.48272
0.409716 0.0089392 16248 4.43554
0.411602 0.00887501 16584 4.40369
0.413596 0.00876448 16904 4.34885
0.415548 0.00868702 17430 4.31041
0.417499 0.00858847 16908 4.26151
0.419429 0.00849141 17640 4.21335
0.421439 0.00840512 17550 4.17053
0.4234 0.00833442 18696 4.13546
0.425408 0.00824109 17792 4.08914
0.42739 0.00815905 18138 4.04844
0.42937 0.00808316 19392 4.01078
0.431414 0.00800506 18768 3.97203
0.433421 0.00792042 19038 3.93003
0.435438 0.0078509 19460 3.89554
0.437444 0.00778694 19992 3.8638
0.4396 0.00768973 21174 3.81556
0.441671 0.00762707 20040 3.78447
0.443727 0.00757084 20628 3.75657
0.445802 0.00748962 20798 3.71627
0.447878 0.0074329 21480 3.68813
0.449991 0.00734477 21792 3.6444
0.452114 0.00728242 21414 3.61346
0.454235 0.00721469 23100 3.57985
0.456374 0.00714662 21992 3.54608
0.458534 0.00706514 23406 3.50565
0.460666 0.00700733 22536 3.47697
0.46284 0.00691698 24348 3.43213
0.465042 0.0068588 23598 3.40327
0.467214 0.00679866 24224 3.37342
0.469406 0.00670451 24648 3.32671
0.471626 0.00665416 24618 3.30173
0.473743 0.00658927 24192 3.26953
0.475977 0.00651865 26208 3.23449
0.478226 0.00644958 25790 3.20021
0.480485 0.00638811 26916 3.16972
0.482752 0.00633358 26214 3.14266
0.485019 0.00625896 27528 3.10563
0.487306 0.00619847 27720 3.07562
0.48961 0.0061316 27122 3.04244
0.491868 0.00608425 28632 3.01894
0.494198 0.00602771 28680 2.99089
0.496522 0.00596025 28722 2.95742
0.498833 0.00590482 30000 2.92991
0.501204 0.00583172 29408 2.89364
0.50355 0.00578346 30678 2.86969
0.505916 0.00571921 30660 2.83781
0.508313 0.00566875 31494 2.81277
0.510704 0.00560675 31448 2.78201
0.513084 0.00556241 32160 2.76001
0.515543 0.00550082 33090 2.72945
0.51795 0.00545214 32664 2.70529
0.520364 0.00538979 32718 2.67436
0.522793 0.00534452 34472 2.6519
0.52526 0.00529966 34260 2.62964
0.527713 0.00525167 34302 2.60583
0.530156 0.00519902 35472 2.5797
0.532669 0.00513469 36020 2.54778
0.535188 0.0050979 36942 2.52953
0.5377 0.0050338 36360 2.49772
0.540241 0.00498989 38166 2.47593
0.542756 0.00494117 36804 2.45176
0.545284 0.00488607 38864 2.42442
0.54787 0.00482277 39366 2.39301
0.550466 0.00477318 40068 2.3684
0.553028 0.00474347 38910 2.35366
0.555606 0.00468096 41360 2.32264
0.558224 0.00463626 40782 2.30046
0.56083 0.00460599 42204 2.28544
0.56345 0.00456082 41544 2.26303
0.566114 0.00450408 44510 2.23488
0.568794 0.00447184 42948 2.21888
0.57145 0.0044199 44478 2.19311
0.574166 0.00437089 46032 2.16879
0.576877 0.00432939 44402 2.1482
0.57954 0.00428587 46320 2.1266
0.582264 0.00424764 46848 2.10764
0.585017 0.004204 47814 2.08598
0.587762 0.00416287 48260 2.06557
0.590569 0.00411531 49758 2.04197
0.593327 0.00408436 49032 2.02662
0.596104 0.00404161 49770 2.0054
0.598885 0.00400416 51056 1.98682
0.601688 0.00396811 51504 1.96893
0.60453 0.00392566 52866 1.94787
0.607362 0.00388319 52848 1.9268
0.610229 0.0038549 54542 1.91276
0.613094 0.00380999 54276 1.89048
0.615957 0.00377382 55062 1.87253
0.618839 0.00373719 56568 1.85436
0.62177 0.00370282 57266 1.8373
0.624688 0.00366593 58056 1.819
0.627616 0.00362336 57750 1.79787
0.630554 0.00359421 60380 1.78341
0.633541 0.0035531 60390 1.76301
0.63652 0.00351939 61608 1.74629
0.639512 0.00347825 61362 1.72587
0.64251 0.00345341 63752 1.71354
0.64554 0.00342134 63528 1.69764
0.648554 0.00338795 64050 1.68107
0.651549 0.00335325 64784 1.66385
0.654649 0.00332546 68814 1.65006
0.657741 0.00329483 66156 1.63486
0.66081 0.0032688 68718 1.62195
0.663899 0.00323799 69104 1.60666
0.667047 0.00319778 71682 1.5867
0.670183 0.00316536 70512 1.57062
0.673306 0.00313254 72278 1.55433
0.676483 0.00310138 74532 1.53888
0.679687 0.00308119 74454 1.52886
0.682871 0.00305321 75540 1.51497
0.686079 0.00301575 76526 1.49638
0.689314 0.00299672 78648 1.48694
0.692548 0.00296491 77370 1.47116
0.695723 0.00293604 78272 1.45683
0.698997 0.00291388 82710 1.44584
0.702314 0.00287507 82146 1.42658
0.705609 0.00285754 83712 1.41788
0.708938 0.00282348 84710 1.40098
0.712273 0.00280164 86172 1.39015
0.715624 0.00277775 86406 1.37829
0.718964 0.00275418 88244 1.3666
0.722353 0.00271997 89670 1.34962
0.725741 0.0026948 90792 1.33713
0.729184 0.00268024 93194 1.32991
0.732605 0.00264652 92352 1.31318
0.736035 0.0026287 94914 1.30433
0.739481 0.00260357 95504 1.29186
0.742951 0.00258357 97230 1.28194
0.746441 0.00255512 98802 1.26782
0.749957 0.00253773 100952 1.25919
0.753469 0.00251614 99990 1.24848
0.756983 0.00248571 103356 1.23338
0.760565 0.00246786 105014 1.22453
0.764149 0.00244345 106548 1.21242
0.767736 0.0024195 106302 1.20053
0.771306 0.00240326 108002 1.19247
0.774926 0.00238421 111696 1.18302
0.778598 0.00236057 112158 1.17129
0.782245 0.0023403 113300 1.16123
0.785923 0.00232351 115302 1.1529
0.789616 0.00229654 117396 1.13952
0.793312 0.00228051 117158 1.13156
0.797042 0.00226468 121470 1.12371
0.800776 0.00224073 120660 1.11183
0.804553 0.00222583 125030 1.10443
0.808343 0.00220209 125388 1.09266
0.812158 0.00219014 128094 1.08672
0.815959 0.00216765 127058 1.07557
0.819781 0.00215313 132336 1.06836
0.823648 0.00212476 132006 1.05428
0.827505 0.00211838 134162 1.05112
0.8314 0.00210109 137760 1.04254
0.835324 0.00208434 137802 1.03423
0.839214 0.00207045 139016 1.02734
0.843171 0.00205103 144354 1.0177
0.847141 0.00203582 142814 1.01015
0.851084 0.00201971 145932 1.00216
0.855081 0.00200463 148206 0.994679
0.859091 0.00198855 150566 0.986696
0.863128 0.00197743 152820 0.98118
0.867194 0.00196283 155142 0.973935
0.87127 0.00194097 157220 0.963091
0.875368 0.00192745 159198 0.95638
0.879473 0.00192004 160994 0.952705
0.883606 0.00189779 164544 0.941662
0.887753 0.00188747 165282 0.936544
0.891919 0.00187389 168350 0.929806
0.896109 0.00186774 171660 0.926753
0.900336 0.00184946 173622 0.917682
0.904563 0.00184077 175034 0.913369
0.908805 0.00182196 178512 0.904038
0.913051 0.00181434 178646 0.900259
0.917348 0.00180215 185466 0.89421
0.921672 0.00178788 185382 0.88713
0.925992 0.00177809 188252 0.882272
0.930354 0.00176927 192126 0.877891
0.93473 0.00175296 193562 0.869802
0.939107 0.00175274 196176 0.869691
0.943526 0.00173523 200130 0.861002
0.947959 0.00171826 201326 0.852583
0.952394 0.00172256 204972 0.854717
0.956874 0.00170718 208406 0.847084
0.961345 0.00169531 208362 0.841194
0.965874 0.00168572 217662 0.836437
0.970451 0.00168292 217124 0.835049
0.974982 0.00166694 217446 0.82712
0.979556 0.00165963 224690 0.823494
0.984147 0.00164579 224058 0.816625
0.988771 0.00164549 231848 0.816476
0.993453 0.00163563 233994 0.811584
0.998112 0.00163039 234198 0.808984
1.00278 0.00161983 239708 0.803744
1.00751 0.00160856 243630 0.798151
1.01226 0.00160553 247010 0.796645
1.01699 0.00159575 246414 0.791796
1.02174 0.00159203 253772 0.78995
1.02654 0.00158981 256902 0.78885
1.03137 0.00157568 261066 0.781834
1.03624 0.00157181 265958 0.779917
1.0411 0.00156909 265098 0.778566
1.04596 0.00155182 271424 0.769998
1.05088 0.00155091 276858 0.769547
1.05585 0.0015517 281186 0.769937
1.06082 0.0015541 282918 0.771128
1.06577 0.00153859 285146 0.763431
1.07077 0.00153283 293280 0.760575
1.07581 0.00153106 294602 0.759695
1.08087 0.00152939 301278 0.758868
1.08595 0.00152552 302954 0.756947
1.09104 0.00152282 307674 0.755606
1.09614 0.00151526 310560 0.751859
1.1013 0.00151556 320834 0.752004
1.1065 0.00151085 321582 0.749669
1.1117 0.0015113 325226 0.749892
1.11691 0.0015007 331422 0.744634
1.12216 0.00150679 335066 0.747654
1.12744 0.00150126 341340 0.744909
1.13272 0.00149685 342038 0.742721
1.13803 0.00149703 351354 0.742809
1.14339 0.00150108 355478 0.744822
1.14877 0.00149548 360066 0.742039
1.15416 0.00149607 364634 0.742333
1.15957 0.00149898 369072 0.74378
1.16503 0.0014949 377642 0.741754
1.17053 0.00149569 382074 0.742148
1.17602 0.0014996 384014 0.744085
1.18154 0.00149917 393066 0.743874
1.18707 0.00150243 393950 0.745491
1.19264 0.0015053 404154 0.746914
1.19826 0.00150181 409178 0.745183
1.20388 0.00150742 413334 0.747968
1.20954 0.00150743 421196 0.747972
1.21521 0.00151051 422658 0.749498
1.22091 0.00151413 434990 0.751296
1.22666 0.00152252 437442 0.755458
1.23241 0.00151904 443066 0.75373
1.2382 0.00152411 452150 0.75625
1.24401 0.0015305 455538 0.75942
1.24985 0.00152923 463382 0.758789
1.25571 0.00153338 468666 0.760845
1.26162 0.00153938 479642 0.763823
1.26756 0.00154509 482814 0.766659
1.2735 0.00154553 489386 0.766878
1.27948 0.00155694 498642 0.772536
1.2855 0.00155545 503450 0.771797
1.29154 0.00156609 512838 0.77708
1.29761 0.00157157 517586 0.779797
1.30369 0.00157859 524372 0.783281
1.3098 0.0015784 534270 0.783187
1.31596 0.00159537 540386 0.791604
1.32215 0.0016043 550938 0.796035
1.32836 0.00161395 554270 0.800824
1.33459 0.00161892 564978 0.803293
1.34087 0.00162426 574370 0.805942
1.34718 0.00164032 579614 0.813911
1.3535 0.00164406 587778 0.815765
1.35985 0.00165541 596978 0.821399
1.36624 0.00166935 606570 0.828316
1.37267 0.00167418 613982 0.830712
1.37911 0.00169037 621200 0.838746
1.38558 0.00170039 631386 0.843716
1.39208 0.00171045 640418 0.848708
1.39864 0.00172395 651870 0.855407
1.40521 0.00173867 657770 0.86271
1.4118 0.00174793 667082 0.867307
1.41842 0.00176416 675810 0.875356
1.42509 0.00177199 689318 0.879242
1.4318 0.00178599 698754 0.886189
1.43854 0.00180822 706922 0.897219
1.44529 0.00181574 715562 0.900949
1.45208 0.00183201 727662 0.909024
1.45889 0.00185016 734426 0.918032
1.46572 0.00185826 745746 0.922052
1.4726 0.00187957 759698 0.932626
1.47952 0.00190359 768140 0.944541
1.48647 0.00191768 778770 0.951533
1.49347 0.00192819 795842 0.956748
1.50049 0.00195273 799442 0.968923
1.50754 0.00197308 816042 0.979023
1.51462 0.00199633 822038 0.990559
1.52173 0.00200995 837722 0.997317
1.52887 0.0020307 846330 1.00761
1.53605 0.00204518 860768 1.0148
1.54327 0.00207565 873722 1.02992
1.55052 0.00208788 885438 1.03598
1.55781 0.00212257 898730 1.0532
1.56513 0.0021357 908402 1.05971
1.57247 0.0021575 923226 1.07053
1.57985 0.0021957 933944 1.08948
1.58727 0.00220909 949730 1.09613
1.59472 0.00223606 961278 1.10951
1.60222 0.00226241 981218 1.12259
1.60976 0.00234394 989186 1.16304
1.6173 0.00242477 1001016 1.20315
1.62489 0.00233459 1019138 1.1584
1.63253 0.00236287 1032842 1.17243
1.64019 0.00239764 1045394 1.18969
1.6479 0.00241594 1066230 1.19876
1.65565 0.00244776 1075496 1.21455
1.66341 0.00248059 1090154 1.23084
1.67122 0.0025107 1110378 1.24578
1.67908 0.00253793 1124666 1.25929
1.68697 0.00256876 1139624 1.27459
1.6949 0.00260553 1157114 1.29284
1.70286 0.00264225 1171434 1.31106
1.71085 0.00266853 1188494 1.3241
1.71889 0.00270295 1205504 1.34117
1.72697 0.00273903 1226594 1.35908
1.73508 0.00277457 1235562 1.37671
1.74322 0.00281054 1259120 1.39456
1.75141 0.00285327 1274498 1.41576
1.75964 0.00289605 1295594 1.43699
1.76791 0.00292336 1308312 1.45054
1.77621 0.00297287 1333922 1.47511
1.78456 0.00300174 1348418 1.48943
1.79294 0.00304132 1366112 1.50907
1.80136 0.00308828 1389738 1.53238
1.80982 0.00312539 1407458 1.55079
1.81832 0.00316455 1426520 1.57022
1.82687 0.00321825 1448810 1.59686
1.83545 0.0032659 1465802 1.62051
1.84406 0.00330521 1488456 1.64001
1.85272 0.0033516 1510766 1.66303
1.86142 0.00339235 1528298 1.68325
1.87016 0.00343678 1552784 1.70529
1.87895 0.00349215 1579538 1.73277
1.88779 0.00353807 1595784 1.75556
1.89665 0.00358921 1619930 1.78093
1.90555 0.00363843 1637186 1.80535
1.91449 0.00369467 1669616 1.83326
1.9235 0.00373735 1691834 1.85443
1.93253 0.00379897 1706952 1.88501
1.94159 0.00385504 1739630 1.91283
1.95073 0.00391386 1765064 1.94202
1.95988 0.00397203 1783538 1.97088
1.9691 0.00403308 1817480 2.00118
1.97835 0.00408533 1837034 2.0271
1.98765 0.00414109 1866512 2.05476
1.99698 0.00420629 1888242 2.08712
2.00636 0.0042642 1917056 2.11585
2.01577 0.00432416 1941554 2.14561
2.02525 0.00438848 1978040 2.17752
2.03477 0.00445249 1997426 2.20928
2.04433 0.00452569 2029256 2.2456
2.05393 0.00459427 2056370 2.27963
2.06357 0.00465105 2084000 2.3078
2.07326 0.00473071 2117778 2.34733
2.083 0.00480114 2143952 2.38228
2.09278 0.00485815 2175614 2.41056
2.10261 0.00493526 2206400 2.44882
2.11248 0.00500668 2233970 2.48426
2.12241 0.00509495 2276456 2.52806
2.13239 0.00515678 2301848 2.55874
2.1424 0.00523704 2332922 2.59857
2.15246 0.00532113 2366960 2.64029
2.16256 0.00539413 2397698 2.67651
2.17272 0.00549082 2436644 2.72449
2.18293 0.00556912 2472608 2.76334
2.19319 0.0056512 2503050 2.80407
2.20348 0.00573203 2535392 2.84417
2.21383 0.00582642 2581088 2.89101
2.22424 0.00590523 2612762 2.93011
2.23469 0.00600363 2647964 2.97894
2.24518 0.00608341 2687216 3.01852
2.25573 0.00618201 2724434 3.06745
2.26633 0.00628176 2765840 3.11695
2.27697 0.00637605 2798504 3.16373
2.28766 0.00646544 2841326 3.20808
2.29841 0.00657067 2886128 3.2603
2.30921 0.00667256 2920808 3.31085
2.32005 0.00677475 2967536 3.36156
2.33094 0.00687301 3000674 3.41032
2.34188 0.00697305 3050324 3.45995
2.35289 0.00708697 3094664 3.51648
2.36395 0.00720238 3136016 3.57375
2.37505 0.0073148 3179546 3.62953
2.38621 0.00742667 3227060 3.68504
2.39742 0.00754071 3271832 3.74162
2.40868 0.00765698 3315440 3.79932
2.41998 0.00778016 3363800 3.86043
2.43135 0.00790846 3414158 3.92409
2.44278 0.00803168 3459752 3.98524
2.45425 0.00815701 3508864 4.04742
2.46578 0.00827391 3560804 4.10543
2.47736 0.00840259 3608912 4.16928
2.489 0.00854302 3660608 4.23896
2.50068 0.0086797 3707846 4.30678
2.51243 0.00882068 3769664 4.37673
2.52424 0.00895994 3822920 4.44583
2.53609 0.00909522 3863564 4.51295
2.548 0.00925254 3930704 4.59101
2.55998 0.00939111 3986168 4.65977
2.572 0.00953707 4034228 4.7322
2.58406 0.00969232 4090816 4.80923
2.5962 0.00985481 4160360 4.88985
2.60841 0.00999955 4213436 4.96168
2.62066 0.0101633 4270976 5.0429
2.63296 0.0103368 4332308 5.12903
2.64533 0.0105089 4395896 5.21441
2.65775 0.0106675 4454378 5.29312
2.67023 0.0108376 4517036 5.3775
2.68278 0.0110196 4588552 5.46783
2.69539 0.0112043 4651316 5.55944
2.70805 0.011385 4711190 5.64913
2.72076 0.0115856 4782704 5.74867
2.73355 0.0117791 4849964 5.84466
2.74639 0.0119841 4917080 5.94637
2.75928 0.0121656 4985260 6.03646
2.77224 0.0123682 5060456 6.13696
2.78527 0.0125824 5127788 6.24326
2.79835 0.0127901 5201672 6.34631
2.81149 0.0130186 5278196 6.45971
2.8247 0.0132044 5350384 6.5519
2.83797 0.0134574 5423492 6.67743
2.8513 0.0136927 5504720 6.79418
2.86469 0.0139022 5581268 6.89812
2.87815 0.0141504 5659270 7.02128
2.89166 0.0143864 5736332 7.13837
2.90524 0.0146464 5823104 7.26737
2.91889 0.0149164 5909900 7.40135
2.93261 0.01516 5986168 7.52222
2.94637 0.015428 6064034 7.65523
2.96021 0.0156971 6162248 7.78876
2.97412 0.0159804 6249932 7.92933
2.9881 0.0162739 6331588 8.07492
3.00213 0.016539 6424736 8.20647
3.01623 0.0168433 6515066 8.35749
3.0304 0.0171544 6607552 8.51186
3.04463 0.0174658 6691412 8.66633
3.05892 0.0177464 6796676 8.80556
3.0733 0.0181075 6894838 8.98475
3.08773 0.0184318 6983324 9.14566
3.10224 0.0187543 7094120 9.30569
3.11681 0.0191313 7182634 9.49275
3.13145 0.0194574 7295588 9.65458
3.14616 0.0198403 7389992 9.84458
3.16094 0.0202007 7499434 10.0234
3.17579 0.0205952 7606244 10.2191
3.1907 0.0209759 7703654 10.408
3.20568 0.0214347 7823908 10.6357
3.22074 0.0218338 7933148 10.8337
3.23587 0.0222164 8035210 11.0235
3.25107 0.022632 8168648 11.2298
3.26635 0.0230456 8270402 11.435
3.28169 0.0235273 8396284 11.674
3.2971 0.0239729 8496608 11.8951
3.31258 0.0244599 8636482 12.1368
3.32814 0.0249366 8744780 12.3733
3.34377 0.025456 8878274 12.631
3.35948 0.0259508 8998288 12.8765
3.37526 0.0265183 9127058 13.1581
3.39111 0.0270413 9258676 13.4176
3.40704 0.0276094 9394994 13.6995
3.42305 0.0281826 9518530 13.9839
3.43912 0.0287681 9652352 14.2745
3.45528 0.0293504 9800506 14.5634
3.47151 0.029994 9929156 14.8827
3.48782 0.0306058 10079002 15.1863
3.5042 0.0312739 10202930 15.5178
3.52065 0.03199 10362148 15.8731
3.53719 0.0327119 10508450 16.2313
3.5538 0.033413 10647784 16.5792
3.5705 0.0341458 10817954 16.9428
3.58727 0.0349025 10950034 17.3183
3.60411 0.0356927 11116484 17.7103
3.62105 0.0365413 11277610 18.1314
3.63806 0.0373428 11430154 18.5291
3.65514 0.0381963 11580074 18.9526
3.6723 0.0391277 11759140 19.4148
3.68955 0.0400523 11924378 19.8735
3.70689 0.0410551 12099850 20.3711
3.7243 0.0420109 12260050 20.8454
3.7418 0.0430814 12439484 21.3765
3.75937 0.044143 12606226 21.9033
3.77703 0.0452127 12800474 22.4341
3.79477 0.0463925 12964258 23.0195
3.81259 0.0475413 13155874 23.5895
3.8305 0.048814 13345394 24.221
3.84849 0.0501134 13525540 24.8657
3.86657 0.051418 13730122 25.5131
3.88473 0.0528492 13917890 26.2232
3.90298 0.0542646 14114938 26.9256
3.92131 0.0557326 14316682 27.6539
3.93974 0.0573341 14520626 28.4486
3.95824 0.0589247 14708962 29.2378
3.97682 0.0606934 14936002 30.1154
3.9955 0.0623855 15141986 30.955
4.01428 0.0642778 15366994 31.894
4.03313 0.0662036 15563242 32.8495
4.05207 0.068251 15794614 33.8654
4.07111 0.0703658 16021226 34.9148
4.09023 0.0725951 16238338 36.021
4.10944 0.07488 16476706 37.1547
4.12874 0.0772573 16717282 38.3343
4.14814 0.0798562 16935730 39.6238
4.16762 0.0825107 17183270 40.941
4.18719 0.0852823 17431546 42.3162
4.20686 0.0883348 17672128 43.8308
4.22662 0.0914047 17929450 45.3541
4.24648 0.0946071 18181246 46.9431
4.26643 0.0980339 18436154 48.6434
4.28646 0.101474 18688066 50.3506
4.30659 0.105293 18966160 52.2451
4.32682 0.109342 19228342 54.2543
4.34714 0.113395 19497994 56.2655
4.36756 0.117737 19789402 58.42
4.38808 0.12225 20048224 60.6592
4.40868 0.127461 20340694 63.2449
4.42939 0.132577 20631698 65.7832
4.4502 0.137769 20920738 68.3594
4.4711 0.14421 21224764 71.5555
4.49211 0.150318 21524794 74.5861
4.51321 0.156472 21819694 77.6397
4.53441 0.16569 22136776 82.2139
4.55571 0.172717 22446490 85.7004
4.5771 0.183301 22753708 90.952
4.5986 0.194088 23092930 96.3046
4.6202 0.205232 23405020 101.834
4.6419 0.225924 23744914 112.101
4.66371 0.236082 24090094 117.142
4.68561 0.277673 24416584 137.778
4.70762 0.291761 24763822 144.769
4.72973 0.375567 25116112 186.352
4.75194 0.471419 25474348 233.913
4.77427 0.581381 25839802 288.475
4.79669 1.05703 26191732 524.486
4.81921 274.919 26563339 136412
4.84183 0.220721 26678128 109.519
4.86457 0.218179 26655828 108.258
4.88742 0.216406 26675140 107.378
4.91038 0.215187 26644864 106.774
4.93344 0.214512 26631640 106.439
4.95661 0.21418 26619904 106.274
4.9799 0.21415 26596180 106.259
5.00329 0.214679 26557060 106.522
5.02679 0.215414 26532520 106.886
5.0504 0.216298 26493240 107.325
5.07412 0.217485 26453764 107.914
5.09795 0.218924 26412544 108.628
5.1219 0.220554 26360476 109.436
5.14595 0.222518 26299600 110.411
5.17012 0.224747 26254092 111.517
5.19441 0.227108 26178916 112.689
5.21881 0.229854 26116096 114.051
5.24332 0.232675 26040928 115.451
5.26795 0.235728 25967736 116.966
5.29269 0.239017 25862260 118.598
5.31755 0.242601 25796416 120.376
5.34253 0.246183 25689396 122.153
5.36762 0.250395 25577176 124.243
5.39283 0.254672 25489588 126.366
5.41816 0.259135 25373328 128.58
5.44362 0.264062 25250224 131.025
5.46918 0.26926 25122124 133.604
5.49487 0.274736 24990660 136.321
5.52068 0.280614 24856192 139.238
5.54661 0.286934 24706228 142.374
5.57266 0.293401 24558204 145.583
5.59883 0.300608 24392068 149.158
5.62513 0.307951 24237480 152.802
5.65155 0.31618 24064336 156.885
5.67809 0.324691 23876980 161.108
5.70476 0.333623 23697324 165.54
5.73156 0.343579 23498488 170.481
5.75848 0.353915 23292324 175.609
5.78553 0.36511 23100964 181.164
5.81271 0.376936 22862988 187.032
5.84 0.389888 22634848 193.458
5.86743 0.40332 22410012 200.123
5.89499 0.417978 22160572 207.396
5.92268 0.433515 21915600 215.106
5.9505 0.450612 21645516 223.589
5.97844 0.468208 21372232 232.32
6.00652 0.486674 21101172 241.483
6.03474 0.507061 20815564 251.598
6.06308 0.528521 20504628 262.247
6.09156 0.551222 20204736 273.511
6.12017 0.575453 19883356 285.534
6.14891 0.600553 19552848 297.988
6.17779 0.627491 19217196 311.354
6.20681 0.656064 18861736 325.532
6.23596 0.685045 18502836 339.912
6.26525 0.717643 18135780 356.087
6.29467 0.75068 17749600 372.48
6.32424 0.785864 17354232 389.938
6.35394 0.824166 16953228 408.943
6.38378 0.864898 16529656 429.154
6.41376 0.908589 16099164 450.833
6.44388 0.96192 15659388 477.295
6.47415 1.02143 15207864 506.824
6.50455 1.0907 14736132 541.197
6.5351 1.1783 14255596 584.658
6.56579 1.29102 13762332 640.591
6.59662 1.44512 13252296 717.055
6.6276 1.68323 12731268 835.203
6.65872 2.0509 12198720 1017.64
6.68999 2.69865 11649660 1339.04
6.72141 3.81797 11081952 1894.44
6.75296 6.36473 10500652 3158.11
6.78467 12.2937 9911376 6100.01
6.81652 2215.84 9301473 1.09948e+06
6.84856 1.03613 8737218 514.118
6.88073 1.05998 8239530 525.953
6.91305 1.09541 7788972 543.529
6.94552 1.13685 7357452 564.095
6.97814 1.18726 6958434 589.108
7.01093 1.24536 6572454 617.935
7.04385 1.31291 6204966 651.451
7.07693 1.38566 5851524 687.553
7.11016 1.4714 5518854 730.094
7.14356 1.56319 5192928 775.641
7.17711 1.66794 4883690 827.612
7.21082 1.78394 4585122 885.17
7.24468 1.91533 4294452 950.369
7.27871 2.05945 4020870 1021.88
7.31289 2.2184 3750774 1100.75
7.34723 2.4022 3496122 1191.95
7.38174 2.60227 3250038 1291.22
7.41641 2.82476 3010904 1401.62
7.45123 3.0703 2783520 1523.45
7.48622 3.34963 2566482 1662.05
7.52138 3.65589 2355504 1814.02
7.55668 3.9948 2154350 1982.18
7.59215 4.38285 1964322 2174.72
7.62781 4.80001 1782180 2381.71
7.66364 5.28153 1608354 2620.64
7.69963 5.81067 1442012 2883.2
7.73577 6.40794 1285878 3179.55
7.77208 7.08983 1137636 3517.9
7.80856 7.87333 999476 3906.66
7.84519 8.84719 867846 4389.88
7.88195 10.0367 746768 4980.13
7.91894 11.7115 636276 5811.13
7.95615 14.0145 532566 6953.86
7.99345 17.6757 435044 8770.48
8.03087 23.7154 351690 11767.3
8.06861 34.6845 275630 17210.1
8.1063 56.3221 204876 27946.4
8.14415 103.113 150770 51163.4
8.18252 227.177 100542 112723
8.22015 575.496 59294 285555
8.25771 1974.1 32538 979527
8.29571 11912 11726 5.91062e+06
8.32962 170486 1560 8.45934e+07
8.35799 1.93638e+10 1 9.60812e+12
