0.000000000000000000e+00 0.000000000000000000e+00 1.000000000000000000e+00
8.018239138133745697e-06 3.683784269064088440e+10 1.800000000000000000e+01
1.314872961780852955e-05 4.430949344278181458e+10 3.800000000000000000e+01
1.805532944369285170e-05 4.488683066049346924e+10 9.000000000000000000e+01
2.256174607632251730e-05 4.246951535279637146e+10 1.040000000000000000e+02
2.750008433871525587e-05 3.809444225042543030e+10 2.100000000000000000e+02
3.280863634343325716e-05 3.284678871569298935e+10 2.780000000000000000e+02
3.755727391085112663e-05 2.875228444922002792e+10 3.060000000000000000e+02
4.248077146423218418e-05 2.531723546752624893e+10 5.060000000000000000e+02
4.756032765304764347e-05 2.267080962162921143e+10 5.520000000000000000e+02
5.252713038871948195e-05 2.086600647317544937e+10 6.980000000000000000e+02
5.779488163367714455e-05 1.944515880840449905e+10 9.420000000000000000e+02
6.299165431207506892e-05 1.836316820397042084e+10 9.540000000000000000e+02
6.758906765510176913e-05 1.732499298198627472e+10 1.046000000000000000e+03
7.243003581053293399e-05 1.621327850145702934e+10 1.380000000000000000e+03
7.767184301636805271e-05 1.481347485667581749e+10 1.586000000000000000e+03
8.268851144289021400e-05 1.344471556116933823e+10 1.686000000000000000e+03
8.757612746334276729e-05 1.208779543984488297e+10 1.898000000000000000e+03
9.244367778956418869e-05 1.088075408169354248e+10 2.118000000000000000e+03
9.743590394913851510e-05 9.838177536800228119e+09 2.468000000000000000e+03
1.025277320114627056e-04 9.009057718787523270e+09 2.670000000000000000e+03
1.076367953183592362e-04 8.379577074002080917e+09 3.026000000000000000e+03
1.126030160527064519e-04 7.978520581032670975e+09 3.102000000000000000e+03
1.174435571877226035e-04 7.649791188192824364e+09 3.362000000000000000e+03
1.224354612319036655e-04 7.368020253019753456e+09 3.948000000000000000e+03
1.275909479000130560e-04 7.071393155407170296e+09 4.206000000000000000e+03
1.327043035652909959e-04 6.733101284281661987e+09 4.562000000000000000e+03
1.376182321692910853e-04 6.363085674488055229e+09 4.542000000000000000e+03
1.425090746784735834e-04 5.940901184490221977e+09 5.186000000000000000e+03
1.475486158847945297e-04 5.503305290189926147e+09 5.568000000000000000e+03
1.524841972114845685e-04 5.078447561063954353e+09 5.690000000000000000e+03
1.574166892559233986e-04 4.727982854082607269e+09 6.258000000000000000e+03
1.624974690856685828e-04 4.417786538493326187e+09 6.926000000000000000e+03
1.675381365721889497e-04 4.176942953539310455e+09 7.026000000000000000e+03
1.724963184659048345e-04 3.998255530776942253e+09 7.496000000000000000e+03
1.774712839316303049e-04 3.860976422333834171e+09 7.938000000000000000e+03
1.825076396603835460e-04 3.735448233000340939e+09 8.574000000000000000e+03
1.875640529495850464e-04 3.627764102472023964e+09 8.978000000000000000e+03
1.925034214126204399e-04 3.497328483137066841e+09 9.102000000000000000e+03
1.974610533259093202e-04 3.365844157370397568e+09 1.000400000000000000e+04
2.024897823555436632e-04 3.198919197055627346e+09 1.036200000000000000e+04
2.074980562394557985e-04 3.039540803620662689e+09 1.095800000000000000e+04
2.125379783695059634e-04 2.870391918011172295e+09 1.153800000000000000e+04
2.174786298860068316e-04 2.708091575553499699e+09 1.167800000000000000e+04
2.224254804993111014e-04 2.571900899612967014e+09 1.258800000000000000e+04
2.274793290180567181e-04 2.453026786961876392e+09 1.328600000000000000e+04
2.325348030249422572e-04 2.353621115487486839e+09 1.377000000000000000e+04
2.375611647858998348e-04 2.269285188455195427e+09 1.435400000000000000e+04
2.424867500488879436e-04 2.202609548819097042e+09 1.447200000000000000e+04
2.474529139989529677e-04 2.137322693251050949e+09 1.573800000000000000e+04
2.525333062284972475e-04 2.078603636150480509e+09 1.638200000000000000e+04
2.575377005759318049e-04 2.011704541014678955e+09 1.660200000000000000e+04
2.624845380768650225e-04 1.942495489350138187e+09 1.727000000000000000e+04
2.674817931320256281e-04 1.871285004108052015e+09 1.837200000000000000e+04
2.725323557827224281e-04 1.794749362761353731e+09 1.892600000000000000e+04
2.774890632383807446e-04 1.721630304537865877e+09 1.895400000000000000e+04
2.825008230929281069e-04 1.646069160046802044e+09 2.085800000000000000e+04
2.875582907809565917e-04 1.585329634960902214e+09 2.081400000000000000e+04
2.924876539291884343e-04 1.525063121065361023e+09 2.130800000000000000e+04
2.974705200001470369e-04 1.479605463172502756e+09 2.259000000000000000e+04
3.025238678401854738e-04 1.425030740919219732e+09 2.340200000000000000e+04
3.075420288519021541e-04 1.389824105998760939e+09 2.391000000000000000e+04
3.125036247969740317e-04 1.354729792914213419e+09 2.445000000000000000e+04
3.174195797708173920e-04 1.321000143018085718e+09 2.500400000000000000e+04
3.224832261453001677e-04 1.277475446813899994e+09 2.746200000000000000e+04
3.276040918056195329e-04 1.241387389788262367e+09 2.733800000000000000e+04
3.325813213138005780e-04 1.205382755493021011e+09 2.758200000000000000e+04
3.375128629367228281e-04 1.164597793276798010e+09 2.861000000000000000e+04
3.425143525266685900e-04 1.126239292226469040e+09 3.002400000000000000e+04
3.475504936965647133e-04 1.088856068450680256e+09 3.065000000000000000e+04
3.525362462351467208e-04 1.059223013153255105e+09 3.118200000000000000e+04
3.575039819661164479e-04 1.025309777365846872e+09 3.221000000000000000e+04
3.625128196181043446e-04 9.945896172695167065e+08 3.371400000000000000e+04
3.675262511219160857e-04 9.695804564667036533e+08 3.398400000000000000e+04
3.725324754595472931e-04 9.429267779224547148e+08 3.540200000000000000e+04
3.775559670877268615e-04 9.211960524405851364e+08 3.619800000000000000e+04
3.825269372326610038e-04 8.976846980270680189e+08 3.655400000000000000e+04
3.874968775070146746e-04 8.736898493707531691e+08 3.814200000000000000e+04
3.924779853966873329e-04 8.504406823599619865e+08 3.866000000000000000e+04
3.974905410565208390e-04 8.291991996064910889e+08 4.041000000000000000e+04
4.025266753967854838e-04 8.081622742746765614e+08 4.127000000000000000e+04
4.075129119007336463e-04 7.863602661883957386e+08 4.163400000000000000e+04
4.124933681676176992e-04 7.664803614411841631e+08 4.326200000000000000e+04
4.174954120471168449e-04 7.444301075050473213e+08 4.407600000000000000e+04
4.225074625451887543e-04 7.255826173040966988e+08 4.539800000000000000e+04
4.275163331838652270e-04 7.067757053588393927e+08 4.626600000000000000e+04
4.325156407467093951e-04 6.905525560702100992e+08 4.743000000000000000e+04
4.374762201332560354e-04 6.750263295939722061e+08 4.761800000000000000e+04
4.424586360748376693e-04 6.568708749874260426e+08 5.022000000000000000e+04
4.475246423523374247e-04 6.458825374625896215e+08 5.130200000000000000e+04
4.525303704507225937e-04 6.303533792867978811e+08 5.147400000000000000e+04
4.575101958526097399e-04 6.139910394785213470e+08 5.305400000000000000e+04
4.625324619281934863e-04 6.006047308840036392e+08 5.457000000000000000e+04
4.675449569850467844e-04 5.884758589627449512e+08 5.537600000000000000e+04
4.725300209792509740e-04 5.750329853927127123e+08 5.608200000000000000e+04
4.775098754795876815e-04 5.614798859672586918e+08 5.769800000000000000e+04
4.825247971263129450e-04 5.502291668502212763e+08 5.947800000000000000e+04
4.874921632661476860e-04 5.368718351923944950e+08 5.898800000000000000e+04
4.924939925872586855e-04 5.242944594646587372e+08 6.267000000000000000e+04
4.975223350469546151e-04 5.144411080007347465e+08 6.225000000000000000e+04
5.025184656631174161e-04 5.036912670624129772e+08 6.409400000000000000e+04
5.075178953180275879e-04 4.907095050426545143e+08 6.522600000000000000e+04
5.125012224891401262e-04 4.818926608180305362e+08 6.615200000000000000e+04
5.175006855153996017e-04 4.724068590101750493e+08 6.805800000000000000e+04
5.225031217531194219e-04 4.637857518660943508e+08 6.909800000000000000e+04
5.275267845671537071e-04 4.552932802648215294e+08 7.111800000000000000e+04
5.325513491489023126e-04 4.453632571588394642e+08 7.190600000000000000e+04
5.375354236813752575e-04 4.361482837469722033e+08 7.293600000000000000e+04
5.425197875850065309e-04 4.290672919523529410e+08 7.413800000000000000e+04
5.475430840284422436e-04 4.187111994490292072e+08 7.711800000000000000e+04
5.525618383829945628e-04 4.122467820753440857e+08 7.653000000000000000e+04
5.575173918240377289e-04 4.028545334379467368e+08 7.821800000000000000e+04
5.625128126893362210e-04 3.976714758612596393e+08 8.071200000000000000e+04
5.675211037869571946e-04 3.889535488365631104e+08 8.121800000000000000e+04
5.725338185944789469e-04 3.814049599476287365e+08 8.376600000000000000e+04
5.775217819704076992e-04 3.750101419295954108e+08 8.330600000000000000e+04
5.824795136803547673e-04 3.696829661416324377e+08 8.573400000000000000e+04
5.874643667746288957e-04 3.613014657016680837e+08 8.728400000000000000e+04
5.924783118365893348e-04 3.545848659073861241e+08 8.933400000000000000e+04
5.975031696085751111e-04 3.487943485919073820e+08 9.084200000000000000e+04
6.025169129112330343e-04 3.435144640960168242e+08 9.201000000000000000e+04
6.075039344500147770e-04 3.364161094348204732e+08 9.303800000000000000e+04
6.124897533461247639e-04 3.327717068337497711e+08 9.519600000000000000e+04
6.174888566978960214e-04 3.267336673633667827e+08 9.617400000000000000e+04
6.225154365285140998e-04 3.203853484310496449e+08 9.948200000000000000e+04
6.275393498135593958e-04 3.154683331906195283e+08 9.943800000000000000e+04
6.324938083639172846e-04 3.105444600187732577e+08 9.984200000000000000e+04
6.374747004514911500e-04 3.048685125517915487e+08 1.037400000000000000e+05
6.425185206681678857e-04 3.010713849319744110e+08 1.054460000000000000e+05
6.475465915937857154e-04 2.963164680289161801e+08 1.064340000000000000e+05
6.525327612293719019e-04 2.915929420110539198e+08 1.072460000000000000e+05
6.575034060813170472e-04 2.874061488236875534e+08 1.088340000000000000e+05
6.624871557544943865e-04 2.836964028377274275e+08 1.112000000000000000e+05
6.675080278711184242e-04 2.791508320944240689e+08 1.136340000000000000e+05
6.725274153709104308e-04 2.741056156068949103e+08 1.144940000000000000e+05
6.774702736341791211e-04 2.697729566419084668e+08 1.138500000000000000e+05
6.824516222162009147e-04 2.668306854151022136e+08 1.195860000000000000e+05
6.874991159848866783e-04 2.633007845439151227e+08 1.203920000000000000e+05
6.925179877396469338e-04 2.594834388990050256e+08 1.216980000000000000e+05
6.975240824072235536e-04 2.564269323474623859e+08 1.231580000000000000e+05
7.025117134910138393e-04 2.513371852596254945e+08 1.246260000000000000e+05
7.074829822367389390e-04 2.485021380971977413e+08 1.258300000000000000e+05
7.124939033764172069e-04 2.450853577648550868e+08 1.299160000000000000e+05
7.175342692056930344e-04 2.413455557338367403e+08 1.310900000000000000e+05
7.225361107610816982e-04 2.388606199384889007e+08 1.317660000000000000e+05
7.275243979277775438e-04 2.357058440499767065e+08 1.338740000000000000e+05
7.325009895812739907e-04 2.317466247675742209e+08 1.350720000000000000e+05
7.375145469164350867e-04 2.299521001439813673e+08 1.392660000000000000e+05
7.425372881521889951e-04 2.278323449734238684e+08 1.393100000000000000e+05
7.475121347218607101e-04 2.242900562646593451e+08 1.405140000000000000e+05
7.525015644935403826e-04 2.213585992512320280e+08 1.437980000000000000e+05
7.575213169339845226e-04 2.183926710833468735e+08 1.462440000000000000e+05
7.625056542723235124e-04 2.166472703260879517e+08 1.454420000000000000e+05
7.674988034586417707e-04 2.135204492849849164e+08 1.505580000000000000e+05
7.725368318297374604e-04 2.109556707392584980e+08 1.521860000000000000e+05
7.775265667280999507e-04 2.095653127680909932e+08 1.514940000000000000e+05
7.825125218143324851e-04 2.069830946097969711e+08 1.559480000000000000e+05
7.874892988392621961e-04 2.046845676337624192e+08 1.547820000000000000e+05
7.924685851226036378e-04 2.020715759203595519e+08 1.599620000000000000e+05
7.975120505450694359e-04 1.995222116001977324e+08 1.628580000000000000e+05
8.025171235533148104e-04 1.984528704213174284e+08 1.618620000000000000e+05
8.075200912812067078e-04 1.959029202219251394e+08 1.668200000000000000e+05
8.125308571175588954e-04 1.935943539401570857e+08 1.661580000000000000e+05
8.175135897259273431e-04 1.919496028552064896e+08 1.692500000000000000e+05
8.225206539815690726e-04 1.891428479540610015e+08 1.717500000000000000e+05
8.275355493145385285e-04 1.881374985980255902e+08 1.741700000000000000e+05
8.325101658235612182e-04 1.865677387247662842e+08 1.732080000000000000e+05
8.374834855890781480e-04 1.844354120640747249e+08 1.779860000000000000e+05
8.425170765581630047e-04 1.831131553268949389e+08 1.817940000000000000e+05
8.475345677091997935e-04 1.817662599346851110e+08 1.813100000000000000e+05
8.525201228679315981e-04 1.797711073264369965e+08 1.836900000000000000e+05
8.575169244332736442e-04 1.782566932041675150e+08 1.866800000000000000e+05
8.625069910177080804e-04 1.774394568592059314e+08 1.871220000000000000e+05
8.675101800611090827e-04 1.758182926411482096e+08 1.920300000000000000e+05
8.724929560873839534e-04 1.735483867866597474e+08 1.900340000000000000e+05
8.774634211932985390e-04 1.721480655588985682e+08 1.956660000000000000e+05
8.824671993753834508e-04 1.701339297002032399e+08 1.971200000000000000e+05
8.874716654566856605e-04 1.694153747039439082e+08 1.998420000000000000e+05
8.924971795781619279e-04 1.680537247861230969e+08 2.032940000000000000e+05
8.975201652566775498e-04 1.675683803788331151e+08 2.045220000000000000e+05
9.025179774304833719e-04 1.660363538169115484e+08 2.057900000000000000e+05
9.074973105629290538e-04 1.646795191285911500e+08 2.075640000000000000e+05
9.125090296537946523e-04 1.637564927595736980e+08 2.126060000000000000e+05
9.175186939172102389e-04 1.619771898613757789e+08 2.122740000000000000e+05
9.224986905678511694e-04 1.612209630243362188e+08 2.148900000000000000e+05
9.274924624535927026e-04 1.604279881323706210e+08 2.181980000000000000e+05
9.324928335952627385e-04 1.593493736006146371e+08 2.202360000000000000e+05
9.375039204549576004e-04 1.587720672575522065e+08 2.232140000000000000e+05
9.425034583467994508e-04 1.569464219636570215e+08 2.244180000000000000e+05
9.474989721696864013e-04 1.554890955116708875e+08 2.276300000000000000e+05
9.524895254828511827e-04 1.552213652641845942e+08 2.289240000000000000e+05
9.574802681881240804e-04 1.548111759487103820e+08 2.321060000000000000e+05
9.624962833624193257e-04 1.535209440927572846e+08 2.360940000000000000e+05
9.675104318994895728e-04 1.534477248600770831e+08 2.370020000000000000e+05
9.725002275413144066e-04 1.514023478654640317e+08 2.390460000000000000e+05
9.774985816184455015e-04 1.510237693849737644e+08 2.423480000000000000e+05
9.825068621018878852e-04 1.507407012407565713e+08 2.449980000000000000e+05
9.875190170326863127e-04 1.499114096775303185e+08 2.475300000000000000e+05
9.925240666821451025e-04 1.494847270338734388e+08 2.494220000000000000e+05
9.975168728027603449e-04 1.484649916663380265e+08 2.515380000000000000e+05
1.002498483546192774e-03 1.477493006903711557e+08 2.534600000000000000e+05
1.007507368814164472e-03 1.469216721978188455e+08 2.589660000000000000e+05
1.012516908557621912e-03 1.470406640740115941e+08 2.588180000000000000e+05
1.017496516292561767e-03 1.461492594994300306e+08 2.608140000000000000e+05
1.022496034358658188e-03 1.461309907036218345e+08 2.664740000000000000e+05
1.027502009107150380e-03 1.456016389747845232e+08 2.665680000000000000e+05
1.032512362142233055e-03 1.443521896276096702e+08 2.715620000000000000e+05
1.037522337322296971e-03 1.447666205618200302e+08 2.722740000000000000e+05
1.042510798068165120e-03 1.438515653152199686e+08 2.745020000000000000e+05
1.047517333116303184e-03 1.425055492461494207e+08 2.794740000000000000e+05
1.052514647705223710e-03 1.425936835870858729e+08 2.790960000000000000e+05
1.057523631358373234e-03 1.440216715686681569e+08 2.855300000000000000e+05
1.062524879479997963e-03 1.427762361437434256e+08 2.839260000000000000e+05
1.067497744132958745e-03 1.422024933956847191e+08 2.874740000000000000e+05
1.072489619615603872e-03 1.416128722329927385e+08 2.915340000000000000e+05
1.077486792490018816e-03 1.420126334100581408e+08 2.938520000000000000e+05
1.082499556169828946e-03 1.419846549816305339e+08 2.983140000000000000e+05
1.087513991997766938e-03 1.422371960633686781e+08 2.998700000000000000e+05
1.092519960217018873e-03 1.415684138426679373e+08 3.028020000000000000e+05
1.097509357093498636e-03 1.416715781958705485e+08 3.033500000000000000e+05
1.102480182688335463e-03 1.410457366353433132e+08 3.062760000000000000e+05
1.107480798601632619e-03 1.417282659143151343e+08 3.121740000000000000e+05
1.112504075442175564e-03 1.412712508633856177e+08 3.147380000000000000e+05
1.117509620715870450e-03 1.416276178461457491e+08 3.158100000000000000e+05
1.122512617486064656e-03 1.413621101956690550e+08 3.200540000000000000e+05
1.127506223773525008e-03 1.413987513692162931e+08 3.207000000000000000e+05
1.132501283576633480e-03 1.412641804219893515e+08 3.254060000000000000e+05
1.137504369668080988e-03 1.416095931979281604e+08 3.274260000000000000e+05
1.142504976940475914e-03 1.413660646605666280e+08 3.310220000000000000e+05
1.147507102963468565e-03 1.421592376726085842e+08 3.336660000000000000e+05
1.152495130553707076e-03 1.423140788020872772e+08 3.347600000000000000e+05
1.157483625613116383e-03 1.427551002853122950e+08 3.392580000000000000e+05
1.162493043453483770e-03 1.423683266751891077e+08 3.435620000000000000e+05
1.167507440701908263e-03 1.427818034327997267e+08 3.462780000000000000e+05
1.172511411579256349e-03 1.438219084462663829e+08 3.477780000000000000e+05
1.177497805560316808e-03 1.438749428344698846e+08 3.500960000000000000e+05
1.182489387487083978e-03 1.448491361903000474e+08 3.538020000000000000e+05
1.187501768329293945e-03 1.453171402404129505e+08 3.590540000000000000e+05
1.192508671814940160e-03 1.452524979494011700e+08 3.594180000000000000e+05
1.197501076045295182e-03 1.446465272510822713e+08 3.632360000000000000e+05
1.202508998055476074e-03 1.474906038659906983e+08 3.673740000000000000e+05
1.207516992370921607e-03 1.473479535645481050e+08 3.692900000000000000e+05
1.212509127995853135e-03 1.486537560365541577e+08 3.711180000000000000e+05
1.217509720358874413e-03 1.480968309344519675e+08 3.771140000000000000e+05
1.222516395986140460e-03 1.493128356188972592e+08 3.783120000000000000e+05
1.227517943474485188e-03 1.510871767510770559e+08 3.816500000000000000e+05
1.232520121256419155e-03 1.526292516732170880e+08 3.852540000000000000e+05
1.237519327350286927e-03 1.530576743492962122e+08 3.869700000000000000e+05
1.242507592311077038e-03 1.532777153380849063e+08 3.903860000000000000e+05
1.247502859089164333e-03 1.537612827787488401e+08 3.947040000000000000e+05
1.252506553928904066e-03 1.569598983346939385e+08 3.971300000000000000e+05
1.257514381211036853e-03 1.570111321151581705e+08 4.018620000000000000e+05
1.262523576627138603e-03 1.580326082879420519e+08 4.040420000000000000e+05
1.267514313582724208e-03 1.598182971610596180e+08 4.050780000000000000e+05
1.272500735668312486e-03 1.609714442482255101e+08 4.103000000000000000e+05
1.277509465229568217e-03 1.635919754290199876e+08 4.141380000000000000e+05
1.282523775501180239e-03 1.651377630787487030e+08 4.182140000000000000e+05
1.287523398071450421e-03 1.655313789894967973e+08 4.185300000000000000e+05
1.292499606714487582e-03 1.666090803300350308e+08 4.207020000000000000e+05
1.297486614810780450e-03 1.692383309810565710e+08 4.266200000000000000e+05
1.302499352748244825e-03 1.724486239458462298e+08 4.316700000000000000e+05
1.307524640306497940e-03 1.735518997736997008e+08 4.351700000000000000e+05
1.312508418982614002e-03 1.763004853204341233e+08 4.315020000000000000e+05
1.317486216662557344e-03 1.773126765825740397e+08 4.407380000000000000e+05
1.322508001389059891e-03 1.804378197770718932e+08 4.459800000000000000e+05
1.327510293165457900e-03 1.845946345438942611e+08 4.437500000000000000e+05
1.332494338901321542e-03 1.874092663067862391e+08 4.493700000000000000e+05
1.337502643035887086e-03 1.881058407800845802e+08 4.551500000000000000e+05
1.342511636080935978e-03 1.890078737258161008e+08 4.563780000000000000e+05
1.347509248913055522e-03 1.953794925719514489e+08 4.595360000000000000e+05
1.352512070117365198e-03 2.004859782459072471e+08 4.640820000000000000e+05
1.357503473912183073e-03 2.036599093081161380e+08 4.643700000000000000e+05
1.362501821884123379e-03 2.045838429237048924e+08 4.725500000000000000e+05
1.367510703210030520e-03 2.045305652339755893e+08 4.730580000000000000e+05
1.372507472366738196e-03 2.155161550733907521e+08 4.774400000000000000e+05
1.377505295437217447e-03 2.216324963211498559e+08 4.798740000000000000e+05
1.382495855456635295e-03 2.248672229347430170e+08 4.828700000000000000e+05
1.387485486944460382e-03 2.258022688423083723e+08 4.868820000000000000e+05
1.392492917376575694e-03 2.243644173835181296e+08 4.933820000000000000e+05
1.397493902632481431e-03 2.415432267517766058e+08 4.927800000000000000e+05
1.402496144523784254e-03 2.496080484379513562e+08 5.005460000000000000e+05
1.407513479308353634e-03 2.536336555569826066e+08 5.028780000000000000e+05
1.412513429021378109e-03 2.541239349888640940e+08 5.044100000000000000e+05
1.417499023032124401e-03 2.514443184358992577e+08 5.072540000000000000e+05
1.422501003091775594e-03 2.800825514129365683e+08 5.146120000000000000e+05
1.427508029543275020e-03 2.872893816608424783e+08 5.154380000000000000e+05
1.432498392500738005e-03 2.918186740616015196e+08 5.182500000000000000e+05
1.437490463211596936e-03 2.890147717327075601e+08 5.232740000000000000e+05
1.442503920869779663e-03 2.846278455014985204e+08 5.304720000000000000e+05
1.447502874733031918e-03 3.337996534601764083e+08 5.272580000000000000e+05
1.452496282549055285e-03 3.377334104360604286e+08 5.361660000000000000e+05
1.457515120770323152e-03 3.483745891323067546e+08 5.404100000000000000e+05
1.462510082805445859e-03 3.417166209700551033e+08 5.382540000000000000e+05
1.467488141327073174e-03 3.305214996180197597e+08 5.446520000000000000e+05
1.472492632034690151e-03 4.038504321273272634e+08 5.509260000000000000e+05
1.477505920542411012e-03 4.179932081594702601e+08 5.539140000000000000e+05
1.482513672368985331e-03 4.193419804442233443e+08 5.573620000000000000e+05
1.487510643725790819e-03 4.061055741757758260e+08 5.595340000000000000e+05
1.492500287835762940e-03 3.966306367617580891e+08 5.630360000000000000e+05
1.497506338773783125e-03 5.080883020837883353e+08 5.707260000000000000e+05
1.502516034405500982e-03 5.289814706264405847e+08 5.709860000000000000e+05
1.507519658176926505e-03 5.383889403677650690e+08 5.769660000000000000e+05
1.512507717361354304e-03 4.945449874483976364e+08 5.757380000000000000e+05
1.517494831244333656e-03 4.806437544502362609e+08 5.843640000000000000e+05
1.522500843697927909e-03 6.857310720400050879e+08 5.872700000000000000e+05
1.527502953483480782e-03 7.322341804484574795e+08 5.913300000000000000e+05
1.532512336286308676e-03 7.433862543111197948e+08 5.966780000000000000e+05
1.537502851207163618e-03 6.679601623293828964e+08 5.950740000000000000e+05
1.542492567805442329e-03 5.991130357662532330e+08 6.044160000000000000e+05
1.547510412611120389e-03 9.952974707681843042e+08 6.083060000000000000e+05
1.552499935108313201e-03 9.936390955758357048e+08 6.064140000000000000e+05
1.557486490391120793e-03 1.059132337958495617e+09 6.149780000000000000e+05
1.562487313241753923e-03 9.646407633124020100e+08 6.186180000000000000e+05
1.567491990608973606e-03 6.811150887771260738e+08 6.236960000000000000e+05
1.572500129587702444e-03 1.371230143090079308e+09 6.266340000000000000e+05
1.577507163862091125e-03 1.538857647064714670e+09 6.315740000000000000e+05
1.582514093827323874e-03 1.761098263288585663e+09 6.351540000000000000e+05
1.587508798972991344e-03 1.775233683830097198e+09 6.361820000000000000e+05
1.592491195041802286e-03 6.435781886942307949e+08 6.404280000000000000e+05
1.597496192768385354e-03 2.291437513928758144e+09 6.489860000000000000e+05
1.602516865554239403e-03 2.678249848320094109e+09 6.533100000000000000e+05
1.607518390490380537e-03 2.554928852687104416e+10 6.526500000000000000e+05
1.612515703402283380e-03 2.456828312795606136e+09 6.597980000000000000e+05
1.617515287083682272e-03 5.945910371303774118e+08 6.615960000000000000e+05
1.622501787027392627e-03 2.566771091551460266e+09 6.640220000000000000e+05
1.627498329463298666e-03 2.038681149945427895e+09 6.725220000000000000e+05
1.632495472152437239e-03 1.889982700719556570e+09 6.730100000000000000e+05
1.637481739820470820e-03 8.134880055376374722e+08 6.774540000000000000e+05
1.642475513364531669e-03 1.335214829327836990e+09 6.838520000000000000e+05
1.647489146473426948e-03 1.632379566481355906e+09 6.902940000000000000e+05
1.652497040272548484e-03 1.444375041233330488e+09 6.910580000000000000e+05
1.657503334024501042e-03 1.171311547069036484e+09 6.985500000000000000e+05
1.662506151908749695e-03 4.509191014601659179e+08 6.983640000000000000e+05
1.667501456326399897e-03 1.236713944592417479e+09 7.046300000000000000e+05
1.672496583006316062e-03 1.118797134252260208e+09 7.065540000000000000e+05
1.677499558146122033e-03 1.015098927532471061e+09 7.156100000000000000e+05
1.682511651959896475e-03 8.445263386903003454e+08 7.179900000000000000e+05
1.687506739405595637e-03 5.089890553095831871e+08 7.191800000000000000e+05
1.692507627709280600e-03 8.889657144691637754e+08 7.279020000000000000e+05
1.697506666601116205e-03 8.561765809789869785e+08 7.273220000000000000e+05
1.702499719619193124e-03 7.661302350227375031e+08 7.344540000000000000e+05
1.707501506761674448e-03 6.247898208512524366e+08 7.388180000000000000e+05
1.712502804944814440e-03 5.264502315199753642e+08 7.432200000000000000e+05
1.717504679357006753e-03 7.319984546950334311e+08 7.471580000000000000e+05
1.722503099097066502e-03 6.645929132337894440e+08 7.511940000000000000e+05
1.727510951799190704e-03 6.099180948095095158e+08 7.585260000000000000e+05
1.732507792168249934e-03 5.289326436137827039e+08 7.566980000000000000e+05
1.737493954887717835e-03 5.026113976101589799e+08 7.648080000000000000e+05
1.742503253846353723e-03 6.021755814479299784e+08 7.712660000000000000e+05
1.747514553065433653e-03 5.593740543331154585e+08 7.749420000000000000e+05
1.752505460889460616e-03 5.160022407746863365e+08 7.733300000000000000e+05
1.757496498809578813e-03 4.577984829609478116e+08 7.844580000000000000e+05
1.762500730579557098e-03 4.700939189299247861e+08 7.866800000000000000e+05
1.767496459666255924e-03 5.071243024546328783e+08 7.900260000000000000e+05
1.772509148841998209e-03 4.846771627914499044e+08 8.007980000000000000e+05
1.777504156587387000e-03 4.577891666192834973e+08 7.938180000000000000e+05
1.782491527805750691e-03 4.185032906130002737e+08 8.071340000000000000e+05
1.787489976342556894e-03 4.300842593498516083e+08 8.071560000000000000e+05
1.792492189590733651e-03 4.602629345461175442e+08 8.162100000000000000e+05
1.797509557396364177e-03 4.342457614521330595e+08 8.215340000000000000e+05
1.802515613165411000e-03 4.078102085798382163e+08 8.219220000000000000e+05
1.807498029019520992e-03 3.819569208207595348e+08 8.231900000000000000e+05
1.812487525738199932e-03 4.037672866211726665e+08 8.333880000000000000e+05
1.817490911446871266e-03 4.077517261561971903e+08 8.362700000000000000e+05
1.822499355831472788e-03 3.953629528863392472e+08 8.439540000000000000e+05
1.827502512541876725e-03 3.728605093384916186e+08 8.447660000000000000e+05
1.832487861004418635e-03 3.566122193969983459e+08 8.470500000000000000e+05
1.837488162556844473e-03 3.771362204939903021e+08 8.590280000000000000e+05
1.842491799819335899e-03 3.781141307655169964e+08 8.572140000000000000e+05
1.847485663016814467e-03 3.672200508572741151e+08 8.648100000000000000e+05
1.852503985125418225e-03 3.540050288736813068e+08 8.756780000000000000e+05
1.857505428751849092e-03 3.398778369955391288e+08 8.685060000000000000e+05
1.862495854632914821e-03 3.588806175809001923e+08 8.806400000000000000e+05
1.867502906282890798e-03 3.529058656451107860e+08 8.836020000000000000e+05
1.872503186138739159e-03 3.437128955758355856e+08 8.878340000000000000e+05
1.877502785632962409e-03 3.358113856248488426e+08 8.930460000000000000e+05
1.882490485847415152e-03 3.267573113452173471e+08 8.939060000000000000e+05
1.887495568539722130e-03 3.410680353811756968e+08 9.077040000000000000e+05
1.892507913883772130e-03 3.376352212006075382e+08 9.061220000000000000e+05
1.897502405129316942e-03 3.304271107747204900e+08 9.110700000000000000e+05
1.902496604428723917e-03 3.229069208541962504e+08 9.157940000000000000e+05
1.907489196003864240e-03 3.171521821236218214e+08 9.202560000000000000e+05
1.912494963481487995e-03 3.281987122386759520e+08 9.297780000000000000e+05
1.917503284040663475e-03 3.228077354920727611e+08 9.306980000000000000e+05
1.922496452239937656e-03 3.156919160674043298e+08 9.344460000000000000e+05
1.927500090170317787e-03 3.110413408659435511e+08 9.445460000000000000e+05
1.932513895324340560e-03 3.100042284408184290e+08 9.481200000000000000e+05
1.937512032646521946e-03 3.166924548393824100e+08 9.476660000000000000e+05
1.942506621819823590e-03 3.097714407484224439e+08 9.567180000000000000e+05
1.947506082175559433e-03 3.084470343463294506e+08 9.596180000000000000e+05
1.952505106766061916e-03 3.019948478822281957e+08 9.664580000000000000e+05
1.957500323709354499e-03 3.029851125070755482e+08 9.681360000000000000e+05
1.962498178758335411e-03 3.080559680021166801e+08 9.771060000000000000e+05
1.967492722196539923e-03 3.050343175215125084e+08 9.768860000000000000e+05
1.972488585837069066e-03 3.020515335056107640e+08 9.875220000000000000e+05
1.977488471751526200e-03 2.977830517249112725e+08 9.885180000000000000e+05
1.982486977119554857e-03 2.985925704078944921e+08 9.972680000000000000e+05
1.987502497523102075e-03 3.021622802105891109e+08 1.004886000000000000e+06
1.992506444381567359e-03 2.986416468045519590e+08 1.002290000000000000e+06
1.997503304601744301e-03 2.956157753716304302e+08 1.013010000000000000e+06
2.002505852857470320e-03 2.934881586840485334e+08 1.014686000000000000e+06
2.007489293202603144e-03 2.946996025740346313e+08 1.015548000000000000e+06
2.012490997245381351e-03 2.980544025671781898e+08 1.031486000000000000e+06
2.017505349861555258e-03 2.944929109007397294e+08 1.031490000000000000e+06
2.022515234892025004e-03 2.928684617589975595e+08 1.039382000000000000e+06
2.027513541016114605e-03 2.907874675886928439e+08 1.037538000000000000e+06
2.032499302987900072e-03 2.937910313648367524e+08 1.044204000000000000e+06
2.037493765573240682e-03 2.942547586862362027e+08 1.051574000000000000e+06
2.042505994421408514e-03 2.930429805811718702e+08 1.061658000000000000e+06
2.047509650768710495e-03 2.910148075660995245e+08 1.058270000000000000e+06
2.052505229858218871e-03 2.898995501246761084e+08 1.069458000000000000e+06
2.057506433652832572e-03 2.920994836001015902e+08 1.070960000000000000e+06
2.062502966020569005e-03 2.928819715086320043e+08 1.076706000000000000e+06
2.067503231413612714e-03 2.914162441399146318e+08 1.083614000000000000e+06
2.072504101128972136e-03 2.904812550318605900e+08 1.087170000000000000e+06
2.077491600256073032e-03 2.889411217216615081e+08 1.089106000000000000e+06
2.082490263514271377e-03 2.922343938951529860e+08 1.102480000000000000e+06
2.087503857971884612e-03 2.914122405560237169e+08 1.105394000000000000e+06
2.092503523782449169e-03 2.895590891305140853e+08 1.107222000000000000e+06
2.097504492547587820e-03 2.899038830027257204e+08 1.116882000000000000e+06
2.102502685789855909e-03 2.888963020459734797e+08 1.116374000000000000e+06
2.107499979619193581e-03 2.917801928894311786e+08 1.127964000000000000e+06
2.112507311986506955e-03 2.919028227278468013e+08 1.129778000000000000e+06
2.117503876956241312e-03 2.902935676560827494e+08 1.134558000000000000e+06
2.122508680157758187e-03 2.905809229077497125e+08 1.145210000000000000e+06
2.127504488972759532e-03 2.890083060734673738e+08 1.140734000000000000e+06
2.132500433958772843e-03 2.934169732839081287e+08 1.156164000000000000e+06
2.137502910104161630e-03 2.925512585442493558e+08 1.153590000000000000e+06
2.142494920416512100e-03 2.931348908660537004e+08 1.162298000000000000e+06
2.147495797506464212e-03 2.920222172443002462e+08 1.169526000000000000e+06
2.152493281260004984e-03 2.920333926725741625e+08 1.171220000000000000e+06
2.157501000857708472e-03 2.933992200775213242e+08 1.184930000000000000e+06
2.162499849271904123e-03 2.946401021069673896e+08 1.178182000000000000e+06
2.167496516876243288e-03 2.939075591930402517e+08 1.194410000000000000e+06
2.172505527743397082e-03 2.943188477460559607e+08 1.195998000000000000e+06
2.177501961839848309e-03 2.942172947428888083e+08 1.199420000000000000e+06
2.182508532319544451e-03 2.966449662934570909e+08 1.210710000000000000e+06
2.187515849824085788e-03 2.973786219938046336e+08 1.211042000000000000e+06
2.192506726533691597e-03 2.973327309051020741e+08 1.214194000000000000e+06
2.197504094745290470e-03 2.981523075945096612e+08 1.225726000000000000e+06
2.202502770796476404e-03 2.982456676834954023e+08 1.226340000000000000e+06
2.207503329925541297e-03 3.002004568734551072e+08 1.236326000000000000e+06
2.212512203182011392e-03 3.010739352452013493e+08 1.242618000000000000e+06
2.217507929175807548e-03 3.022330572408128977e+08 1.240518000000000000e+06
2.222493197247445672e-03 3.015106087500696182e+08 1.249250000000000000e+06
2.227494841503401685e-03 3.020029840386982560e+08 1.259712000000000000e+06
2.232501328730005473e-03 3.072571566729466319e+08 1.262282000000000000e+06
2.237506766280311990e-03 3.081307324792767763e+08 1.271058000000000000e+06
2.242509427643717048e-03 3.059221608025751710e+08 1.272542000000000000e+06
2.247506460510205733e-03 3.066673468649976254e+08 1.279290000000000000e+06
2.252505562392880661e-03 3.088743816765530705e+08 1.285712000000000000e+06
2.257502161577187166e-03 3.111854613411073685e+08 1.287666000000000000e+06
2.262503212731156819e-03 3.118332305267496109e+08 1.300550000000000000e+06
2.267502286939679715e-03 3.205307079185342789e+08 1.298178000000000000e+06
2.272493847564198942e-03 3.775927575228019953e+08 1.307474000000000000e+06
2.277499853489131035e-03 3.175540628041150570e+08 1.318352000000000000e+06
2.282509250537485129e-03 3.176867174726576209e+08 1.319794000000000000e+06
2.287509396710824417e-03 3.159486692123697996e+08 1.325342000000000000e+06
2.292502871366864162e-03 3.158239806272462606e+08 1.328106000000000000e+06
2.297505065070700164e-03 3.154689360575407743e+08 1.341302000000000000e+06
2.302508786308907294e-03 3.165717417318744659e+08 1.340940000000000000e+06
2.307499957993134222e-03 3.165620182412107587e+08 1.345718000000000000e+06
2.312505654383394550e-03 3.201826168807669282e+08 1.359690000000000000e+06
2.317507310934532362e-03 3.169989459565686584e+08 1.357034000000000000e+06
2.322506709142451581e-03 3.152428386150551438e+08 1.369614000000000000e+06
2.327509541753211911e-03 3.171721034319385886e+08 1.370660000000000000e+06
2.332505374945616564e-03 3.166709938596009016e+08 1.377390000000000000e+06
2.337506616121619047e-03 3.159030855394270420e+08 1.384898000000000000e+06
2.342508673956124072e-03 3.162328157558489442e+08 1.390326000000000000e+06
2.347506018626376988e-03 3.162179135414762497e+08 1.394274000000000000e+06
2.352499870825901923e-03 3.191327876430085897e+08 1.399772000000000000e+06
2.357498782767991456e-03 3.187105767873403430e+08 1.409622000000000000e+06
2.362508788783337834e-03 3.180419695711178780e+08 1.417226000000000000e+06
2.367506917056212343e-03 3.178147319946292639e+08 1.415190000000000000e+06
2.372500013789954464e-03 3.172272696814777255e+08 1.427420000000000000e+06
2.377497088592104256e-03 3.193152142584116459e+08 1.428318000000000000e+06
2.382496827577847403e-03 3.201002625554497242e+08 1.440554000000000000e+06
2.387511779745463657e-03 3.194623085945670009e+08 1.449438000000000000e+06
2.392508820164852487e-03 3.208904927439660430e+08 1.442642000000000000e+06
2.397503282490163687e-03 3.208841326487704515e+08 1.460988000000000000e+06
2.402511216327567374e-03 3.220696982199016809e+08 1.461366000000000000e+06
2.407498949695596573e-03 3.219838380661602616e+08 1.461458000000000000e+06
2.412499243112987014e-03 3.224470715867080092e+08 1.481070000000000000e+06
2.417504393895230242e-03 3.220561386802443266e+08 1.476506000000000000e+06
2.422494076689702628e-03 3.223304101933674216e+08 1.485072000000000000e+06
2.427488246428547922e-03 3.240894811766011119e+08 1.490330000000000000e+06
2.432499879842116124e-03 3.243973394232843518e+08 1.507202000000000000e+06
2.437511100104603270e-03 3.258645109523670077e+08 1.503438000000000000e+06
2.442503065020009290e-03 3.255576978765745163e+08 1.508298000000000000e+06
2.447496594619351113e-03 3.267285311449364424e+08 1.517240000000000000e+06
2.452501603328076461e-03 3.267906620381888747e+08 1.526010000000000000e+06
2.457501519320612077e-03 3.262089099646914601e+08 1.526678000000000000e+06
2.462496317542054933e-03 3.274409705794908404e+08 1.536210000000000000e+06
2.467491836052172847e-03 3.281550375888235569e+08 1.539342000000000000e+06
2.472490089582345812e-03 3.287063795616307259e+08 1.550612000000000000e+06
2.477503036657211812e-03 3.300634743921717405e+08 1.560378000000000000e+06
2.482507375323413090e-03 3.303365742661486864e+08 1.557878000000000000e+06
2.487512241210870605e-03 3.305327380300121307e+08 1.573674000000000000e+06
2.492504956082414614e-03 3.314222091759638190e+08 1.563590000000000000e+06
2.497496904113876738e-03 3.319145105529668331e+08 1.584876000000000000e+06
2.502504372538643610e-03 3.322850673828643560e+08 1.585574000000000000e+06
2.507505525150150513e-03 3.332531378934079409e+08 1.593714000000000000e+06
2.512500825249356241e-03 3.341225553274005651e+08 1.594922000000000000e+06
2.517497824334072407e-03 3.335505791780099869e+08 1.608270000000000000e+06
2.522499474481629863e-03 3.352302899689337015e+08 1.610348000000000000e+06
2.527500862017736504e-03 3.365256112214928269e+08 1.619550000000000000e+06
2.532512651140056588e-03 3.368907169569070339e+08 1.631418000000000000e+06
2.537507431583690271e-03 3.365077874907802939e+08 1.620374000000000000e+06
2.542490765734302469e-03 3.369900826377767324e+08 1.637586000000000000e+06
2.547499813779168561e-03 3.386821559969016314e+08 1.649696000000000000e+06
2.552506535194142435e-03 3.404022225977497697e+08 1.648290000000000000e+06
2.557501373490818786e-03 3.404706488351925611e+08 1.655402000000000000e+06
2.562499360380950542e-03 3.400502580119122863e+08 1.663926000000000000e+06
2.567496710666306026e-03 3.406477706772278547e+08 1.667402000000000000e+06
2.572496721064588317e-03 3.427718150945358872e+08 1.679040000000000000e+06
2.577501644018401379e-03 3.431590961372534037e+08 1.682642000000000000e+06
2.582503434282141380e-03 3.432613033509016037e+08 1.690758000000000000e+06
2.587503148623914936e-03 3.431795586825463176e+08 1.694586000000000000e+06
2.592500545517743143e-03 3.436150513156601787e+08 1.701530000000000000e+06
2.597495523860445920e-03 3.462893385158243775e+08 1.707192000000000000e+06
2.602500801006185204e-03 3.470852033772844672e+08 1.720738000000000000e+06
2.607506554201705681e-03 3.474333792401655912e+08 1.721086000000000000e+06
2.612508499237363620e-03 3.474441562620521784e+08 1.731290000000000000e+06
2.617507339264158253e-03 3.484375028896452785e+08 1.732680000000000000e+06
2.622505127230570932e-03 3.502275212658796310e+08 1.743098000000000000e+06
2.627501312967867736e-03 3.505008784996922016e+08 1.744806000000000000e+06
2.632487566308235744e-03 3.506161071627711058e+08 1.749122000000000000e+06
2.637493667406545263e-03 3.512764601036297679e+08 1.773490000000000000e+06
2.642510768824016861e-03 3.518588636394684315e+08 1.769512000000000000e+06
2.647511775438815117e-03 3.540145217700839043e+08 1.775594000000000000e+06
2.652507618942843721e-03 3.538356759776707292e+08 1.779118000000000000e+06
2.657508418822028106e-03 3.542187118848982453e+08 1.791794000000000000e+06
2.662508154782072204e-03 3.545100091163242459e+08 1.793046000000000000e+06
2.667492253239787687e-03 3.557904308110041618e+08 1.793684000000000000e+06
2.672494484000571477e-03 3.571463166986606121e+08 1.819098000000000000e+06
2.677508364899372321e-03 3.581839845029561520e+08 1.816310000000000000e+06
2.682506120353938921e-03 3.588497346818292141e+08 1.819986000000000000e+06
2.687498127988440563e-03 3.590705742316413522e+08 1.827182000000000000e+06
2.692502825379878423e-03 3.594230710815268755e+08 1.842780000000000000e+06
2.697504717938530115e-03 3.621278347301205993e+08 1.837382000000000000e+06
2.702503131345070000e-03 3.617666035165195465e+08 1.854474000000000000e+06
2.707506238207856800e-03 3.627121991623548865e+08 1.854134000000000000e+06
2.712508687655746775e-03 3.635639484824045897e+08 1.868562000000000000e+06
2.717501234192336735e-03 3.644318600406925678e+08 1.861356000000000000e+06
2.722502946795331280e-03 3.658363964985563755e+08 1.887038000000000000e+06
2.727506943379851435e-03 3.655584781590535045e+08 1.877898000000000000e+06
2.732505059216792584e-03 3.671401051968734264e+08 1.896374000000000000e+06
2.737507032074870238e-03 3.664429787923462987e+08 1.894650000000000000e+06
2.742497321251729202e-03 3.683094726559948921e+08 1.902416000000000000e+06
2.747495435087371485e-03 3.708376783164161444e+08 1.912266000000000000e+06
2.752500107929916479e-03 3.708743529950776696e+08 1.922090000000000000e+06
2.757502152774845075e-03 3.713283685420247912e+08 1.925358000000000000e+06
2.762496294992226962e-03 3.715560269340081215e+08 1.929242000000000000e+06
2.767498097289389399e-03 3.727409741790494323e+08 1.945944000000000000e+06
2.772504123280456877e-03 3.749573706786707640e+08 1.945290000000000000e+06
2.777506558448666982e-03 3.747834624567995667e+08 1.957046000000000000e+06
2.782503890608687032e-03 3.754573666090787053e+08 1.956714000000000000e+06
2.787493472380761072e-03 3.765509396196917295e+08 1.964534000000000000e+06
2.792494423969994928e-03 3.784852235634337664e+08 1.979988000000000000e+06
2.797504618805172170e-03 3.796511025252470970e+08 1.985090000000000000e+06
2.802506727443244278e-03 3.811305462777498364e+08 1.988190000000000000e+06
2.807509569233243140e-03 3.798640252422418594e+08 2.000570000000000000e+06
2.812504766701760198e-03 3.806095514626867771e+08 1.996422000000000000e+06
2.817499072093933039e-03 3.846733019951316714e+08 2.013020000000000000e+06
2.822504513555147612e-03 3.840429707824690342e+08 2.020062000000000000e+06
2.827502534278904505e-03 3.854226854922896624e+08 2.020346000000000000e+06
2.832497913948511283e-03 3.845968673932638764e+08 2.034210000000000000e+06
2.837495552862288710e-03 3.851490881327475905e+08 2.035646000000000000e+06
2.842494965485778662e-03 3.887467301276670098e+08 2.050124000000000000e+06
2.847502142152822519e-03 3.898198198132516146e+08 2.055862000000000000e+06
2.852497360311875667e-03 3.904582690679407716e+08 2.055074000000000000e+06
2.857489824258976994e-03 3.899407677951500416e+08 2.068350000000000000e+06
2.862493043834392088e-03 3.895592621336398721e+08 2.078540000000000000e+06
2.867496801683002729e-03 3.942871732700413465e+08 2.082030000000000000e+06
2.872502479958904086e-03 3.952185270426623225e+08 2.095538000000000000e+06
2.877501930426959627e-03 3.952878445884946585e+08 2.091474000000000000e+06
2.882496681346079833e-03 3.948142679188388586e+08 2.106182000000000000e+06
2.887501083184008076e-03 3.955453437880827785e+08 2.115012000000000000e+06
2.892499539720798200e-03 3.999396196042235494e+08 2.114198000000000000e+06
2.897496764866060084e-03 4.008952979217480421e+08 2.129370000000000000e+06
2.902500859247592480e-03 4.011680971480267048e+08 2.134534000000000000e+06
2.907502629084669516e-03 3.998480851019536257e+08 2.141914000000000000e+06
2.912502067678533323e-03 4.016172122189801335e+08 2.148348000000000000e+06
2.917504283061589810e-03 4.075499332120123506e+08 2.158046000000000000e+06
2.922504971481115852e-03 4.064656670767452121e+08 2.161866000000000000e+06
2.927505645891761467e-03 4.067303684647893906e+08 2.173238000000000000e+06
2.932503399409720508e-03 4.063014554470884204e+08 2.173698000000000000e+06
2.937495779207710545e-03 4.077283144750495553e+08 2.184632000000000000e+06
2.942501262794092187e-03 4.131102301051989198e+08 2.198514000000000000e+06
2.947501306352602081e-03 4.136425486797742248e+08 2.194934000000000000e+06
2.952491038231935642e-03 4.138239111708298922e+08 2.204634000000000000e+06
2.957496203236902998e-03 4.119336265595676303e+08 2.223738000000000000e+06
2.962503265175511335e-03 4.158630482854178548e+08 2.222048000000000000e+06
2.967504664941792748e-03 4.211460295665642023e+08 2.232842000000000000e+06
2.972504963866601929e-03 4.210642929826951623e+08 2.235294000000000000e+06
2.977503889702225789e-03 4.197536505959653258e+08 2.247810000000000000e+06
2.982501507079493661e-03 4.174937375702978969e+08 2.248886000000000000e+06
2.987498284824701474e-03 4.221707889087226987e+08 2.262588000000000000e+06
2.992506699033152789e-03 4.285521972420148849e+08 2.273762000000000000e+06
2.997511571158587452e-03 4.292325619664580226e+08 2.274558000000000000e+06
3.002510273481727183e-03 4.267222720230726004e+08 2.283818000000000000e+06
3.007509818290109507e-03 4.224578626354085803e+08 2.291190000000000000e+06
3.012504067777295111e-03 4.317041051630792022e+08 2.293940000000000000e+06
3.017503853154300184e-03 4.350864442444108725e+08 2.310462000000000000e+06
3.022506894001633897e-03 4.365646776278579235e+08 2.312074000000000000e+06
3.027504306801841183e-03 4.342046587039780021e+08 2.321182000000000000e+06
3.032504283027307856e-03 4.287109337973412871e+08 2.330546000000000000e+06
3.037502971020535330e-03 4.414663557616797686e+08 2.335284000000000000e+06
3.042502391796967146e-03 4.455570342382434607e+08 2.345454000000000000e+06
3.047507755453108137e-03 4.454574993471135497e+08 2.356466000000000000e+06
3.052504798953002436e-03 4.430794331303307414e+08 2.353734000000000000e+06
3.057497045283492400e-03 4.323341985976902843e+08 2.367938000000000000e+06
3.062498016719618181e-03 4.518024815317778587e+08 2.376600000000000000e+06
3.067503056625650419e-03 4.553641165940266848e+08 2.386178000000000000e+06
3.072507130016269815e-03 4.537311557623693347e+08 2.392386000000000000e+06
3.077504819949826356e-03 4.508772093196682930e+08 2.395934000000000000e+06
3.082499381265961774e-03 4.376104193810622096e+08 2.405724000000000000e+06
3.087501025121056585e-03 4.652783992525804043e+08 2.417238000000000000e+06
3.092499931077239035e-03 4.652746632389415503e+08 2.418074000000000000e+06
3.097499594184472543e-03 4.651899005463723540e+08 2.434134000000000000e+06
3.102501724149653133e-03 4.590869815130916834e+08 2.437026000000000000e+06
3.107497745029813314e-03 4.417206563776922822e+08 2.443352000000000000e+06
3.112493979986301340e-03 4.748447871792583466e+08 2.452730000000000000e+06
3.117497884298461603e-03 4.765783691162514687e+08 2.466210000000000000e+06
3.122507749497790714e-03 4.756559647386547923e+08 2.475254000000000000e+06
3.127508561627511188e-03 4.694903404899541140e+08 2.473746000000000000e+06
3.132499239466733729e-03 4.484857600027780533e+08 2.480336000000000000e+06
3.137500498598909220e-03 4.901952476285935640e+08 2.499234000000000000e+06
3.142505488375327023e-03 4.904513251138634086e+08 2.500782000000000000e+06
3.147500180735538639e-03 4.915302795080641508e+08 2.503898000000000000e+06
3.152499591190623812e-03 4.818063219406591654e+08 2.523162000000000000e+06
3.157502427839891952e-03 4.535854601017456055e+08 2.522888000000000000e+06
3.162505312609653358e-03 5.016133178191458583e+08 2.538450000000000000e+06
3.167510713233477604e-03 5.016105621908297539e+08 2.541758000000000000e+06
3.172508148416885217e-03 5.055222342789205313e+08 2.546610000000000000e+06
3.177508192297492495e-03 4.938725563537739515e+08 2.560406000000000000e+06
3.182506532320651411e-03 4.589265827238130569e+08 2.561244000000000000e+06
3.187500122580552708e-03 5.186592199671720862e+08 2.570378000000000000e+06
3.192503394107648173e-03 5.157516821962172389e+08 2.588166000000000000e+06
3.197509216168495719e-03 5.172218612823448181e+08 2.589842000000000000e+06
3.202509101373102272e-03 5.059452555774729848e+08 2.597574000000000000e+06
3.207506311354529991e-03 4.651612382627336383e+08 2.604300000000000000e+06
3.212506181345569159e-03 5.557375800329307318e+08 2.614886000000000000e+06
