# in Mpc/h Units 
# D1 = 1 
# k P N P(z=0)
0.00628319 3.61713e-13 12 3.61713e-13
0.00888577 1.78916e-13 24 1.78916e-13
0.0108828 1.05946e-13 16 1.05946e-13
0.0125664 1.88187e-12 12 1.88187e-12
0.0140496 4.80765e-12 48 4.80765e-12
0.0153906 2.85229e-12 48 2.85229e-12
0.0177715 5.31927e-12 24 5.31927e-12
0.0188496 5.47042e-12 60 5.47042e-12
0.0198692 1.97959e-11 48 1.97959e-11
0.020839 2.01005e-11 48 2.01005e-11
0.0217656 1.15764e-12 16 1.15764e-12
0.0226543 2.08875e-11 48 2.08875e-11
0.0235095 1.46385e-11 96 1.46385e-11
0.0251327 7.47306e-11 12 7.47306e-11
0.0259062 4.43323e-11 96 4.43323e-11
0.0266573 4.85897e-11 72 4.85897e-11
0.0273878 4.03816e-11 48 4.03816e-11
0.0280993 7.59785e-11 48 7.59785e-11
0.0287932 7.21065e-11 96 7.21065e-11
0.0294708 1.0237e-11 48 1.0237e-11
0.0307812 3.69102e-11 48 3.69102e-11
0.0314159 9.40125e-11 60 9.40125e-11
0.0320381 9.59316e-11 144 9.59316e-11
0.0326484 2.21518e-10 64 2.21518e-10
0.033836 1.22267e-10 144 1.22267e-10
0.0344144 1.52681e-10 96 1.52681e-10
0.0355431 1.08935e-10 24 1.08935e-10
0.0360942 1.53099e-10 96 1.53099e-10
0.036637 8.97125e-11 96 8.97125e-11
0.0371718 1.41801e-10 96 1.41801e-10
0.0376991 2.96753e-11 60 2.96753e-11
0.0382191 4.87315e-10 48 4.87315e-10
0.0387322 3.11204e-10 144 3.11204e-10
0.0397384 5.07798e-10 48 5.07798e-10
0.040232 2.99358e-10 192 2.99358e-10
0.0407197 2.70624e-10 96 2.70624e-10
0.0412016 1.02282e-10 48 1.02282e-10
0.0416779 9.54014e-10 48 9.54014e-10
0.0421489 1.92961e-10 144 1.92961e-10
0.0426146 4.34771e-10 96 4.34771e-10
0.0435312 1.07958e-11 16 1.07958e-11
0.0439823 2.67125e-10 108 2.67125e-10
0.0444288 2.04412e-10 168 2.04412e-10
0.0448709 4.76583e-10 96 4.76583e-10
0.0453087 3.91504e-10 48 3.91504e-10
0.0457423 6.50195e-10 144 6.50195e-10
0.0461718 6.1064e-10 192 6.1064e-10
0.0470191 2.87217e-10 96 2.87217e-10
0.047437 4.18711e-10 96 4.18711e-10
0.0478513 7.50577e-10 48 7.50577e-10
0.0482621 5.20913e-10 144 5.20913e-10
0.0490732 2.96341e-10 144 2.96341e-10
0.0494739 8.23947e-10 192 8.23947e-10
0.0502655 8.57419e-10 12 8.57419e-10
0.0506567 8.1779e-10 192 8.1779e-10
0.0510448 7.7258e-10 192 7.7258e-10
0.0514301 4.54081e-10 48 4.54081e-10
0.0518125 6.97804e-10 96 6.97804e-10
0.0521921 9.96027e-10 192 9.96027e-10
0.0525689 3.33688e-10 96 3.33688e-10
0.0533146 9.95799e-10 72 9.95799e-10
0.0536836 9.16787e-10 96 9.16787e-10
0.05405 6.85372e-10 240 6.85372e-10
0.054414 3.80831e-10 112 3.80831e-10
0.0547755 3.54519e-10 48 3.54519e-10
0.0551347 8.83143e-10 192 8.83143e-10
0.0554916 6.44703e-10 96 6.44703e-10
0.0561985 1.49894e-09 48 1.49894e-09
0.0565487 8.4905e-10 204 8.4905e-10
0.0568967 1.93831e-09 96 1.93831e-09
0.0572425 1.17089e-09 144 1.17089e-09
0.0575863 1.45241e-09 96 1.45241e-09
0.0579281 1.58679e-09 96 1.58679e-09
0.0582679 1.04732e-09 240 1.04732e-09
0.0589415 1.59412e-10 48 1.59412e-10
0.0592755 1.20361e-09 288 1.20361e-09
0.0596075 1.03787e-09 240 1.03787e-09
0.0599378 2.10838e-09 96 2.10838e-09
0.0605928 1.08889e-09 96 1.08889e-09
0.0609177 1.30084e-09 192 1.30084e-09
0.0615624 6.90092e-10 48 6.90092e-10
0.0618822 1.1822e-09 96 1.1822e-09
0.0622004 1.24407e-09 216 1.24407e-09
0.0625169 1.09201e-09 144 1.09201e-09
0.0628319 2.81132e-09 60 2.81132e-09
0.0631452 1.66914e-09 336 1.66914e-09
0.0634571 3.13341e-09 96 3.13341e-09
0.0640762 1.54417e-09 144 1.54417e-09
0.0643835 2.49238e-09 192 2.49238e-09
0.0646894 2.42298e-09 144 2.42298e-09
0.0649938 1.69268e-09 144 1.69268e-09
0.0652968 2.73256e-09 64 2.73256e-09
0.0655984 1.21879e-09 144 1.21879e-09
0.0658986 2.33499e-09 288 2.33499e-09
0.0667912 2.62085e-09 192 2.62085e-09
0.0670861 9.98768e-10 192 9.98768e-10
0.0673797 1.72368e-09 96 1.72368e-09
0.067672 2.0721e-09 144 2.0721e-09
0.067963 2.55398e-09 240 2.55398e-09
0.0682529 1.86492e-09 144 1.86492e-09
0.0688288 2.71691e-09 96 2.71691e-09
0.069115 1.56961e-09 156 1.56961e-09
0.0694001 1.56744e-09 240 1.56744e-09
0.0696839 2.71576e-09 96 2.71576e-09
0.0702481 2.56938e-09 288 2.56938e-09
0.0705286 3.5289e-09 288 3.5289e-09
0.0710861 3.33796e-09 24 3.33796e-09
0.0713633 2.28097e-09 288 2.28097e-09
0.0716393 3.00864e-09 96 3.00864e-09
0.0719926 3.58135e-09 336 3.58135e-09
0.0724612 1.28043e-09 96 1.28043e-09
0.0727331 2.40109e-09 336 2.40109e-09
0.0734532 2.33542e-09 288 2.33542e-09
0.0738107 2.88991e-09 192 2.88991e-09
0.0740777 2.90881e-09 144 2.90881e-09
0.0743437 2.34889e-09 96 2.34889e-09
0.0746967 3.63347e-09 288 3.63347e-09
0.0753982 3.55634e-09 60 3.55634e-09
0.0758332 3.10081e-09 576 3.10081e-09
0.0761796 4.01331e-09 112 4.01331e-09
0.0766638 4.79886e-09 384 4.79886e-09
0.076953 2.80153e-09 240 2.80153e-09
0.0776339 3.39913e-09 432 3.39913e-09
0.0779723 3.79817e-09 192 3.79817e-09
0.078225 1.80516e-09 192 1.80516e-09
0.0787281 7.47621e-09 144 7.47621e-09
0.0789784 3.90611e-09 192 3.90611e-09
0.0794767 7.99279e-09 48 7.99279e-09
0.0798137 3.85235e-09 600 3.85235e-09
0.0802183 2.59841e-09 48 2.59841e-09
0.0805865 2.6513e-09 384 2.6513e-09
0.0809532 2.17104e-09 240 2.17104e-09
0.0814394 2.43072e-09 96 2.43072e-09
0.0818379 5.92321e-09 444 5.92321e-09
0.0821633 4.69961e-09 240 4.69961e-09
0.0826125 4.70962e-09 384 4.70962e-09
0.0828809 5.33065e-09 288 5.33065e-09
0.0833559 3.03925e-09 48 3.03925e-09
0.0837495 7.53201e-09 288 7.53201e-09
0.0840633 6.37855e-09 240 6.37855e-09
0.0844439 3.22535e-09 384 3.22535e-09
0.0847648 5.7967e-09 288 5.7967e-09
0.0852293 4.80681e-09 96 4.80681e-09
0.0855594 4.69441e-09 672 4.69441e-09
0.0859213 6.5697e-09 96 6.5697e-09
0.0864252 4.90203e-09 480 4.90203e-09
0.0870624 2.03055e-10 16 2.03055e-10
0.0872888 5.46443e-09 96 5.46443e-09
0.087579 6.90823e-09 672 6.90823e-09
0.0881192 6.4177e-09 348 6.4177e-09
0.0884123 6.41614e-09 240 6.41614e-09
0.0889978 6.73014e-09 456 6.73014e-09
0.089427 5.3199e-09 336 5.3199e-09
0.0898883 8.07659e-09 288 8.07659e-09
0.0901807 6.41108e-09 480 6.41108e-09
0.0906174 5.7114e-09 48 5.7114e-09
0.090897 5.83996e-09 672 5.83996e-09
0.0913765 6.71039e-09 288 6.71039e-09
0.0917922 7.58959e-09 336 7.58959e-09
0.0923436 8.71518e-09 192 8.71518e-09
0.0926754 4.96191e-09 432 4.96191e-09
0.0932651 7.70469e-09 576 7.70469e-09
0.0936174 8.81444e-09 288 8.81444e-09
0.0941969 8.5944e-09 396 8.5944e-09
0.094573 9.14862e-09 432 9.14862e-09
0.0950225 6.99447e-09 336 6.99447e-09
0.0952892 8.97596e-09 480 8.97596e-09
0.0958792 1.02376e-08 336 1.02376e-08
0.0962314 9.49254e-09 672 9.49254e-09
0.0968099 8.26654e-09 480 8.26654e-09
0.097638 1.05875e-08 552 1.05875e-08
0.0981837 8.69823e-09 688 8.69823e-09
0.0985479 6.30951e-09 288 6.30951e-09
0.0990673 6.90993e-09 480 6.90993e-09
0.0994528 7.5598e-09 624 7.5598e-09
0.100098 9.79547e-09 480 9.79547e-09
0.100531 1.19661e-08 12 1.19661e-08
0.100874 1.01709e-08 768 1.01709e-08
0.101448 1.22913e-08 624 1.22913e-08
0.101924 1.11282e-08 336 1.11282e-08
0.102421 1.30207e-08 672 1.30207e-08
0.102983 9.09345e-09 672 9.09345e-09
0.103243 8.68465e-09 384 8.68465e-09
0.103879 1.39106e-08 576 1.39106e-08
0.104279 1.76316e-08 432 1.76316e-08
0.104705 1.0321e-08 480 1.0321e-08
0.105349 1.12162e-08 768 1.12162e-08
0.1057 1.03319e-08 144 1.03319e-08
0.106152 1.01854e-08 672 1.01854e-08
0.106914 1.60486e-08 756 1.60486e-08
0.107244 1.4375e-08 288 1.4375e-08
0.107631 1.37351e-08 768 1.37351e-08
0.10826 1.56534e-08 768 1.56534e-08
0.108777 1.30291e-08 688 1.30291e-08
0.10919 1.28241e-08 288 1.28241e-08
0.109816 1.58086e-08 912 1.58086e-08
0.110311 1.70794e-08 624 1.70794e-08
0.110746 1.26382e-08 288 1.26382e-08
0.111354 1.32962e-08 1104 1.32962e-08
0.111965 1.4078e-08 528 1.4078e-08
0.112557 1.68748e-08 528 1.68748e-08
0.112926 1.30084e-08 588 1.30084e-08
0.113378 1.67158e-08 864 1.67158e-08
0.113986 2.04849e-08 864 2.04849e-08
0.114516 1.4871e-08 528 1.4871e-08
0.114915 2.13145e-08 384 2.13145e-08
0.115567 1.95738e-08 936 1.95738e-08
0.116093 1.83911e-08 1104 1.83911e-08
0.116705 1.45163e-08 672 1.45163e-08
0.117239 1.96826e-08 576 1.96826e-08
0.117777 1.78837e-08 912 1.78837e-08
0.118366 1.6884e-08 864 1.6884e-08
0.118788 2.3378e-08 336 2.3378e-08
0.119469 1.82513e-08 1132 1.82513e-08
0.120077 2.41337e-08 864 2.41337e-08
0.120751 2.42338e-08 864 2.42338e-08
0.121153 2.4402e-08 720 2.4402e-08
0.121711 2.4227e-08 1248 2.4227e-08
0.122203 2.50291e-08 528 2.50291e-08
0.122718 2.3524e-08 720 2.3524e-08
0.123453 2.39956e-08 912 2.39956e-08
0.123969 2.2371e-08 1008 2.2371e-08
0.12467 2.12011e-08 1128 2.12011e-08
0.12526 2.34608e-08 768 2.34608e-08
0.125876 2.70463e-08 924 2.70463e-08
0.126429 2.98801e-08 1248 2.98801e-08
0.127121 2.4897e-08 864 2.4897e-08
0.127677 2.82795e-08 1248 2.82795e-08
0.128318 2.42562e-08 624 2.42562e-08
0.128807 3.07067e-08 1104 3.07067e-08
0.129504 3.19064e-08 816 3.19064e-08
0.129878 3.00362e-08 1200 3.00362e-08
0.130701 2.26938e-08 1216 2.26938e-08
0.131297 2.3275e-08 1008 2.3275e-08
0.131933 2.94822e-08 1020 2.94822e-08
0.13258 3.52914e-08 1200 3.52914e-08
0.133214 3.53019e-08 984 3.53019e-08
0.133672 3.91994e-08 1104 3.91994e-08
0.134446 2.44439e-08 1392 2.44439e-08
0.13492 2.99501e-08 1008 2.99501e-08
0.135589 3.79066e-08 1056 3.79066e-08
0.136149 3.08352e-08 1248 3.08352e-08
0.136788 2.84516e-08 1008 2.84516e-08
0.137489 4.18716e-08 1104 4.18716e-08
0.138157 3.29942e-08 1308 3.29942e-08
0.138792 3.68321e-08 1680 3.68321e-08
0.139482 4.4217e-08 1488 4.4217e-08
0.140148 3.93839e-08 912 3.93839e-08
0.140735 4.22837e-08 1296 4.22837e-08
0.141506 3.44451e-08 1792 3.44451e-08
0.142105 3.93797e-08 792 3.93797e-08
0.142726 3.945e-08 1632 3.945e-08
0.14348 3.85836e-08 1344 3.85836e-08
0.144008 4.46182e-08 1104 4.46182e-08
0.14474 4.43875e-08 1788 4.43875e-08
0.145447 5.07726e-08 1344 5.07726e-08
0.146112 4.76151e-08 1248 4.76151e-08
0.146784 4.50929e-08 1776 4.50929e-08
0.147376 4.36432e-08 1440 4.36432e-08
0.148179 5.31715e-08 1872 5.31715e-08
0.148977 4.79393e-08 1296 4.79393e-08
0.149637 5.02706e-08 1872 5.02706e-08
0.150285 5.05966e-08 1392 5.05966e-08
0.151106 5.5088e-08 1236 5.5088e-08
0.151697 5.6048e-08 2016 5.6048e-08
0.15237 6.07441e-08 1744 6.07441e-08
0.153147 5.22781e-08 1920 5.22781e-08
0.153934 5.9654e-08 1776 5.9654e-08
0.154569 5.60967e-08 1296 5.60967e-08
0.155288 6.24285e-08 1680 6.24285e-08
0.155941 5.86965e-08 1824 5.86965e-08
0.156682 4.59059e-08 1548 4.59059e-08
0.157451 6.15422e-08 2544 6.15422e-08
0.158249 6.83359e-08 1824 6.83359e-08
0.159019 7.14144e-08 1728 7.14144e-08
0.159745 5.42604e-08 1848 5.42604e-08
0.160428 7.17557e-08 2160 7.17557e-08
0.161255 6.8885e-08 2016 6.8885e-08
0.161989 6.56896e-08 2256 6.56896e-08
0.162879 6.76077e-08 1536 6.76077e-08
0.1635 7.44965e-08 2092 7.44965e-08
0.164304 7.02662e-08 2304 7.02662e-08
0.16512 7.04745e-08 2544 7.04745e-08
0.165918 7.77696e-08 1824 7.77696e-08
0.166638 8.31572e-08 2400 8.31572e-08
0.167465 7.90643e-08 2160 7.90643e-08
0.1681 6.5761e-08 1680 6.5761e-08
0.169017 8.08362e-08 2664 8.08362e-08
0.169783 8.28376e-08 2124 8.28376e-08
0.170536 9.12594e-08 2640 9.12594e-08
0.17142 9.295e-08 2496 9.295e-08
0.172167 7.85112e-08 2208 7.85112e-08
0.173001 9.19946e-08 2784 9.19946e-08
0.173739 8.82615e-08 1552 8.82615e-08
0.174601 9.26014e-08 3456 9.26014e-08
0.175449 8.8324e-08 2448 8.8324e-08
0.17633 1.02458e-07 2508 1.02458e-07
0.177179 1.11329e-07 2736 1.11329e-07
0.177982 9.24974e-08 2472 9.24974e-08
0.178748 9.94464e-08 3216 9.94464e-08
0.179662 1.00659e-07 2016 1.00659e-07
0.180329 1.07549e-07 2976 1.07549e-07
0.181298 1.08707e-07 2880 1.08707e-07
0.182161 9.78924e-08 2316 9.78924e-08
0.182962 1.25345e-07 3648 1.25345e-07
0.183819 1.24391e-07 2928 1.24391e-07
0.184763 1.07567e-07 2896 1.07567e-07
0.18557 1.21151e-07 3120 1.21151e-07
0.186484 1.32757e-07 2856 1.32757e-07
0.187347 1.15187e-07 3360 1.15187e-07
0.188277 1.30439e-07 2988 1.30439e-07
0.189164 1.32882e-07 3888 1.32882e-07
0.190083 1.29467e-07 2736 1.29467e-07
0.190912 1.35032e-07 3168 1.35032e-07
0.191791 1.24882e-07 3552 1.24882e-07
0.192627 1.3343e-07 2880 1.3343e-07
0.19355 1.31124e-07 3936 1.31124e-07
0.194476 1.48766e-07 2748 1.48766e-07
0.195383 1.52628e-07 4200 1.52628e-07
0.196314 1.42832e-07 3280 1.42832e-07
0.19731 1.45468e-07 4992 1.45468e-07
0.198246 1.55283e-07 2496 1.55283e-07
0.198969 1.75104e-07 3024 1.75104e-07
0.200004 1.49443e-07 4560 1.49443e-07
0.200981 1.5483e-07 3852 1.5483e-07
0.201907 1.67648e-07 4128 1.67648e-07
0.202923 1.83631e-07 3840 1.83631e-07
0.203766 1.5649e-07 3888 1.5649e-07
0.204817 1.63348e-07 4344 1.63348e-07
0.205802 1.7096e-07 4512 1.7096e-07
0.206744 1.63373e-07 3472 1.63373e-07
0.207695 1.96789e-07 4188 1.96789e-07
0.208661 2.10017e-07 4656 2.10017e-07
0.209635 1.96181e-07 4512 1.96181e-07
0.210605 1.96136e-07 3840 1.96136e-07
0.211552 1.96788e-07 5040 1.96788e-07
0.212598 2.14402e-07 4176 2.14402e-07
0.213716 2.13468e-07 5268 2.13468e-07
0.214685 2.13571e-07 4656 2.13571e-07
0.215636 2.1914e-07 4608 2.1914e-07
0.2167 2.33969e-07 5136 2.33969e-07
0.217712 2.35791e-07 4048 2.35791e-07
0.21856 2.09643e-07 4704 2.09643e-07
0.21964 2.32666e-07 5436 2.32666e-07
0.220689 2.45827e-07 5040 2.45827e-07
0.221792 2.40716e-07 5544 2.40716e-07
0.222806 2.46637e-07 5280 2.46637e-07
0.223891 2.31975e-07 5760 2.31975e-07
0.224992 2.3816e-07 4896 2.3816e-07
0.225967 2.33381e-07 4956 2.33381e-07
0.226978 2.75681e-07 5808 2.75681e-07
0.228073 2.89273e-07 5632 2.89273e-07
0.229091 2.70568e-07 6048 2.70568e-07
0.230305 2.72502e-07 5904 2.72502e-07
0.231358 2.88921e-07 5592 2.88921e-07
0.232405 2.77489e-07 5964 2.77489e-07
0.23355 3.02872e-07 6624 3.02872e-07
0.234601 3.0677e-07 5376 3.0677e-07
0.235688 2.99191e-07 6288 2.99191e-07
0.236855 3.05334e-07 7344 3.05334e-07
0.237877 3.2352e-07 4656 3.2352e-07
0.239086 3.41825e-07 8092 3.41825e-07
0.240233 3.68691e-07 5688 3.68691e-07
0.241291 3.35541e-07 7200 3.35541e-07
0.242431 3.48477e-07 6528 3.48477e-07
0.243572 3.50173e-07 6576 3.50173e-07
0.244685 3.69783e-07 6396 3.69783e-07
0.245798 3.62272e-07 7728 3.62272e-07
0.246976 3.75506e-07 6912 3.75506e-07
0.248127 3.82809e-07 7488 3.82809e-07
0.24936 3.76625e-07 7752 3.76625e-07
0.250523 3.77246e-07 6784 3.77246e-07
0.251669 3.87958e-07 7836 3.87958e-07
0.252872 4.45737e-07 7728 4.45737e-07
0.254083 4.00128e-07 8208 4.00128e-07
0.255199 4.36456e-07 6960 4.36456e-07
0.256387 4.11149e-07 8160 4.11149e-07
0.257664 4.39631e-07 8340 4.39631e-07
0.258855 4.52409e-07 8352 4.52409e-07
0.26008 4.7158e-07 9120 4.7158e-07
0.261336 4.56118e-07 7312 4.56118e-07
0.262469 4.52136e-07 8688 4.52136e-07
0.263809 4.8019e-07 9660 4.8019e-07
0.265071 4.85251e-07 8832 4.85251e-07
0.266256 4.89389e-07 7752 4.89389e-07
0.267421 4.91747e-07 9504 4.91747e-07
0.268761 4.94734e-07 9936 4.94734e-07
0.2701 5.44594e-07 8988 5.44594e-07
0.27124 5.87377e-07 8400 5.87377e-07
0.272568 5.51875e-07 11584 5.51875e-07
0.273851 5.51027e-07 8448 5.51027e-07
0.275155 5.57898e-07 10440 5.57898e-07
0.276427 5.81307e-07 9180 5.81307e-07
0.277657 6.14074e-07 10656 6.14074e-07
0.27902 6.14842e-07 10608 6.14842e-07
0.280352 6.0135e-07 10080 6.0135e-07
0.281565 6.10679e-07 9840 6.10679e-07
0.282918 6.25528e-07 11500 6.25528e-07
0.284302 6.62735e-07 10776 6.62735e-07
0.285589 6.56675e-07 11568 6.56675e-07
0.286971 6.71533e-07 10800 6.71533e-07
0.288304 6.54095e-07 11280 6.54095e-07
0.289695 7.02327e-07 11868 7.02327e-07
0.291035 6.93579e-07 12240 6.93579e-07
0.292425 7.27971e-07 11088 7.27971e-07
0.293779 7.09302e-07 12328 7.09302e-07
0.295153 7.31112e-07 11676 7.31112e-07
0.296461 8.25001e-07 12288 8.25001e-07
0.297907 7.65796e-07 12576 7.65796e-07
0.299258 7.88412e-07 13152 7.88412e-07
0.300748 7.59544e-07 13008 7.59544e-07
0.302188 8.19205e-07 13188 8.19205e-07
0.30361 8.44724e-07 14016 8.44724e-07
0.305003 8.33699e-07 12400 8.33699e-07
0.306412 8.77189e-07 13536 8.77189e-07
0.307876 8.47248e-07 14364 8.47248e-07
0.309298 9.15595e-07 13728 9.15595e-07
0.310761 9.20365e-07 14616 9.20365e-07
0.312204 8.96579e-07 13488 8.96579e-07
0.313652 9.10628e-07 15372 9.10628e-07
0.315175 9.74203e-07 14560 9.74203e-07
0.31662 9.6058e-07 15840 9.6058e-07
0.318151 1.01798e-06 15120 1.01798e-06
0.319599 9.4828e-07 13896 9.4828e-07
0.321058 1.0707e-06 16860 1.0707e-06
0.322645 1.08259e-06 16656 1.08259e-06
0.324166 1.08224e-06 15648 1.08224e-06
0.32568 1.06023e-06 16320 1.06023e-06
0.327167 1.07801e-06 16060 1.07801e-06
0.328774 1.12329e-06 18744 1.12329e-06
0.330313 1.18388e-06 15936 1.18388e-06
0.331826 1.14254e-06 17136 1.14254e-06
0.333427 1.24832e-06 17868 1.24832e-06
0.334947 1.21488e-06 17904 1.21488e-06
0.336524 1.24623e-06 17760 1.24623e-06
0.338146 1.22869e-06 19096 1.22869e-06
0.339739 1.28071e-06 18252 1.28071e-06
0.341313 1.31409e-06 18768 1.31409e-06
0.342874 1.33351e-06 18576 1.33351e-06
0.344468 1.35163e-06 19584 1.35163e-06
0.346116 1.40223e-06 19140 1.40223e-06
0.34771 1.44664e-06 20752 1.44664e-06
0.349362 1.42232e-06 20304 1.42232e-06
0.351033 1.44136e-06 19920 1.44136e-06
0.352646 1.49496e-06 21564 1.49496e-06
0.354377 1.5464e-06 21984 1.5464e-06
0.356063 1.48991e-06 20904 1.48991e-06
0.357696 1.56172e-06 21612 1.56172e-06
0.359426 1.60512e-06 22624 1.60512e-06
0.361079 1.5554e-06 22224 1.5554e-06
0.362754 1.58642e-06 21696 1.58642e-06
0.364449 1.71177e-06 22788 1.71177e-06
0.366133 1.70263e-06 23904 1.70263e-06
0.367846 1.66538e-06 22704 1.66538e-06
0.369601 1.70711e-06 25168 1.70711e-06
0.371397 1.77875e-06 24780 1.77875e-06
0.373143 1.82744e-06 24504 1.82744e-06
0.374848 1.80577e-06 24480 1.80577e-06
0.37663 1.89096e-06 24972 1.89096e-06
0.378363 1.9562e-06 26160 1.9562e-06
0.380139 1.93422e-06 25936 1.93422e-06
0.381916 1.96136e-06 25224 1.96136e-06
0.38369 2.07919e-06 27948 2.07919e-06
0.385541 2.03468e-06 27888 2.03468e-06
0.387327 2.06959e-06 25680 2.06959e-06
0.3891 2.15098e-06 28716 2.15098e-06
0.390994 2.15172e-06 29176 2.15172e-06
0.392843 2.17896e-06 29376 2.17896e-06
0.394661 2.14144e-06 27120 2.14144e-06
0.396505 2.29697e-06 31164 2.29697e-06
0.398367 2.34367e-06 29088 2.34367e-06
0.400233 2.2998e-06 30840 2.2998e-06
0.402152 2.40913e-06 31228 2.40913e-06
0.40399 2.40297e-06 29760 2.40297e-06
0.405874 2.4944e-06 33456 2.4944e-06
0.407843 2.48501e-06 31380 2.48501e-06
0.409716 2.59498e-06 32496 2.59498e-06
0.411602 2.60508e-06 33168 2.60508e-06
0.413596 2.61876e-06 33808 2.61876e-06
0.415548 2.77364e-06 34860 2.77364e-06
0.417499 2.75253e-06 33816 2.75253e-06
0.419429 2.73096e-06 35280 2.73096e-06
0.421439 2.86564e-06 35100 2.86564e-06
0.4234 2.99636e-06 37392 2.99636e-06
0.425408 2.87475e-06 35584 2.87475e-06
0.42739 3.08214e-06 36276 3.08214e-06
0.42937 3.00898e-06 38784 3.00898e-06
0.431414 3.05219e-06 37536 3.05219e-06
0.433421 3.15872e-06 38076 3.15872e-06
0.435438 3.18798e-06 38920 3.18798e-06
0.437444 3.24938e-06 39984 3.24938e-06
0.4396 3.28964e-06 42348 3.28964e-06
0.441671 3.41461e-06 40080 3.41461e-06
0.443727 3.38779e-06 41256 3.38779e-06
0.445802 3.41072e-06 41596 3.41072e-06
0.447878 3.52506e-06 42960 3.52506e-06
0.449991 3.55945e-06 43584 3.55945e-06
0.452114 3.62493e-06 42828 3.62493e-06
0.454235 3.72575e-06 46200 3.72575e-06
0.456374 3.69805e-06 43984 3.69805e-06
0.458534 3.94235e-06 46812 3.94235e-06
0.460666 3.9044e-06 45072 3.9044e-06
0.46284 3.91998e-06 48696 3.91998e-06
0.465042 4.06601e-06 47196 4.06601e-06
0.467214 4.18155e-06 48448 4.18155e-06
0.469406 4.12491e-06 49296 4.12491e-06
0.471626 4.26134e-06 49236 4.26134e-06
0.473743 4.31619e-06 48384 4.31619e-06
0.475977 4.38649e-06 52416 4.38649e-06
0.478226 4.44164e-06 51580 4.44164e-06
0.480485 4.42633e-06 53832 4.42633e-06
0.482752 4.48575e-06 52428 4.48575e-06
0.485019 4.71016e-06 55056 4.71016e-06
0.487306 4.62081e-06 55440 4.62081e-06
0.48961 4.79657e-06 54244 4.79657e-06
0.491868 4.84796e-06 57264 4.84796e-06
0.494198 4.94014e-06 57360 4.94014e-06
0.496522 5.02638e-06 57444 5.02638e-06
0.498833 5.2728e-06 60000 5.2728e-06
0.501204 5.11976e-06 58816 5.11976e-06
0.50355 5.36126e-06 61356 5.36126e-06
0.505916 5.34147e-06 61320 5.34147e-06
0.508313 5.43786e-06 62988 5.43786e-06
0.510704 5.60582e-06 62896 5.60582e-06
0.513084 5.55068e-06 64320 5.55068e-06
0.515543 5.7916e-06 66180 5.7916e-06
0.51795 5.87164e-06 65328 5.87164e-06
0.520364 5.77819e-06 65436 5.77819e-06
0.522793 6.04482e-06 68944 6.04482e-06
0.52526 6.08837e-06 68520 6.08837e-06
0.527713 6.1051e-06 68604 6.1051e-06
0.530156 6.29627e-06 70944 6.29627e-06
0.532669 6.32755e-06 72040 6.32755e-06
0.535188 6.53294e-06 73884 6.53294e-06
0.5377 6.63245e-06 72720 6.63245e-06
0.540241 6.66481e-06 76332 6.66481e-06
0.542756 6.79467e-06 73608 6.79467e-06
0.545284 6.76311e-06 77728 6.76311e-06
0.54787 7.12272e-06 78732 7.12272e-06
0.550466 7.1651e-06 80136 7.1651e-06
0.553028 7.25028e-06 77820 7.25028e-06
0.555606 7.25037e-06 82720 7.25037e-06
0.558224 7.41962e-06 81564 7.41962e-06
0.56083 7.50512e-06 84408 7.50512e-06
0.56345 7.64023e-06 83088 7.64023e-06
0.566114 7.84159e-06 89020 7.84159e-06
0.568794 7.8645e-06 85896 7.8645e-06
0.57145 8.00643e-06 88956 8.00643e-06
0.574166 8.19504e-06 92064 8.19504e-06
0.576877 8.12135e-06 88804 8.12135e-06
0.57954 8.48003e-06 92640 8.48003e-06
0.582264 8.54101e-06 93696 8.54101e-06
0.585017 8.59081e-06 95628 8.59081e-06
0.587762 8.68612e-06 96520 8.68612e-06
0.590569 8.73277e-06 99516 8.73277e-06
0.593327 8.94257e-06 98064 8.94257e-06
0.596104 9.1118e-06 99540 9.1118e-06
0.598885 9.19289e-06 102112 9.19289e-06
0.601688 9.12845e-06 103008 9.12845e-06
0.60453 9.55941e-06 105732 9.55941e-06
0.607362 9.52316e-06 105696 9.52316e-06
0.610229 9.8378e-06 109084 9.8378e-06
0.613094 9.77851e-06 108552 9.77851e-06
0.615957 9.99601e-06 110124 9.99601e-06
0.618839 1.01197e-05 113136 1.01197e-05
0.62177 1.01892e-05 114532 1.01892e-05
0.624688 1.03521e-05 116112 1.03521e-05
0.627616 1.06262e-05 115500 1.06262e-05
0.630554 1.08381e-05 120760 1.08381e-05
0.633541 1.0688e-05 120780 1.0688e-05
0.63652 1.12156e-05 123216 1.12156e-05
0.639512 1.10804e-05 122724 1.10804e-05
0.64251 1.1435e-05 127504 1.1435e-05
0.64554 1.12768e-05 127056 1.12768e-05
0.648554 1.16983e-05 128100 1.16983e-05
0.651549 1.16404e-05 129568 1.16404e-05
0.654649 1.19171e-05 137628 1.19171e-05
0.657741 1.19948e-05 132312 1.19948e-05
0.66081 1.22811e-05 137436 1.22811e-05
0.663899 1.2337e-05 138208 1.2337e-05
0.667047 1.26808e-05 143364 1.26808e-05
0.670183 1.27162e-05 141024 1.27162e-05
0.673306 1.27718e-05 144556 1.27718e-05
0.676483 1.29524e-05 149064 1.29524e-05
0.679687 1.32819e-05 148908 1.32819e-05
0.682871 1.32888e-05 151080 1.32888e-05
0.686079 1.35394e-05 153052 1.35394e-05
0.689314 1.36218e-05 157296 1.36218e-05
0.692548 1.38725e-05 154740 1.38725e-05
0.695723 1.38519e-05 156544 1.38519e-05
0.698997 1.43625e-05 165420 1.43625e-05
0.702314 1.43698e-05 164292 1.43698e-05
0.705609 1.47219e-05 167424 1.47219e-05
0.708938 1.44907e-05 169420 1.44907e-05
0.712273 1.48731e-05 172344 1.48731e-05
0.715624 1.50851e-05 172812 1.50851e-05
0.718964 1.5269e-05 176488 1.5269e-05
0.722353 1.53766e-05 179340 1.53766e-05
0.725741 1.55357e-05 181584 1.55357e-05
0.729184 1.58356e-05 186388 1.58356e-05
0.732605 1.58123e-05 184704 1.58123e-05
0.736035 1.62748e-05 189828 1.62748e-05
0.739481 1.63409e-05 191008 1.63409e-05
0.742951 1.65699e-05 194460 1.65699e-05
0.746441 1.66812e-05 197604 1.66812e-05
0.749957 1.70901e-05 201904 1.70901e-05
0.753469 1.68805e-05 199980 1.68805e-05
0.756983 1.75084e-05 206712 1.75084e-05
0.760565 1.74752e-05 210028 1.74752e-05
0.764149 1.744e-05 213096 1.744e-05
0.767736 1.78779e-05 212604 1.78779e-05
0.771306 1.79483e-05 216004 1.79483e-05
0.774926 1.83283e-05 223392 1.83283e-05
0.778598 1.83029e-05 224316 1.83029e-05
0.782245 1.86148e-05 226600 1.86148e-05
0.785923 1.88004e-05 230604 1.88004e-05
0.789616 1.88294e-05 234792 1.88294e-05
0.793312 1.94993e-05 234316 1.94993e-05
0.797042 1.95422e-05 242940 1.95422e-05
0.800776 1.97395e-05 241320 1.97395e-05
0.804553 1.97513e-05 250060 1.97513e-05
0.808343 1.98373e-05 250776 1.98373e-05
0.812158 2.03815e-05 256188 2.03815e-05
0.815959 2.06069e-05 254116 2.06069e-05
0.819781 2.07625e-05 264672 2.07625e-05
0.823648 2.10207e-05 264012 2.10207e-05
0.827505 2.08571e-05 268324 2.08571e-05
0.8314 2.13868e-05 275520 2.13868e-05
0.835324 2.15507e-05 275604 2.15507e-05
0.839214 2.16902e-05 278032 2.16902e-05
0.843171 2.19445e-05 288708 2.19445e-05
0.847141 2.207e-05 285628 2.207e-05
0.851084 2.24808e-05 291864 2.24808e-05
0.855081 2.24794e-05 296412 2.24794e-05
0.859091 2.26669e-05 301132 2.26669e-05
0.863128 2.33561e-05 305640 2.33561e-05
0.867194 2.3298e-05 310284 2.3298e-05
0.87127 2.34028e-05 314440 2.34028e-05
0.875368 2.38459e-05 318396 2.38459e-05
0.879473 2.38869e-05 321988 2.38869e-05
0.883606 2.40105e-05 329088 2.40105e-05
0.887753 2.44146e-05 330564 2.44146e-05
0.891919 2.46915e-05 336700 2.46915e-05
0.896109 2.48392e-05 343320 2.48392e-05
0.900336 2.5045e-05 347244 2.5045e-05
0.904563 2.52304e-05 350068 2.52304e-05
0.908805 2.55237e-05 357024 2.55237e-05
0.913051 2.59131e-05 357292 2.59131e-05
0.917348 2.60999e-05 370932 2.60999e-05
0.921672 2.62032e-05 370764 2.62032e-05
0.925992 2.6496e-05 376504 2.6496e-05
0.930354 2.68278e-05 384252 2.68278e-05
0.93473 2.69269e-05 387124 2.69269e-05
0.939107 2.71069e-05 392352 2.71069e-05
0.943526 2.77489e-05 400260 2.77489e-05
0.947959 2.77821e-05 402652 2.77821e-05
0.952394 2.79492e-05 409944 2.79492e-05
0.956874 2.84571e-05 416812 2.84571e-05
0.961345 2.8517e-05 416724 2.8517e-05
0.965874 2.87435e-05 435324 2.87435e-05
0.970451 2.89987e-05 434248 2.89987e-05
0.974982 2.9448e-05 434892 2.9448e-05
0.979556 2.93268e-05 449380 2.93268e-05
0.984147 2.95313e-05 448116 2.95313e-05
0.988771 3.02765e-05 463696 3.02765e-05
0.993453 3.03734e-05 467988 3.03734e-05
0.998112 3.04989e-05 468396 3.04989e-05
1.00278 3.08938e-05 479416 3.08938e-05
1.00751 3.11514e-05 487260 3.11514e-05
1.01226 3.13525e-05 494020 3.13525e-05
1.01699 3.18045e-05 492828 3.18045e-05
1.02174 3.20262e-05 507544 3.20262e-05
1.02654 3.24115e-05 513804 3.24115e-05
1.03137 3.26155e-05 522132 3.26155e-05
1.03624 3.28436e-05 531916 3.28436e-05
1.0411 3.31399e-05 530196 3.31399e-05
1.04596 3.337e-05 542848 3.337e-05
1.05088 3.38506e-05 553716 3.38506e-05
1.05585 3.41766e-05 562372 3.41766e-05
1.06082 3.43449e-05 565836 3.43449e-05
1.06577 3.46204e-05 570292 3.46204e-05
1.07077 3.48904e-05 586560 3.48904e-05
1.07581 3.5418e-05 589204 3.5418e-05
1.08087 3.55589e-05 602556 3.55589e-05
1.08595 3.59543e-05 605908 3.59543e-05
1.09104 3.61529e-05 615348 3.61529e-05
1.09614 3.669e-05 621120 3.669e-05
1.1013 3.69404e-05 641668 3.69404e-05
1.1065 3.74135e-05 643164 3.74135e-05
1.1117 3.76917e-05 650452 3.76917e-05
1.11691 3.7794e-05 662844 3.7794e-05
1.12216 3.84529e-05 670132 3.84529e-05
1.12744 3.89552e-05 682680 3.89552e-05
1.13272 3.924e-05 684076 3.924e-05
1.13803 3.94534e-05 702708 3.94534e-05
1.14339 3.98541e-05 710956 3.98541e-05
1.14877 4.01888e-05 720132 4.01888e-05
1.15416 4.06329e-05 729268 4.06329e-05
1.15957 4.10889e-05 738144 4.10889e-05
1.16503 4.14954e-05 755284 4.14954e-05
1.17053 4.17433e-05 764148 4.17433e-05
1.17602 4.24652e-05 768028 4.24652e-05
1.18154 4.28378e-05 786132 4.28378e-05
1.18707 4.29705e-05 787900 4.29705e-05
1.19264 4.33713e-05 808308 4.33713e-05
1.19826 4.41082e-05 818356 4.41082e-05
1.20388 4.44414e-05 826668 4.44414e-05
1.20954 4.49631e-05 842392 4.49631e-05
1.21521 4.53171e-05 845316 4.53171e-05
1.22091 4.58849e-05 869980 4.58849e-05
1.22666 4.6419e-05 874884 4.6419e-05
1.23241 4.6769e-05 886132 4.6769e-05
1.2382 4.7466e-05 904300 4.7466e-05
1.24401 4.76513e-05 911076 4.76513e-05
1.24985 4.8192e-05 926764 4.8192e-05
1.25571 4.87307e-05 937332 4.87307e-05
1.26162 4.94714e-05 959284 4.94714e-05
1.26756 4.99186e-05 965628 4.99186e-05
1.2735 5.05283e-05 978772 5.05283e-05
1.27948 5.11972e-05 997284 5.11972e-05
1.2855 5.1568e-05 1006900 5.1568e-05
1.29154 5.22353e-05 1025676 5.22353e-05
1.29761 5.26117e-05 1035172 5.26117e-05
1.30369 5.34082e-05 1048744 5.34082e-05
1.3098 5.41048e-05 1068540 5.41048e-05
1.31596 5.43512e-05 1080772 5.43512e-05
1.32215 5.53073e-05 1101876 5.53073e-05
1.32836 5.59214e-05 1108540 5.59214e-05
1.33459 5.64413e-05 1129956 5.64413e-05
1.34087 5.73137e-05 1148740 5.73137e-05
1.34718 5.79816e-05 1159228 5.79816e-05
1.3535 5.8819e-05 1175556 5.8819e-05
1.35985 5.9201e-05 1193956 5.9201e-05
1.36624 6.02689e-05 1213140 6.02689e-05
1.37267 6.06474e-05 1227964 6.06474e-05
1.37911 6.1326e-05 1242400 6.1326e-05
1.38558 6.20912e-05 1262772 6.20912e-05
1.39208 6.31945e-05 1280836 6.31945e-05
1.39864 6.37659e-05 1303740 6.37659e-05
1.40521 6.47802e-05 1315540 6.47802e-05
1.4118 6.50718e-05 1334164 6.50718e-05
1.41842 6.60312e-05 1351620 6.60312e-05
1.42509 6.72885e-05 1378636 6.72885e-05
1.4318 6.78752e-05 1397508 6.78752e-05
1.43854 6.89902e-05 1413844 6.89902e-05
1.44529 6.98608e-05 1431124 6.98608e-05
1.45208 7.07057e-05 1455324 7.07057e-05
1.45889 7.15373e-05 1468852 7.15373e-05
1.46572 7.23014e-05 1491492 7.23014e-05
1.4726 7.33933e-05 1519396 7.33933e-05
1.47952 7.44202e-05 1536280 7.44202e-05
1.48647 7.54812e-05 1557540 7.54812e-05
1.49347 7.62163e-05 1591684 7.62163e-05
1.50049 7.74412e-05 1598884 7.74412e-05
1.50754 7.85807e-05 1632084 7.85807e-05
1.51462 7.93002e-05 1644076 7.93002e-05
1.52173 8.0754e-05 1675444 8.0754e-05
1.52887 8.17249e-05 1692660 8.17249e-05
1.53605 8.27415e-05 1721536 8.27415e-05
1.54327 8.40033e-05 1747444 8.40033e-05
1.55052 8.49713e-05 1770876 8.49713e-05
1.55781 8.65791e-05 1797460 8.65791e-05
1.56513 8.75804e-05 1816804 8.75804e-05
1.57247 8.88706e-05 1846452 8.88706e-05
1.57985 8.99314e-05 1867888 8.99314e-05
1.58727 9.12757e-05 1899460 9.12757e-05
1.59472 9.26854e-05 1922556 9.26854e-05
1.60222 9.38156e-05 1962436 9.38156e-05
1.60976 9.53903e-05 1978372 9.53903e-05
1.6173 9.6563e-05 2002032 9.6563e-05
1.62489 9.80365e-05 2038276 9.80365e-05
1.63253 9.9596e-05 2065684 9.9596e-05
1.64019 0.000100964 2090788 0.000100964
1.6479 0.000101988 2132460 0.000101988
1.65565 0.00010399 2150992 0.00010399
1.66341 0.000105833 2180308 0.000105833
1.67122 0.00010685 2220756 0.00010685
1.67908 0.000108559 2249332 0.000108559
1.68697 0.000110182 2279248 0.000110182
1.6949 0.000111879 2314228 0.000111879
1.70286 0.000113672 2342868 0.000113672
1.71085 0.000115078 2376988 0.000115078
1.71889 0.000117123 2411008 0.000117123
1.72697 0.000118821 2453188 0.000118821
1.73508 0.000120738 2471124 0.000120738
1.74322 0.000122589 2518240 0.000122589
1.75141 0.000124677 2548996 0.000124677
1.75964 0.000126218 2591188 0.000126218
1.76791 0.000128407 2616624 0.000128407
1.77621 0.000130761 2667844 0.000130761
1.78456 0.000132197 2696836 0.000132197
1.79294 0.000134202 2732224 0.000134202
1.80136 0.00013683 2779476 0.00013683
1.80982 0.00013884 2814916 0.00013884
1.81832 0.000141036 2853040 0.000141036
1.82687 0.000143573 2897620 0.000143573
1.83545 0.000145558 2931604 0.000145558
1.84406 0.000148057 2976912 0.000148057
1.85272 0.000150631 3021532 0.000150631
1.86142 0.000152593 3056596 0.000152593
1.87016 0.000155127 3105568 0.000155127
1.87895 0.000157532 3159076 0.000157532
1.88779 0.000160037 3191568 0.000160037
1.89665 0.000162919 3239860 0.000162919
1.90555 0.000165484 3274372 0.000165484
1.91449 0.000168678 3339232 0.000168678
1.9235 0.00017084 3383668 0.00017084
1.93253 0.000174161 3413904 0.000174161
1.94159 0.000176832 3479260 0.000176832
1.95073 0.000179486 3530128 0.000179486
1.95988 0.000182818 3567076 0.000182818
1.9691 0.000185925 3634960 0.000185925
1.97835 0.000188881 3674068 0.000188881
1.98765 0.000191808 3733024 0.000191808
1.99698 0.00019549 3776484 0.00019549
2.00636 0.000199088 3834112 0.000199088
2.01577 0.000202255 3883108 0.000202255
2.02525 0.000205272 3956080 0.000205272
2.03477 0.00020871 3994852 0.00020871
2.04433 0.000212133 4058512 0.000212133
2.05393 0.000216589 4112740 0.000216589
2.06357 0.000219387 4168000 0.000219387
2.07326 0.000223937 4235556 0.000223937
2.083 0.00022765 4287904 0.00022765
2.09278 0.000231191 4351228 0.000231191
2.10261 0.000235395 4412800 0.000235395
2.11248 0.000239172 4467940 0.000239172
2.12241 0.000243514 4552912 0.000243514
2.13239 0.000248093 4603696 0.000248093
2.1424 0.000252367 4665844 0.000252367
2.15246 0.000257039 4733920 0.000257039
2.16256 0.000261464 4795396 0.000261464
2.17272 0.000266373 4873288 0.000266373
2.18293 0.00027068 4945216 0.00027068
2.19319 0.000275949 5006100 0.000275949
2.20348 0.000281301 5070784 0.000281301
2.21383 0.000285777 5162176 0.000285777
2.22424 0.000290965 5225524 0.000290965
2.23469 0.000296667 5295928 0.000296667
2.24518 0.000301481 5374432 0.000301481
2.25573 0.000306831 5448868 0.000306831
2.26633 0.000313563 5531680 0.000313563
2.27697 0.000318408 5597008 0.000318408
2.28766 0.000324908 5682652 0.000324908
2.29841 0.000331022 5772256 0.000331022
2.30921 0.000336817 5841616 0.000336817
2.32005 0.000342888 5935072 0.000342888
2.33094 0.000349638 6001348 0.000349638
2.34188 0.000356133 6100648 0.000356133
2.35289 0.000362779 6189328 0.000362779
2.36395 0.000369509 6272032 0.000369509
2.37505 0.000376904 6359092 0.000376904
2.38621 0.000384411 6454120 0.000384411
2.39742 0.000391227 6543664 0.000391227
2.40868 0.00039895 6630880 0.00039895
2.41998 0.000406102 6727600 0.000406102
2.43135 0.000414965 6828316 0.000414965
2.44278 0.000422897 6919504 0.000422897
2.45425 0.000430483 7017728 0.000430483
2.46578 0.000439269 7121608 0.000439269
2.47736 0.000447748 7217824 0.000447748
2.489 0.000456217 7321216 0.000456217
2.50068 0.000466492 7415692 0.000466492
2.51243 0.000475779 7539328 0.000475779
2.52424 0.000484946 7645840 0.000484946
2.53609 0.000495467 7727128 0.000495467
2.548 0.00050485 7861408 0.00050485
2.55998 0.000515337 7972336 0.000515337
2.572 0.00052616 8068456 0.00052616
2.58406 0.000536298 8181632 0.000536298
2.5962 0.000547645 8320720 0.000547645
2.60841 0.00055882 8426872 0.00055882
2.62066 0.000570379 8541952 0.000570379
2.63296 0.00058333 8664616 0.00058333
2.64533 0.000595328 8791792 0.000595328
2.65775 0.000607734 8908756 0.000607734
2.67023 0.000621824 9034072 0.000621824
2.68278 0.000634192 9177104 0.000634192
2.69539 0.000648062 9302632 0.000648062
2.70805 0.000662369 9422380 0.000662369
2.72076 0.000677238 9565408 0.000677238
2.73355 0.000692342 9699928 0.000692342
2.74639 0.000706991 9834160 0.000706991
2.75928 0.000722901 9970520 0.000722901
2.77224 0.000739022 10120912 0.000739022
2.78527 0.000755891 10255576 0.000755891
2.79835 0.000772416 10403344 0.000772416
2.81149 0.000790682 10556392 0.000790682
2.8247 0.000808046 10700768 0.000808046
2.83797 0.0008278 10846984 0.0008278
2.8513 0.000846421 11009440 0.000846421
2.86469 0.000865998 11162536 0.000865998
2.87815 0.000886561 11318540 0.000886561
2.89166 0.000907945 11472664 0.000907945
2.90524 0.000927893 11646208 0.000927893
2.91889 0.000951004 11819800 0.000951004
2.93261 0.000972972 11972336 0.000972972
2.94637 0.000996787 12128068 0.000996787
2.96021 0.00102278 12324496 0.00102278
2.97412 0.00104734 12499864 0.00104734
2.9881 0.00107344 12663176 0.00107344
3.00213 0.00109976 12849472 0.00109976
3.01623 0.00112859 13030132 0.00112859
3.0304 0.00115661 13215104 0.00115661
3.04463 0.00118688 13382824 0.00118688
3.05892 0.00121599 13593352 0.00121599
3.0733 0.00124929 13789676 0.00124929
3.08773 0.00128229 13966648 0.00128229
3.10224 0.00131605 14188240 0.00131605
3.11681 0.00135019 14365268 0.00135019
3.13145 0.00138564 14591176 0.00138564
3.14616 0.00142076 14779984 0.00142076
3.16094 0.00146263 14998868 0.00146263
3.17579 0.00150156 15212488 0.00150156
3.1907 0.00154314 15407308 0.00154314
3.20568 0.00158826 15647816 0.00158826
3.22074 0.0016318 15866296 0.0016318
3.23587 0.00167906 16070420 0.00167906
3.25107 0.00172487 16337296 0.00172487
3.26635 0.001775 16540804 0.001775
3.28169 0.00182833 16792568 0.00182833
3.2971 0.00187971 16993216 0.00187971
3.31258 0.00193671 17272964 0.00193671
3.32814 0.00199381 17489560 0.00199381
3.34377 0.00205449 17756548 0.00205449
3.35948 0.00212068 17996576 0.00212068
3.37526 0.00218426 18254116 0.00218426
3.39111 0.00225005 18517352 0.00225005
3.40704 0.00232187 18789988 0.00232187
3.42305 0.00239293 19037060 0.00239293
3.43912 0.00246998 19304704 0.00246998
3.45528 0.0025474 19601012 0.0025474
3.47151 0.002633 19858312 0.002633
3.48782 0.00271949 20158004 0.00271949
3.5042 0.0028073 20405860 0.0028073
3.52065 0.00290634 20724296 0.00290634
3.53719 0.00300343 21016900 0.00300343
3.5538 0.00310478 21295568 0.00310478
3.5705 0.00321046 21635908 0.00321046
3.58727 0.00331963 21900068 0.00331963
3.60411 0.00344059 22232968 0.00344059
3.62105 0.00356805 22555220 0.00356805
3.63806 0.0036911 22860308 0.0036911
3.65514 0.00382737 23160148 0.00382737
3.6723 0.00397148 23518280 0.00397148
3.68955 0.00411925 23848756 0.00411925
3.70689 0.00427498 24199700 0.00427498
3.7243 0.00444092 24520100 0.00444092
3.7418 0.00461588 24878968 0.00461588
3.75937 0.00479905 25212452 0.00479905
3.77703 0.00499211 25600948 0.00499211
3.79477 0.00519144 25928516 0.00519144
3.81259 0.00540187 26311748 0.00540187
3.8305 0.00562431 26690788 0.00562431
3.84849 0.00585894 27051080 0.00585894
3.86657 0.00610741 27460244 0.00610741
3.88473 0.006384 27835780 0.006384
3.90298 0.00665851 28229876 0.00665851
3.92131 0.00695085 28633364 0.00695085
3.93974 0.00725839 29041252 0.00725839
3.95824 0.00758707 29417924 0.00758707
3.97682 0.00791878 29872004 0.00791878
3.9955 0.00830118 30283972 0.00830118
4.01428 0.00869527 30733988 0.00869527
4.03313 0.00910309 31126484 0.00910309
4.05207 0.00952888 31589228 0.00952888
4.07111 0.0100003 32042452 0.0100003
4.09023 0.0104931 32476676 0.0104931
4.10944 0.0110141 32953412 0.0110141
4.12874 0.0115651 33434564 0.0115651
4.14814 0.0121494 33871460 0.0121494
4.16762 0.0127551 34366540 0.0127551
4.18719 0.0134169 34863092 0.0134169
4.20686 0.0141066 35344256 0.0141066
4.22662 0.0148435 35858900 0.0148435
4.24648 0.0156247 36362492 0.0156247
4.26643 0.0164384 36872308 0.0164384
4.28646 0.0172809 37376132 0.0172809
4.30659 0.0181976 37932320 0.0181976
4.32682 0.0191847 38456684 0.0191847
4.34714 0.0202019 38995988 0.0202019
4.36756 0.0212597 39578804 0.0212597
4.38808 0.0223851 40096448 0.0223851
4.40868 0.0236363 40681388 0.0236363
4.42939 0.0248611 41263396 0.0248611
4.4502 0.0261612 41841476 0.0261612
4.4711 0.0276156 42449528 0.0276156
4.49211 0.0290911 43049588 0.0290911
4.51321 0.0306435 43639388 0.0306435
4.53441 0.0323075 44273552 0.0323075
4.55571 0.034021 44892980 0.034021
4.5771 0.0357959 45507416 0.0357959
4.5986 0.037653 46185860 0.037653
4.6202 0.0395009 46810040 0.0395009
4.6419 0.0414725 47489828 0.0414725
4.66371 0.0434192 48180188 0.0434192
4.68561 0.0454604 48833168 0.0454604
4.70762 0.0474706 49527644 0.0474706
4.72973 0.0495744 50232224 0.0495744
4.75194 0.0515605 50948696 0.0515605
4.77427 0.053687 51679604 0.053687
4.79669 0.055719 52383464 0.055719
4.81921 131.984 53126678 131.984
4.84183 0.0575555 53356256 0.0575555
4.86457 0.056504 53311656 0.056504
4.88742 0.0557409 53350280 0.0557409
4.91038 0.0552034 53289728 0.0552034
4.93344 0.0548464 53263280 0.0548464
4.95661 0.0546323 53239808 0.0546323
4.9799 0.0545678 53192360 0.0545678
5.00329 0.0546438 53114120 0.0546438
5.02679 0.0548243 53065040 0.0548243
5.0504 0.0551203 52986480 0.0551203
5.07412 0.0554706 52907528 0.0554706
5.09795 0.0559139 52825088 0.0559139
5.1219 0.0564337 52720952 0.0564337
5.14595 0.0570824 52599200 0.0570824
5.17012 0.0577644 52508184 0.0577644
5.19441 0.0585576 52357832 0.0585576
5.21881 0.059359 52232192 0.059359
5.24332 0.060247 52081856 0.060247
5.26795 0.0612299 51935472 0.0612299
5.29269 0.0622748 51724520 0.0622748
5.31755 0.0633464 51592832 0.0633464
5.34253 0.0645235 51378792 0.0645235
5.36762 0.0657607 51154352 0.0657607
5.39283 0.067087 50979176 0.067087
5.41816 0.0684205 50746656 0.0684205
5.44362 0.0698638 50500448 0.0698638
5.46918 0.0714333 50244248 0.0714333
5.49487 0.0730218 49981320 0.0730218
5.52068 0.0747565 49712384 0.0747565
5.54661 0.0765023 49412456 0.0765023
5.57266 0.0784484 49116408 0.0784484
5.59883 0.0804086 48784136 0.0804086
5.62513 0.0825245 48474960 0.0825245
5.65155 0.0846803 48128672 0.0846803
5.67809 0.0871128 47753960 0.0871128
5.70476 0.0895445 47394648 0.0895445
5.73156 0.0921692 46996976 0.0921692
5.75848 0.0949978 46584648 0.0949978
5.78553 0.0978384 46201928 0.0978384
5.81271 0.101017 45725976 0.101017
5.84 0.104343 45269696 0.104343
5.86743 0.107731 44820024 0.107731
5.89499 0.111315 44321144 0.111315
5.92268 0.115368 43831200 0.115368
5.9505 0.119258 43291032 0.119258
5.97844 0.123653 42744464 0.123653
6.00652 0.127988 42202344 0.127988
6.03474 0.132648 41631128 0.132648
6.06308 0.137379 41009256 0.137379
6.09156 0.14248 40409472 0.14248
6.12017 0.147403 39766712 0.147403
6.14891 0.152554 39105696 0.152554
6.17779 0.157876 38434392 0.157876
6.20681 0.163162 37723472 0.163162
6.23596 0.168453 37005672 0.168453
6.26525 0.173782 36271560 0.173782
6.29467 0.179068 35499200 0.179068
6.32424 0.18395 34708464 0.18395
6.35394 0.189067 33906456 0.189067
6.38378 0.193626 33059312 0.193626
6.41376 0.197987 32198328 0.197987
6.44388 0.202354 31318776 0.202354
6.47415 0.205888 30415728 0.205888
6.50455 0.208838 29472264 0.208838
6.5351 0.211286 28511192 0.211286
6.56579 0.212672 27524664 0.212672
6.59662 0.212853 26504592 0.212853
6.6276 0.211682 25462536 0.211682
6.65872 0.20948 24397440 0.20948
6.68999 0.206597 23299320 0.206597
6.72141 0.20323 22163904 0.20323
6.75296 0.201155 21001304 0.201155
6.78467 0.200934 19822752 0.200934
6.81652 903.237 18602946 903.237
6.84856 0.208909 17474436 0.208909
6.88073 0.216218 16479060 0.216218
6.91305 0.225031 15577944 0.225031
6.94552 0.235254 14714904 0.235254
6.97814 0.247073 13916868 0.247073
7.01093 0.260425 13144908 0.260425
7.04385 0.275563 12409932 0.275563
7.07693 0.293083 11703048 0.293083
7.11016 0.312145 11037708 0.312145
7.14356 0.334429 10385856 0.334429
7.17711 0.358259 9767380 0.358259
7.21082 0.385691 9170244 0.385691
7.24468 0.415149 8588904 0.415149
7.27871 0.449369 8041740 0.449369
7.31289 0.486381 7501548 0.486381
7.34723 0.52694 6992244 0.52694
7.38174 0.571745 6500076 0.571745
7.41641 0.620853 6021808 0.620853
7.45123 0.672316 5567040 0.672316
7.48622 0.731899 5132964 0.731899
7.52138 0.791163 4711008 0.791163
7.55668 0.857095 4308700 0.857095
7.59215 0.925734 3928644 0.925734
7.62781 0.996349 3564360 0.996349
7.66364 1.06713 3216708 1.06713
7.69963 1.1376 2884024 1.1376
7.73577 1.20204 2571756 1.20204
7.77208 1.26353 2275272 1.26353
7.80856 1.30891 1998952 1.30891
7.84519 1.34171 1735692 1.34171
7.88195 1.36112 1493536 1.36112
7.91894 1.36175 1272552 1.36175
7.95615 1.32074 1065132 1.32074
7.99345 1.25969 870088 1.25969
8.03087 1.18122 703380 1.18122
8.06861 1.08313 551260 1.08313
8.1063 0.965131 409752 0.965131
8.14415 0.838613 301540 0.838613
8.18252 0.705762 201084 0.705762
8.22015 0.595039 118588 0.595039
8.25771 0.495349 65076 0.495349
8.29571 0.432017 23452 0.432017
8.32962 0.401843 3120 0.401843
8.35799 7.4865e+09 2 7.4865e+09
