# in Mpc/h Units 
# D1 = 0.0637234 
# k P N P(z=0)
0.00628319 0.74441 6 183.322
0.00888577 0.896525 12 220.783
0.0108828 0.971296 8 239.196
0.0125664 1.01666 6 250.369
0.0140496 1.03248 24 254.264
0.0153906 1.04119 24 256.408
0.0177715 1.03669 12 255.3
0.0188496 1.02698 30 252.91
0.0198692 1.01727 24 250.518
0.020839 1.00335 24 247.091
0.0217656 0.988733 8 243.49
0.0226543 0.973396 24 239.713
0.0235095 0.956992 48 235.673
0.0251327 0.927316 6 228.365
0.0259062 0.907459 48 223.475
0.0266573 0.890758 36 219.363
0.0273878 0.874582 24 215.379
0.0280993 0.858226 24 211.351
0.0287932 0.842691 48 207.525
0.0294708 0.826782 24 203.607
0.0307812 0.797044 24 196.284
0.0314159 0.783002 30 192.826
0.0320381 0.769328 72 189.458
0.0326484 0.755781 32 186.122
0.033836 0.730231 72 179.83
0.0344144 0.71813 48 176.85
0.0355431 0.695274 12 171.222
0.0360942 0.684763 48 168.633
0.036637 0.674448 48 166.093
0.0371718 0.6642 48 163.569
0.0376991 0.654323 30 161.137
0.0382191 0.645774 24 159.031
0.0387322 0.6365 72 156.748
0.0397384 0.619301 24 152.512
0.040232 0.611528 96 150.598
0.0407197 0.603846 48 148.706
0.0412016 0.596799 24 146.971
0.0416779 0.589527 24 145.18
0.0421489 0.582612 72 143.477
0.0426146 0.575993 48 141.847
0.0435312 0.56485 8 139.103
0.0439823 0.558105 54 137.442
0.0444288 0.552821 84 136.14
0.0448709 0.547593 48 134.853
0.0453087 0.542128 24 133.507
0.0457423 0.537189 72 132.291
0.0461718 0.532707 96 131.187
0.0470191 0.523628 48 128.951
0.047437 0.519302 48 127.886
0.0478513 0.515656 24 126.988
0.0482621 0.511301 72 125.916
0.0490732 0.504309 72 124.194
0.0494739 0.500477 96 123.25
0.0502655 0.486979 6 119.926
0.0506567 0.491019 96 120.921
0.0510448 0.487753 96 120.117
0.0514301 0.485232 24 119.496
0.0518125 0.482604 48 118.848
0.0521921 0.479833 96 118.166
0.0525689 0.476915 48 117.448
0.0533146 0.471702 36 116.164
0.0536836 0.469503 48 115.622
0.05405 0.466749 120 114.944
0.054414 0.465126 56 114.544
0.0547755 0.462548 24 113.909
0.0551347 0.460492 96 113.403
0.0554916 0.458191 48 112.836
0.0561985 0.454528 24 111.934
0.0565487 0.452132 102 111.344
0.0568967 0.450581 48 110.962
0.0572425 0.448715 72 110.503
0.0575863 0.446709 48 110.009
0.0579281 0.445239 48 109.647
0.0582679 0.442933 120 109.079
0.0589415 0.439885 24 108.328
0.0592755 0.43817 144 107.906
0.0596075 0.436304 120 107.446
0.0599378 0.434423 48 106.983
0.0605928 0.431776 48 106.331
0.0609177 0.430126 96 105.925
0.0615624 0.426631 24 105.064
0.0618822 0.425621 48 104.816
0.0622004 0.424301 108 104.49
0.0625169 0.422523 72 104.053
0.0628319 0.421249 30 103.739
0.0631452 0.41944 168 103.293
0.0634571 0.418094 48 102.962
0.0640762 0.414899 72 102.175
0.0643835 0.413546 96 101.842
0.0646894 0.41235 72 101.547
0.0649938 0.410859 72 101.18
0.0652968 0.408944 32 100.709
0.0655984 0.407561 72 100.368
0.0658986 0.406397 144 100.081
0.0667912 0.401449 96 98.8628
0.0670861 0.399935 96 98.4901
0.0673797 0.399075 48 98.2781
0.067672 0.39738 72 97.8607
0.067963 0.395836 120 97.4806
0.0682529 0.394319 72 97.1068
0.0688288 0.391614 48 96.4409
0.069115 0.39021 78 96.0951
0.0694001 0.387878 120 95.5208
0.0696839 0.387377 48 95.3975
0.0702481 0.383793 144 94.5147
0.0705286 0.382393 144 94.17
0.0710861 0.379194 12 93.3823
0.0713633 0.377693 144 93.0125
0.0716393 0.376094 48 92.6187
0.0719926 0.374182 168 92.148
0.0724612 0.371278 48 91.4327
0.0727331 0.36988 168 91.0885
0.0734532 0.366014 144 90.1365
0.0738107 0.363492 96 89.5152
0.0740777 0.362285 72 89.2182
0.0743437 0.360337 48 88.7384
0.0746967 0.358171 144 88.2049
0.0753982 0.3536 30 87.0794
0.0758332 0.351196 288 86.4872
0.0761796 0.348887 56 85.9186
0.0766638 0.346263 192 85.2725
0.076953 0.344655 120 84.8765
0.0776339 0.340116 216 83.7587
0.0779723 0.338268 96 83.3034
0.078225 0.336107 96 82.7714
0.0787281 0.333164 72 82.0467
0.0789784 0.331642 96 81.6719
0.0794767 0.328308 24 80.8507
0.0798137 0.326181 300 80.3271
0.0802183 0.323759 24 79.7305
0.0805865 0.32139 192 79.1472
0.0809532 0.318812 120 78.5121
0.0814394 0.316041 48 77.8298
0.0818379 0.313389 222 77.1766
0.0821633 0.310751 120 76.5271
0.0826125 0.30815 192 75.8865
0.0828809 0.306536 144 75.4891
0.0833559 0.30282 24 74.5738
0.0837495 0.301098 144 74.15
0.0840633 0.298848 120 73.5958
0.0844439 0.296461 192 73.0079
0.0847648 0.294505 144 72.5263
0.0852293 0.291445 48 71.7728
0.0855594 0.289219 336 71.2246
0.0859213 0.286848 48 70.6405
0.0864252 0.283866 240 69.9063
0.0870624 0.280205 8 69.0046
0.0872888 0.27841 48 68.5627
0.087579 0.276798 336 68.1656
0.0881192 0.27374 174 67.4125
0.0884123 0.271898 120 66.9589
0.0889978 0.268386 228 66.0941
0.089427 0.265606 168 65.4094
0.0898883 0.263237 144 64.8261
0.0901807 0.26137 240 64.3662
0.0906174 0.259443 24 63.8918
0.090897 0.257551 336 63.4257
0.0913765 0.254467 144 62.6662
0.0917922 0.252526 168 62.1883
0.0923436 0.249283 96 61.3897
0.0926754 0.247673 216 60.9931
0.0932651 0.244655 288 60.2499
0.0936174 0.242882 144 59.8133
0.0941969 0.239704 198 59.0306
0.094573 0.237945 216 58.5975
0.0950225 0.2359 168 58.0938
0.0952892 0.234607 240 57.7754
0.0958792 0.231617 168 57.0392
0.0962314 0.230175 336 56.684
0.0968099 0.227599 240 56.0497
0.097638 0.224148 276 55.1999
0.0981837 0.22167 344 54.5895
0.0985479 0.220446 144 54.2882
0.0990673 0.218232 240 53.7429
0.0994528 0.216688 312 53.3627
0.100098 0.213944 240 52.6869
0.100531 0.211889 6 52.1808
0.100874 0.211367 384 52.0524
0.101448 0.209487 312 51.5894
0.101924 0.207978 168 51.2176
0.102421 0.206063 336 50.746
0.102983 0.204233 336 50.2955
0.103243 0.203619 192 50.1441
0.103879 0.201648 288 49.6589
0.104279 0.20077 216 49.4427
0.104705 0.19943 240 49.1127
0.105349 0.19755 384 48.6496
0.1057 0.196289 72 48.3391
0.106152 0.195417 336 48.1242
0.106914 0.193498 378 47.6517
0.107244 0.192585 144 47.427
0.107631 0.19214 384 47.3174
0.10826 0.190479 384 46.9082
0.108777 0.189354 344 46.6313
0.10919 0.188466 144 46.4125
0.109816 0.187345 456 46.1364
0.110311 0.186543 312 45.939
0.110746 0.18546 144 45.6723
0.111354 0.184437 552 45.4204
0.111965 0.183346 264 45.1518
0.112557 0.182273 264 44.8876
0.112926 0.181839 294 44.7806
0.113378 0.181229 432 44.6303
0.113986 0.180108 432 44.3542
0.114516 0.179518 264 44.209
0.114915 0.178692 192 44.0057
0.115567 0.177995 468 43.8338
0.116093 0.177187 552 43.6349
0.116705 0.176449 336 43.4533
0.117239 0.175631 288 43.2519
0.117777 0.174963 456 43.0872
0.118366 0.174213 432 42.9026
0.118788 0.173495 168 42.7257
0.119469 0.172783 566 42.5503
0.120077 0.172181 432 42.4021
0.120751 0.171247 432 42.1721
0.121153 0.170658 360 42.0272
0.121711 0.17001 624 41.8676
0.122203 0.169109 264 41.6456
0.122718 0.168947 360 41.6057
0.123453 0.16789 456 41.3453
0.123969 0.167214 504 41.1788
0.12467 0.166411 564 40.9811
0.12526 0.165537 384 40.7661
0.125876 0.16471 462 40.5622
0.126429 0.164104 624 40.4129
0.127121 0.163204 432 40.1913
0.127677 0.162236 624 39.9529
0.128318 0.161307 312 39.7243
0.128807 0.16074 552 39.5846
0.129504 0.159607 408 39.3055
0.129878 0.159159 600 39.1953
0.130701 0.157863 608 38.8761
0.131297 0.156946 504 38.6504
0.131933 0.155933 510 38.4009
0.13258 0.154874 600 38.1399
0.133214 0.153849 492 37.8875
0.133672 0.153136 552 37.7121
0.134446 0.151758 696 37.3726
0.13492 0.150712 504 37.1151
0.135589 0.149882 528 36.9106
0.136149 0.148699 624 36.6193
0.136788 0.147582 504 36.3444
0.137489 0.146329 552 36.0358
0.138157 0.144955 654 35.6973
0.138792 0.143752 840 35.4011
0.139482 0.14233 744 35.0508
0.140148 0.141066 456 34.7396
0.140735 0.139953 648 34.4655
0.141506 0.138339 896 34.068
0.142105 0.137264 396 33.8034
0.142726 0.135755 816 33.4318
0.14348 0.134351 672 33.0859
0.144008 0.133267 552 32.8191
0.14474 0.131825 894 32.4638
0.145447 0.130463 672 32.1284
0.146112 0.129125 624 31.799
0.146784 0.127807 888 31.4745
0.147376 0.126505 720 31.1539
0.148179 0.125033 936 30.7913
0.148977 0.123346 648 30.3757
0.149637 0.122032 936 30.0522
0.150285 0.120783 696 29.7446
0.151106 0.119174 618 29.3484
0.151697 0.118121 1008 29.089
0.15237 0.116948 872 28.8002
0.153147 0.115431 960 28.4265
0.153934 0.114123 888 28.1046
0.154569 0.112926 648 27.8096
0.155288 0.111844 840 27.5432
0.155941 0.110604 912 27.2379
0.156682 0.109535 774 26.9747
0.157451 0.108332 1272 26.6785
0.158249 0.107052 912 26.3633
0.159019 0.10588 864 26.0746
0.159745 0.104823 924 25.8142
0.160428 0.103886 1080 25.5836
0.161255 0.102698 1008 25.2909
0.161989 0.101821 1128 25.075
0.162879 0.100762 768 24.814
0.1635 0.100042 1046 24.6369
0.164304 0.0991488 1152 24.4169
0.16512 0.0981957 1272 24.1822
0.165918 0.097336 912 23.9704
0.166638 0.0966699 1200 23.8064
0.167465 0.0957834 1080 23.5881
0.1681 0.0951919 840 23.4424
0.169017 0.0943845 1332 23.2436
0.169783 0.0936997 1062 23.075
0.170536 0.0931351 1320 22.9359
0.17142 0.0923723 1248 22.7481
0.172167 0.0918734 1104 22.6252
0.173001 0.0912878 1392 22.481
0.173739 0.0907464 776 22.3477
0.174601 0.0901928 1728 22.2113
0.175449 0.0896491 1224 22.0774
0.17633 0.0892421 1254 21.9772
0.177179 0.0887275 1368 21.8505
0.177982 0.0881842 1236 21.7167
0.178748 0.0878748 1608 21.6405
0.179662 0.087259 1008 21.4888
0.180329 0.086905 1488 21.4017
0.181298 0.0863653 1440 21.2688
0.182161 0.0859451 1158 21.1653
0.182962 0.0856902 1824 21.1025
0.183819 0.0851013 1464 20.9575
0.184763 0.0846624 1448 20.8494
0.18557 0.084417 1560 20.7889
0.186484 0.0838121 1428 20.64
0.187347 0.0833891 1680 20.5358
0.188277 0.0829983 1494 20.4396
0.189164 0.0825025 1944 20.3175
0.190083 0.0819628 1368 20.1846
0.190912 0.081427 1584 20.0526
0.191791 0.0809788 1776 19.9422
0.192627 0.0804234 1440 19.8055
0.19355 0.0798381 1968 19.6613
0.194476 0.0792389 1374 19.5138
0.195383 0.0788234 2100 19.4115
0.196314 0.0781202 1640 19.2383
0.19731 0.0774262 2496 19.0674
0.198246 0.0768915 1248 18.9357
0.198969 0.0762872 1512 18.7869
0.200004 0.0755557 2280 18.6067
0.200981 0.0748325 1926 18.4286
0.201907 0.0740778 2064 18.2428
0.202923 0.0733347 1920 18.0598
0.203766 0.0726995 1944 17.9033
0.204817 0.0718915 2172 17.7044
0.205802 0.0711374 2256 17.5186
0.206744 0.0705026 1736 17.3623
0.207695 0.0697799 2094 17.1844
0.208661 0.0689384 2328 16.9771
0.209635 0.0682205 2256 16.8003
0.210605 0.0674201 1920 16.6032
0.211552 0.0666486 2520 16.4132
0.212598 0.0659441 2088 16.2397
0.213716 0.0650934 2634 16.0302
0.214685 0.0643816 2328 15.8549
0.215636 0.0636432 2304 15.6731
0.2167 0.0629562 2568 15.5039
0.217712 0.0621148 2024 15.2967
0.21856 0.0615157 2352 15.1492
0.21964 0.0608929 2718 14.9958
0.220689 0.0602854 2520 14.8462
0.221792 0.0595019 2772 14.6532
0.222806 0.0589383 2640 14.5144
0.223891 0.0582607 2880 14.3476
0.224992 0.0576955 2448 14.2084
0.225967 0.0570855 2478 14.0582
0.226978 0.0566205 2904 13.9436
0.228073 0.0560032 2816 13.7916
0.229091 0.0555519 3024 13.6805
0.230305 0.0549896 2952 13.542
0.231358 0.0545171 2796 13.4257
0.232405 0.0541285 2982 13.3299
0.23355 0.0537052 3312 13.2257
0.234601 0.0532471 2688 13.1129
0.235688 0.0528344 3144 13.0113
0.236855 0.0524272 3672 12.911
0.237877 0.0520659 2328 12.822
0.239086 0.0516815 4046 12.7274
0.240233 0.0512838 2844 12.6294
0.241291 0.0509824 3600 12.5552
0.242431 0.0506682 3264 12.4778
0.243572 0.0503672 3288 12.4037
0.244685 0.0499437 3198 12.2994
0.245798 0.0496805 3864 12.2346
0.246976 0.0493686 3456 12.1578
0.248127 0.0489943 3744 12.0656
0.24936 0.048659 3876 11.983
0.250523 0.0483604 3392 11.9095
0.251669 0.0480697 3918 11.8379
0.252872 0.047686 3864 11.7434
0.254083 0.0473938 4104 11.6714
0.255199 0.0470389 3480 11.584
0.256387 0.0467418 4080 11.5109
0.257664 0.0462753 4170 11.396
0.258855 0.0459761 4176 11.3223
0.26008 0.0455424 4560 11.2155
0.261336 0.0451736 3656 11.1247
0.262469 0.0447862 4344 11.0293
0.263809 0.0443613 4830 10.9246
0.265071 0.0439564 4416 10.8249
0.266256 0.0434997 3876 10.7125
0.267421 0.0431113 4752 10.6168
0.268761 0.0427081 4968 10.5175
0.2701 0.0422154 4494 10.3962
0.27124 0.0418075 4200 10.2957
0.272568 0.0413431 5792 10.1813
0.273851 0.0409483 4224 10.0841
0.275155 0.0404638 5220 9.96481
0.276427 0.0400626 4590 9.86602
0.277657 0.0396235 5328 9.75789
0.27902 0.0391339 5304 9.6373
0.280352 0.0386845 5040 9.52663
0.281565 0.0382984 4920 9.43155
0.282918 0.0378776 5750 9.32792
0.284302 0.0374582 5388 9.22464
0.285589 0.0370497 5784 9.12405
0.286971 0.0367348 5400 9.04649
0.288304 0.0362749 5640 8.93324
0.289695 0.0358784 5934 8.8356
0.291035 0.0355542 6120 8.75575
0.292425 0.0351879 5544 8.66556
0.293779 0.0348681 6164 8.58678
0.295153 0.0345888 5838 8.518
0.296461 0.0343055 6144 8.44825
0.297907 0.0339489 6288 8.36043
0.299258 0.0336439 6576 8.2853
0.300748 0.033311 6504 8.20334
0.302188 0.033074 6594 8.14496
0.30361 0.0327943 7008 8.07609
0.305003 0.0324944 6200 8.00224
0.306412 0.032289 6768 7.95164
0.307876 0.0320195 7182 7.88528
0.309298 0.0317562 6864 7.82045
0.310761 0.0315236 7308 7.76315
0.312204 0.031263 6744 7.69898
0.313652 0.0310384 7686 7.64367
0.315175 0.030853 7280 7.59802
0.31662 0.0305868 7920 7.53245
0.318151 0.0302619 7560 7.45244
0.319599 0.030028 6948 7.39484
0.321058 0.0297809 8430 7.334
0.322645 0.0295146 8328 7.26841
0.324166 0.0292867 7824 7.21228
0.32568 0.0290062 8160 7.1432
0.327167 0.0287544 8030 7.0812
0.328774 0.0284818 9372 7.01407
0.330313 0.0282021 7968 6.94518
0.331826 0.0278954 8568 6.86966
0.333427 0.0276752 8934 6.81543
0.334947 0.0273697 8952 6.74021
0.336524 0.0270962 8880 6.67285
0.338146 0.026766 9548 6.59154
0.339739 0.0265387 9126 6.53556
0.341313 0.0262104 9384 6.4547
0.342874 0.0259587 9288 6.39272
0.344468 0.0256873 9792 6.32587
0.346116 0.0254047 9570 6.25628
0.34771 0.0251355 10376 6.19
0.349362 0.0248554 10152 6.12102
0.351033 0.0246178 9960 6.0625
0.352646 0.0243901 10782 6.00643
0.354377 0.0241551 10992 5.94857
0.356063 0.0238888 10452 5.88299
0.357696 0.0236252 10806 5.81806
0.359426 0.0234121 11312 5.76559
0.361079 0.0231782 11112 5.70797
0.362754 0.0229665 10848 5.65585
0.364449 0.0227199 11394 5.59512
0.366133 0.0225477 11952 5.5527
0.367846 0.0223916 11352 5.51427
0.369601 0.0221178 12584 5.44685
0.371397 0.0219689 12390 5.41016
0.373143 0.0217109 12252 5.34664
0.374848 0.0215434 12240 5.30539
0.37663 0.0213677 12486 5.26211
0.378363 0.0211725 13080 5.21403
0.380139 0.0209907 12968 5.16927
0.381916 0.020803 12612 5.12306
0.38369 0.0206314 13974 5.08079
0.385541 0.0204559 13944 5.03756
0.387327 0.0202207 12840 4.97965
0.3891 0.0200593 14358 4.9399
0.390994 0.0198777 14588 4.89519
0.392843 0.0196729 14688 4.84475
0.394661 0.0194484 13560 4.78946
0.396505 0.0192957 15582 4.75184
0.398367 0.0190903 14544 4.70128
0.400233 0.0189349 15420 4.663
0.402152 0.018706 15614 4.60663
0.40399 0.0185546 14880 4.56934
0.405874 0.0183398 16728 4.51646
0.407843 0.0181419 15690 4.46772
0.409716 0.0179431 16248 4.41875
0.411602 0.0178277 16584 4.39033
0.413596 0.0175929 16904 4.33252
0.415548 0.0174399 17430 4.29483
0.417499 0.0172545 16908 4.24918
0.419429 0.0170393 17640 4.19618
0.421439 0.0168661 17550 4.15352
0.4234 0.0167284 18696 4.11963
0.425408 0.016542 17792 4.07373
0.42739 0.0163798 18138 4.03376
0.42937 0.0162196 19392 3.99433
0.431414 0.0160714 18768 3.95783
0.433421 0.0158995 19038 3.91548
0.435438 0.0157638 19460 3.88208
0.437444 0.0156302 19992 3.84917
0.4396 0.0154271 21174 3.79914
0.441671 0.0153031 20040 3.76861
0.443727 0.0151966 20628 3.74239
0.445802 0.0150298 20798 3.7013
0.447878 0.0149238 21480 3.6752
0.449991 0.0147275 21792 3.62688
0.452114 0.0146188 21414 3.60011
0.454235 0.0144808 23100 3.56612
0.456374 0.014339 21992 3.5312
0.458534 0.0141742 23406 3.49061
0.460666 0.0140611 22536 3.46276
0.46284 0.0138817 24348 3.41858
0.465042 0.0137686 23598 3.39072
0.467214 0.0136432 24224 3.35984
0.469406 0.0134501 24648 3.31229
0.471626 0.013356 24618 3.28911
0.473743 0.0132278 24192 3.25755
0.475977 0.0130757 26208 3.22008
0.478226 0.0129433 25790 3.18749
0.480485 0.0128184 26916 3.15672
0.482752 0.0127083 26214 3.12962
0.485019 0.0125609 27528 3.0933
0.487306 0.0124366 27720 3.06269
0.48961 0.012302 27122 3.02956
0.491868 0.0122113 28632 3.0072
0.494198 0.0120875 28680 2.97673
0.496522 0.0119579 28722 2.94482
0.498833 0.0118505 30000 2.91836
0.501204 0.0117006 29408 2.88145
0.50355 0.0116085 30678 2.85877
0.505916 0.0114644 30660 2.82328
0.508313 0.0113709 31494 2.80025
0.510704 0.0112429 31448 2.76874
0.513084 0.0111614 32160 2.74867
0.515543 0.0110313 33090 2.71662
0.51795 0.0109333 32664 2.69249
0.520364 0.0108074 32718 2.66149
0.522793 0.01072 34472 2.63996
0.52526 0.0106307 34260 2.61797
0.527713 0.0105364 34302 2.59475
0.530156 0.0104227 35472 2.56674
0.532669 0.0102975 36020 2.53592
0.535188 0.0102202 36942 2.51689
0.5377 0.0101066 36360 2.48891
0.540241 0.0100091 38166 2.4649
0.542756 0.0099163 36804 2.44204
0.545284 0.00979579 38864 2.41236
0.54787 0.0096732 39366 2.38217
0.550466 0.00957935 40068 2.35906
0.553028 0.00951905 38910 2.34421
0.555606 0.00938901 41360 2.31218
0.558224 0.00930104 40782 2.29052
0.56083 0.00924479 42204 2.27667
0.56345 0.0091541 41544 2.25433
0.566114 0.00903653 44510 2.22538
0.568794 0.00897259 42948 2.20963
0.57145 0.00886619 44478 2.18343
0.574166 0.00876384 46032 2.15823
0.576877 0.00868621 44402 2.13911
0.57954 0.00859374 46320 2.11634
0.582264 0.0085278 46848 2.1001
0.585017 0.00843537 47814 2.07734
0.587762 0.00835247 48260 2.05692
0.590569 0.00825323 49758 2.03248
0.593327 0.0081913 49032 2.01723
0.596104 0.00810564 49770 1.99614
0.598885 0.0080316 51056 1.9779
0.601688 0.00795952 51504 1.96015
0.60453 0.00787592 52866 1.93956
0.607362 0.00778562 52848 1.91733
0.610229 0.0077323 54542 1.90419
0.613094 0.00764787 54276 1.8834
0.615957 0.00756963 55062 1.86413
0.618839 0.00749429 56568 1.84558
0.62177 0.00743335 57266 1.83057
0.624688 0.00735775 58056 1.81196
0.627616 0.00727733 57750 1.79215
0.630554 0.0072171 60380 1.77732
0.633541 0.00712781 60390 1.75533
0.63652 0.0070633 61608 1.73944
0.639512 0.00697661 61362 1.7181
0.64251 0.00693719 63752 1.70839
0.64554 0.00686654 63528 1.69099
0.648554 0.00679772 64050 1.67404
0.651549 0.00672578 64784 1.65632
0.654649 0.00668151 68814 1.64542
0.657741 0.00661352 66156 1.62868
0.66081 0.0065671 68718 1.61725
0.663899 0.00650321 69104 1.60151
0.667047 0.00642528 71682 1.58232
0.670183 0.0063629 70512 1.56696
0.673306 0.00629404 72278 1.55
0.676483 0.00622646 74532 1.53336
0.679687 0.00618949 74454 1.52426
0.682871 0.00613708 75540 1.51135
0.686079 0.00606659 76526 1.49399
0.689314 0.00602077 78648 1.48271
0.692548 0.00596385 77370 1.46869
0.695723 0.0059009 78272 1.45319
0.698997 0.00585839 82710 1.44272
0.702314 0.00577838 82146 1.42301
0.705609 0.00574538 83712 1.41489
0.708938 0.00567399 84710 1.3973
0.712273 0.0056319 86172 1.38694
0.715624 0.00558035 86406 1.37424
0.718964 0.00553266 88244 1.3625
0.722353 0.00546812 89670 1.34661
0.725741 0.00541479 90792 1.33347
0.729184 0.0053933 93194 1.32818
0.732605 0.00532012 92352 1.31016
0.736035 0.0052873 94914 1.30208
0.739481 0.00523729 95504 1.28976
0.742951 0.0051996 97230 1.28048
0.746441 0.00514459 98802 1.26693
0.749957 0.0051041 100952 1.25696
0.753469 0.00506337 99990 1.24693
0.756983 0.00500472 103356 1.23249
0.760565 0.00497247 105014 1.22454
0.764149 0.00492074 106548 1.21181
0.767736 0.0048773 106302 1.20111
0.771306 0.0048429 108002 1.19264
0.774926 0.00480624 111696 1.18361
0.778598 0.00475701 112158 1.17149
0.782245 0.00471994 113300 1.16236
0.785923 0.00468119 115302 1.15281
0.789616 0.00462493 117396 1.13896
0.793312 0.00459839 117158 1.13242
0.797042 0.00456627 121470 1.12451
0.800776 0.00451822 120660 1.11268
0.804553 0.0044931 125030 1.10649
0.808343 0.00444348 125388 1.09427
0.812158 0.00441998 128094 1.08848
0.815959 0.00437649 127058 1.07778
0.819781 0.00434704 132336 1.07052
0.823648 0.00428874 132006 1.05617
0.827505 0.00428278 134162 1.0547
0.8314 0.00424717 137760 1.04593
0.835324 0.00421245 137802 1.03738
0.839214 0.00418626 139016 1.03093
0.843171 0.00414542 144354 1.02087
0.847141 0.00411619 142814 1.01367
0.851084 0.0040877 145932 1.00666
0.855081 0.00405506 148206 0.99862
0.859091 0.00402206 150566 0.990493
0.863128 0.00400147 152820 0.985421
0.867194 0.00397358 155142 0.978554
0.87127 0.0039306 157220 0.967969
0.875368 0.0039042 159198 0.961467
0.879473 0.0038877 160994 0.957405
0.883606 0.00384489 164544 0.946862
0.887753 0.00382259 165282 0.941369
0.891919 0.00379319 168350 0.934131
0.896109 0.00379031 171660 0.93342
0.900336 0.00375174 173622 0.923922
0.904563 0.0037319 175034 0.919037
0.908805 0.00369763 178512 0.910597
0.913051 0.00367931 178646 0.906084
0.917348 0.00365733 185466 0.900673
0.921672 0.00362992 185382 0.893922
0.925992 0.00361379 188252 0.88995
0.930354 0.00359388 192126 0.885046
0.93473 0.00356187 193562 0.877164
0.939107 0.00356142 196176 0.877052
0.943526 0.00352348 200130 0.86771
0.947959 0.00349199 201326 0.859955
0.952394 0.00350106 204972 0.862188
0.956874 0.00347391 208406 0.855501
0.961345 0.00345432 208362 0.850678
0.965874 0.00342844 217662 0.844304
0.970451 0.00342643 217124 0.843809
0.974982 0.00339488 217446 0.83604
0.979556 0.00338448 224690 0.833478
0.984147 0.00335266 224058 0.825643
0.988771 0.00335634 231848 0.826549
0.993453 0.00333437 233994 0.821139
0.998112 0.0033254 234198 0.818929
1.00278 0.00330377 239708 0.813604
1.00751 0.00328032 243630 0.807829
1.01226 0.0032824 247010 0.80834
1.01699 0.00325845 246414 0.802443
1.02174 0.0032544 253772 0.801444
1.02654 0.00324814 256902 0.799904
1.03137 0.00321958 261066 0.79287
1.03624 0.0032149 265958 0.791716
1.0411 0.00320983 265098 0.790468
1.04596 0.0031768 271424 0.782335
1.05088 0.00317533 276858 0.781973
1.05585 0.00317871 281186 0.782804
1.06082 0.00318232 282918 0.783694
1.06577 0.00315437 285146 0.77681
1.07077 0.00314312 293280 0.774041
1.07581 0.00313651 294602 0.772413
1.08087 0.00313444 301278 0.771902
1.08595 0.00312847 302954 0.770431
1.09104 0.00312602 307674 0.769829
1.09614 0.00311108 310560 0.76615
1.1013 0.00311222 320834 0.766432
1.1065 0.00310471 321582 0.764582
1.1117 0.00310641 325226 0.765001
1.11691 0.00308788 331422 0.760436
1.12216 0.00310107 335066 0.763685
1.12744 0.00308547 341340 0.759843
1.13272 0.00307873 342038 0.758184
1.13803 0.00307683 351354 0.757715
1.14339 0.00308646 355478 0.760086
1.14877 0.00307861 360066 0.758153
1.15416 0.00307865 364634 0.758163
1.15957 0.00308343 369072 0.759342
1.16503 0.00308135 377642 0.758827
1.17053 0.0030824 382074 0.759088
1.17602 0.00309159 384014 0.761351
1.18154 0.00308652 393066 0.760101
1.18707 0.00310227 393950 0.763981
1.19264 0.00310576 404154 0.764841
1.19826 0.00309402 409178 0.761948
1.20388 0.00310882 413334 0.765593
1.20954 0.00310648 421196 0.765017
1.21521 0.00311701 422658 0.767611
1.22091 0.00311988 434990 0.768318
1.22666 0.00314348 437442 0.774129
1.23241 0.00313709 443066 0.772554
1.2382 0.00314806 452150 0.775257
1.24401 0.00316031 455538 0.778274
1.24985 0.00315987 463382 0.778166
1.25571 0.00316544 468666 0.779536
1.26162 0.00317723 479642 0.782441
1.26756 0.00319623 482814 0.78712
1.2735 0.00319498 489386 0.786812
1.27948 0.00321783 498642 0.79244
1.2855 0.00321538 503450 0.791834
1.29154 0.00323955 512838 0.797787
1.29761 0.00325059 517586 0.800507
1.30369 0.00326237 524372 0.803407
1.3098 0.00326444 534270 0.803917
1.31596 0.0033006 540386 0.812822
1.32215 0.00331689 550938 0.816834
1.32836 0.00333843 554270 0.822139
1.33459 0.00334885 564978 0.824704
1.34087 0.00335902 574370 0.827209
1.34718 0.00339153 579614 0.835216
1.3535 0.003401 587778 0.837548
1.35985 0.00342135 596978 0.84256
1.36624 0.00345378 606570 0.850546
1.37267 0.00346205 613982 0.852581
1.37911 0.00349466 621200 0.860611
1.38558 0.00351619 631386 0.865915
1.39208 0.0035395 640418 0.871656
1.39864 0.00356735 651870 0.878512
1.40521 0.00359209 657770 0.884605
1.4118 0.00361466 667082 0.890165
1.41842 0.00364896 675810 0.898612
1.42509 0.00366413 689318 0.902346
1.4318 0.00369246 698754 0.909323
1.43854 0.00373879 706922 0.920733
1.44529 0.00375158 715562 0.923883
1.45208 0.00378223 727662 0.93143
1.45889 0.00382153 734426 0.941109
1.46572 0.00383742 745746 0.945022
1.4726 0.00387898 759698 0.955257
1.47952 0.00393632 768140 0.969378
1.48647 0.0039641 778770 0.976218
1.49347 0.0039828 795842 0.980823
1.50049 0.00402809 799442 0.991978
1.50754 0.00406844 816042 1.00191
1.51462 0.00411705 822038 1.01388
1.52173 0.00414704 837722 1.02127
1.52887 0.00418888 846330 1.03157
1.53605 0.00421595 860768 1.03824
1.54327 0.00427926 873722 1.05383
1.55052 0.00430588 885438 1.06039
1.55781 0.0043689 898730 1.07591
1.56513 0.00440573 908402 1.08498
1.57247 0.00444524 923226 1.09471
1.57985 0.00453675 933944 1.11724
1.58727 0.00455205 949730 1.12101
1.59472 0.00461161 961278 1.13568
1.60222 0.00468382 981218 1.15346
1.60976 0.00509126 989186 1.2538
1.6173 0.00528647 1001016 1.30187
1.62489 0.0048031 1019138 1.18283
1.63253 0.00485785 1032842 1.19632
1.64019 0.00492036 1045394 1.21171
1.6479 0.00495909 1066230 1.22125
1.65565 0.00502686 1075496 1.23794
1.66341 0.00508437 1090154 1.2521
1.67122 0.00514999 1110378 1.26826
1.67908 0.00520166 1124666 1.28099
1.68697 0.00526305 1139624 1.2961
1.6949 0.00532899 1157114 1.31234
1.70286 0.00539691 1171434 1.32907
1.71085 0.00545532 1188494 1.34346
1.71889 0.0055219 1205504 1.35985
1.72697 0.00559427 1226594 1.37767
1.73508 0.0056675 1235562 1.39571
1.74322 0.00573239 1259120 1.41169
1.75141 0.00581673 1274498 1.43246
1.75964 0.00590462 1295594 1.4541
1.76791 0.00595704 1308312 1.46701
1.77621 0.00604305 1333922 1.48819
1.78456 0.0060986 1348418 1.50187
1.79294 0.00618533 1366112 1.52323
1.80136 0.00627457 1389738 1.54521
1.80982 0.00635088 1407458 1.564
1.81832 0.00642438 1426520 1.5821
1.82687 0.00652693 1448810 1.60735
1.83545 0.00661615 1465802 1.62933
1.84406 0.00670015 1488456 1.65001
1.85272 0.00678258 1510766 1.67031
1.86142 0.00687434 1528298 1.69291
1.87016 0.0069581 1552784 1.71354
1.87895 0.00705677 1579538 1.73783
1.88779 0.00714652 1595784 1.75994
1.89665 0.0072429 1619930 1.78367
1.90555 0.00733668 1637186 1.80677
1.91449 0.00745299 1669616 1.83541
1.9235 0.00752946 1691834 1.85424
1.93253 0.00764052 1706952 1.88159
1.94159 0.00775449 1739630 1.90966
1.95073 0.00786799 1765064 1.93761
1.95988 0.00797471 1783538 1.96389
1.9691 0.00809316 1817480 1.99306
1.97835 0.00819247 1837034 2.01752
1.98765 0.00829431 1866512 2.0426
1.99698 0.00842608 1888242 2.07505
2.00636 0.008529 1917056 2.10039
2.01577 0.00864561 1941554 2.12911
2.02525 0.00876802 1978040 2.15926
2.03477 0.00888636 1997426 2.1884
2.04433 0.00902176 2029256 2.22174
2.05393 0.0091586 2056370 2.25544
2.06357 0.00925917 2084000 2.28021
2.07326 0.00940259 2117778 2.31553
2.083 0.00954337 2143952 2.3502
2.09278 0.00965009 2175614 2.37648
2.10261 0.00979684 2206400 2.41262
2.11248 0.00992849 2233970 2.44504
2.12241 0.0100859 2276456 2.4838
2.13239 0.0102128 2301848 2.51506
2.1424 0.0103534 2332922 2.54968
2.15246 0.010505 2366960 2.587
2.16256 0.0106507 2397698 2.62289
2.17272 0.0108107 2436644 2.6623
2.18293 0.0109647 2472608 2.70022
2.19319 0.0111162 2503050 2.73752
2.20348 0.0112602 2535392 2.773
2.21383 0.0114425 2581088 2.81789
2.22424 0.0115861 2612762 2.85325
2.23469 0.0117616 2647964 2.89646
2.24518 0.0119056 2687216 2.93192
2.25573 0.0120919 2724434 2.9778
2.26633 0.0122895 2765840 3.02646
2.27697 0.0124585 2798504 3.06808
2.28766 0.0125973 2841326 3.10228
2.29841 0.0127862 2886128 3.1488
2.30921 0.012971 2920808 3.19429
2.32005 0.0131547 2967536 3.23954
2.33094 0.0133389 3000674 3.2849
2.34188 0.0135109 3050324 3.32725
2.35289 0.0137138 3094664 3.37722
2.36395 0.0139196 3136016 3.4279
2.37505 0.0141106 3179546 3.47493
2.38621 0.0143248 3227060 3.5277
2.39742 0.014529 3271832 3.57798
2.40868 0.0147239 3315440 3.62597
2.41998 0.0149447 3363800 3.68035
2.43135 0.0151614 3414158 3.73371
2.44278 0.0153811 3459752 3.78783
2.45425 0.0155983 3508864 3.84131
2.46578 0.0158159 3560804 3.89489
2.47736 0.0160318 3608912 3.94807
2.489 0.016272 3660608 4.00723
2.50068 0.0165084 3707846 4.06545
2.51243 0.0167671 3769664 4.12916
2.52424 0.0170139 3822920 4.18993
2.53609 0.0172341 3863564 4.24414
2.548 0.0174966 3930704 4.30881
2.55998 0.0177504 3986168 4.3713
2.572 0.018 4034228 4.43277
2.58406 0.0182641 4090816 4.4978
2.5962 0.0185403 4160360 4.56583
2.60841 0.018797 4213436 4.62904
2.62066 0.0190744 4270976 4.69735
2.63296 0.0193772 4332308 4.77191
2.64533 0.0196509 4395896 4.83932
2.65775 0.0199131 4454378 4.9039
2.67023 0.02021 4517036 4.97703
2.68278 0.0205026 4588552 5.04908
2.69539 0.0208294 4651316 5.12955
2.70805 0.0211311 4711190 5.20385
2.72076 0.0214848 4782704 5.29094
2.73355 0.021777 4849964 5.36292
2.74639 0.0221275 4917080 5.44923
2.75928 0.0224386 4985260 5.52583
2.77224 0.0227548 5060456 5.60371
2.78527 0.0231268 5127788 5.69531
2.79835 0.0234602 5201672 5.77742
2.81149 0.0238406 5278196 5.87111
2.8247 0.0241386 5350384 5.94449
2.83797 0.0245403 5423492 6.04342
2.8513 0.0249455 5504720 6.1432
2.86469 0.0252769 5581268 6.22482
2.87815 0.0256792 5659270 6.3239
2.89166 0.0260409 5736332 6.41297
2.90524 0.026473 5823104 6.51937
2.91889 0.0269097 5909900 6.62692
2.93261 0.0273029 5986168 6.72375
2.94637 0.0277477 6064034 6.83328
2.96021 0.0281676 6162248 6.9367
2.97412 0.0286166 6249932 7.04726
2.9881 0.0290901 6331588 7.16387
3.00213 0.0295086 6424736 7.26694
3.01623 0.0299768 6515066 7.38223
3.0304 0.030476 6607552 7.50516
3.04463 0.0309672 6691412 7.62614
3.05892 0.0314199 6796676 7.73762
3.0733 0.0319553 6894838 7.86946
3.08773 0.0324669 6983324 7.99545
3.10224 0.0329735 7094120 8.12023
3.11681 0.0335622 7182634 8.2652
3.13145 0.0340583 7295588 8.38737
3.14616 0.0346431 7389992 8.53138
3.16094 0.0352127 7499434 8.67165
3.17579 0.0358177 7606244 8.82065
3.1907 0.0364103 7703654 8.96659
3.20568 0.0373043 7823908 9.18675
3.22074 0.0378839 7933148 9.32947
3.23587 0.0383015 8035210 9.43232
3.25107 0.0388955 8168648 9.57861
3.26635 0.0395114 8270402 9.73028
3.28169 0.0402309 8396284 9.90746
3.2971 0.0409091 8496608 10.0745
3.31258 0.0416369 8636482 10.2537
3.32814 0.0423472 8744780 10.4286
3.34377 0.0430955 8878274 10.6129
3.35948 0.0438224 8998288 10.7919
3.37526 0.0446535 9127058 10.9966
3.39111 0.0454245 9258676 11.1865
3.40704 0.0462525 9394994 11.3904
3.42305 0.0470791 9518530 11.5939
3.43912 0.0479348 9652352 11.8047
3.45528 0.0487911 9800506 12.0155
3.47151 0.0497107 9929156 12.242
3.48782 0.0505931 10079002 12.4593
3.5042 0.0515607 10202930 12.6976
3.52065 0.0525657 10362148 12.9451
3.53719 0.0536064 10508450 13.2014
3.5538 0.0545558 10647784 13.4352
3.5705 0.0556181 10817954 13.6968
3.58727 0.0566706 10950034 13.956
3.60411 0.0577837 11116484 14.2301
3.62105 0.0589418 11277610 14.5153
3.63806 0.0600607 11430154 14.7908
3.65514 0.0612382 11580074 15.0808
3.6723 0.0625069 11759140 15.3933
3.68955 0.0637808 11924378 15.707
3.70689 0.065177 12099850 16.0508
3.7243 0.0664666 12260050 16.3684
3.7418 0.0678985 12439484 16.721
3.75937 0.069337 12606226 17.0753
3.77703 0.070772 12800474 17.4287
3.79477 0.0723566 12964258 17.8189
3.81259 0.0738725 13155874 18.1922
3.8305 0.0755642 13345394 18.6088
3.84849 0.0772605 13525540 19.0266
3.86657 0.0790252 13730122 19.4611
3.88473 0.0808665 13917890 19.9146
3.90298 0.0827173 14114938 20.3704
3.92131 0.084643 14316682 20.8446
3.93974 0.0867544 14520626 21.3646
3.95824 0.0887886 14708962 21.8655
3.97682 0.0910455 14936002 22.4213
3.9955 0.0932598 15141986 22.9666
4.01428 0.0956712 15366994 23.5605
4.03313 0.098054 15563242 24.1473
4.05207 0.100648 15794614 24.7862
4.07111 0.103355 16021226 25.4527
4.09023 0.106117 16238338 26.1329
4.10944 0.109008 16476706 26.8449
4.12874 0.112005 16717282 27.583
4.14814 0.115204 16935730 28.3707
4.16762 0.118527 17183270 29.1891
4.18719 0.121967 17431546 30.0361
4.20686 0.125706 17672128 30.957
4.22662 0.129506 17929450 31.8929
4.24648 0.133447 18181246 32.8633
4.26643 0.137662 18436154 33.9013
4.28646 0.141941 18688066 34.9551
4.30659 0.146525 18966160 36.0839
4.32682 0.151642 19228342 37.3442
4.34714 0.156635 19497994 38.5738
4.36756 0.162024 19789402 39.9009
4.38808 0.167606 20048224 41.2755
4.40868 0.174255 20340694 42.913
4.42939 0.180678 20631698 44.4947
4.4502 0.187065 20920738 46.0676
4.4711 0.195765 21224764 48.21
4.49211 0.203769 21524794 50.1812
4.51321 0.211607 21819694 52.1115
4.53441 0.224879 22136776 55.3798
4.55571 0.234107 22446490 57.6523
4.5771 0.249642 22753708 61.478
4.5986 0.2656 23092930 65.4081
4.6202 0.281878 23405020 69.4166
4.6419 0.315867 23744914 77.7869
4.66371 0.330052 24090094 81.2803
4.68561 0.402596 24416584 99.1453
4.70762 0.423541 24763822 104.303
4.72973 0.574062 25116112 141.371
4.75194 0.746344 25474348 183.798
4.77427 0.941839 25839802 231.942
4.79669 1.81139 26191732 446.082
4.81921 284.066 26563339 69955.6
4.84183 0.266454 26678128 65.6182
4.86457 0.264021 26655828 65.0191
4.88742 0.262588 26675140 64.6663
4.91038 0.261738 26644864 64.4569
4.93344 0.261442 26631640 64.3841
4.95661 0.261566 26619904 64.4145
4.9799 0.261905 26596180 64.4981
5.00329 0.262957 26557060 64.757
5.02679 0.26413 26532520 65.046
5.0504 0.265556 26493240 65.3972
5.07412 0.267311 26453764 65.8294
5.09795 0.269542 26412544 66.3788
5.1219 0.271726 26360476 66.9167
5.14595 0.274385 26299600 67.5715
5.17012 0.27728 26254092 68.2844
5.19441 0.280463 26178916 69.0682
5.21881 0.284102 26116096 69.9645
5.24332 0.287688 26040928 70.8475
5.26795 0.291754 25967736 71.8487
5.29269 0.296105 25862260 72.9202
5.31755 0.300752 25796416 74.0648
5.34253 0.305514 25689396 75.2375
5.36762 0.31087 25577176 76.5563
5.39283 0.316494 25489588 77.9413
5.41816 0.322312 25373328 79.3742
5.44362 0.328592 25250224 80.9207
5.46918 0.335391 25122124 82.5949
5.49487 0.342448 24990660 84.333
5.52068 0.350016 24856192 86.1967
5.54661 0.358084 24706228 88.1836
5.57266 0.366526 24558204 90.2625
5.59883 0.375817 24392068 92.5506
5.62513 0.385223 24237480 94.867
5.65155 0.395753 24064336 97.4601
5.67809 0.406728 23876980 100.163
5.70476 0.4182 23697324 102.988
5.73156 0.43067 23498488 106.059
5.75848 0.443822 23292324 109.298
5.78553 0.458638 23100964 112.946
5.81271 0.473565 22862988 116.622
5.84 0.489242 22634848 120.483
5.86743 0.50626 22410012 124.674
5.89499 0.524574 22160572 129.184
5.92268 0.544003 21915600 133.969
5.9505 0.565312 21645516 139.216
5.97844 0.587334 21372232 144.64
6.00652 0.610652 21101172 150.382
6.03474 0.636183 20815564 156.67
6.06308 0.663261 20504628 163.338
6.09156 0.691622 20204736 170.322
6.12017 0.721947 19883356 177.79
6.14891 0.753822 19552848 185.64
6.17779 0.788558 19217196 194.194
6.20681 0.825089 18861736 203.19
6.23596 0.862978 18502836 212.521
6.26525 0.906251 18135780 223.178
6.29467 0.95073 17749600 234.132
6.32424 0.999064 17354232 246.035
6.35394 1.05239 16953228 259.167
6.38378 1.11104 16529656 273.61
6.41376 1.17592 16099164 289.588
6.44388 1.25793 15659388 309.785
6.47415 1.35164 15207864 332.86
6.50455 1.46646 14736132 361.137
6.5351 1.61367 14255596 397.391
6.56579 1.81189 13762332 446.204
6.59662 2.08675 13252296 513.894
6.6276 2.51764 12731268 620.006
6.65872 3.18874 12198720 785.274
6.68999 4.3789 11649660 1078.37
6.72141 6.42552 11081952 1582.38
6.75296 11.0832 10500652 2729.4
6.78467 21.8129 9911376 5371.76
6.81652 2275.63 9301473 560407
6.84856 1.30817 8737218 322.157
6.88073 1.33665 8239530 329.17
6.91305 1.37896 7788972 339.588
6.94552 1.42883 7357452 351.871
6.97814 1.4897 6958434 366.861
7.01093 1.56038 6572454 384.267
7.04385 1.63978 6204966 403.82
7.07693 1.72533 5851524 424.889
7.11016 1.82651 5518854 449.805
7.14356 1.93687 5192928 476.982
7.17711 2.05951 4883690 507.186
7.21082 2.19393 4585122 540.287
7.24468 2.34829 4294452 578.302
7.27871 2.5196 4020870 620.49
7.31289 2.70515 3750774 666.183
7.34723 2.91837 3496122 718.693
7.38174 3.151 3250038 775.982
7.41641 3.41367 3010904 840.667
7.45123 3.69869 2783520 910.858
7.48622 4.03163 2566482 992.85
7.52138 4.39916 2355504 1083.36
7.55668 4.81523 2154350 1185.82
7.59215 5.2689 1964322 1297.55
7.62781 5.78521 1782180 1424.7
7.66364 6.3893 1608354 1573.46
7.69963 7.07792 1442012 1743.04
7.73577 7.86635 1285878 1937.21
7.77208 8.8202 1137636 2172.11
7.80856 9.96758 999476 2454.67
7.84519 11.4581 867846 2821.73
7.88195 13.375 746768 3293.79
7.91894 16.1557 636276 3978.59
7.95615 20.1504 532566 4962.34
7.99345 26.6841 435044 6571.37
8.03087 37.6574 351690 9273.7
8.06861 57.6721 275630 14202.6
8.1063 97.423 204876 23991.9
8.14415 183.381 150770 45160.4
8.18252 410.662 100542 101132
8.22015 1049.39 59294 258428
8.25771 3591.93 32538 884567
8.29571 21591.7 11726 5.31728e+06
8.32962 308686 1560 7.60184e+07
8.35799 1.96121e+10 1 4.82977e+12
