# in Mpc/h Units 
# D1 = 0.0521603 
# k P N P(z=0)
0.00628319 0.498782 6 183.329
0.00888577 0.600862 12 220.848
0.0108828 0.651022 8 239.285
0.0125664 0.681189 6 250.373
0.0140496 0.69203 24 254.357
0.0153906 0.697847 24 256.495
0.0177715 0.694909 12 255.416
0.0188496 0.688418 30 253.03
0.0198692 0.681791 24 250.594
0.020839 0.672527 24 247.189
0.0217656 0.662746 8 243.594
0.0226543 0.652436 24 239.804
0.0235095 0.641461 48 235.77
0.0251327 0.621174 6 228.314
0.0259062 0.608228 48 223.556
0.0266573 0.597054 36 219.449
0.0273878 0.586189 24 215.455
0.0280993 0.575217 24 211.422
0.0287932 0.564789 48 207.589
0.0294708 0.55418 24 203.69
0.0307812 0.534261 24 196.369
0.0314159 0.524913 30 192.933
0.0320381 0.515645 72 189.527
0.0326484 0.506552 32 186.184
0.033836 0.489472 72 179.907
0.0344144 0.481382 48 176.933
0.0355431 0.466019 12 171.287
0.0360942 0.458951 48 168.689
0.036637 0.452054 48 166.154
0.0371718 0.445213 48 163.639
0.0376991 0.43864 30 161.223
0.0382191 0.43276 24 159.062
0.0387322 0.426626 72 156.807
0.0397384 0.415107 24 152.573
0.040232 0.409898 96 150.659
0.0407197 0.404766 48 148.773
0.0412016 0.399949 24 147.002
0.0416779 0.395132 24 145.232
0.0421489 0.390545 72 143.546
0.0426146 0.386147 48 141.929
0.0435312 0.378488 8 139.114
0.0439823 0.374046 54 137.482
0.0444288 0.370532 84 136.19
0.0448709 0.36701 48 134.895
0.0453087 0.36337 24 133.557
0.0457423 0.360094 72 132.354
0.0461718 0.357051 96 131.235
0.0470191 0.35102 48 129.018
0.047437 0.348126 48 127.955
0.0478513 0.345596 24 127.024
0.0482621 0.342747 72 125.977
0.0490732 0.338021 72 124.24
0.0494739 0.335498 96 123.313
0.0502655 0.327338 6 120.314
0.0506567 0.329096 96 120.96
0.0510448 0.326957 96 120.174
0.0514301 0.325252 24 119.547
0.0518125 0.32348 48 118.896
0.0521921 0.321591 96 118.202
0.0525689 0.319651 48 117.489
0.0533146 0.316182 36 116.214
0.0536836 0.314685 48 115.663
0.05405 0.312905 120 115.009
0.054414 0.31171 56 114.57
0.0547755 0.31006 24 113.963
0.0551347 0.308692 96 113.461
0.0554916 0.307146 48 112.892
0.0561985 0.304654 24 111.976
0.0565487 0.303092 102 111.402
0.0568967 0.302058 48 111.022
0.0572425 0.300799 72 110.559
0.0575863 0.299459 48 110.067
0.0579281 0.298415 48 109.683
0.0582679 0.296955 120 109.147
0.0589415 0.29481 24 108.358
0.0592755 0.293708 144 107.953
0.0596075 0.292491 120 107.506
0.0599378 0.291255 48 107.051
0.0605928 0.289437 48 106.383
0.0609177 0.288341 96 105.98
0.0615624 0.285988 24 105.115
0.0618822 0.285294 48 104.86
0.0622004 0.284383 108 104.526
0.0625169 0.283212 72 104.095
0.0628319 0.282457 30 103.818
0.0631452 0.281183 168 103.35
0.0634571 0.280246 48 103.005
0.0640762 0.278129 72 102.227
0.0643835 0.277196 96 101.884
0.0646894 0.276383 72 101.585
0.0649938 0.275377 72 101.216
0.0652968 0.274146 32 100.763
0.0655984 0.273191 72 100.412
0.0658986 0.272396 144 100.12
0.0667912 0.269164 96 98.932
0.0670861 0.268152 96 98.5599
0.0673797 0.267517 48 98.3265
0.067672 0.266385 72 97.9103
0.067963 0.265341 120 97.5267
0.0682529 0.264352 72 97.1631
0.0688288 0.262468 48 96.4706
0.069115 0.261549 78 96.1328
0.0694001 0.260084 120 95.5944
0.0696839 0.259589 48 95.4126
0.0702481 0.257244 144 94.5507
0.0705286 0.256308 144 94.2068
0.0710861 0.254192 12 93.4289
0.0713633 0.253178 144 93.056
0.0716393 0.252101 48 92.6602
0.0719926 0.250843 168 92.1978
0.0724612 0.248923 48 91.4922
0.0727331 0.247948 168 91.1337
0.0734532 0.245308 144 90.1635
0.0738107 0.243689 96 89.5683
0.0740777 0.242811 72 89.2457
0.0743437 0.241561 48 88.7862
0.0746967 0.240119 144 88.2564
0.0753982 0.237063 30 87.1331
0.0758332 0.235454 288 86.5417
0.0761796 0.233934 56 85.9828
0.0766638 0.232103 192 85.3101
0.076953 0.231007 120 84.9071
0.0776339 0.227997 216 83.8009
0.0779723 0.226721 96 83.332
0.078225 0.22531 96 82.8131
0.0787281 0.223386 72 82.1062
0.0789784 0.222278 96 81.699
0.0794767 0.220033 24 80.8736
0.0798137 0.218664 300 80.3706
0.0802183 0.217024 24 79.7676
0.0805865 0.215415 192 79.1764
0.0809532 0.213702 120 78.5468
0.0814394 0.211807 48 77.8503
0.0818379 0.210072 222 77.2126
0.0821633 0.208342 120 76.5766
0.0826125 0.206565 192 75.9233
0.0828809 0.205453 144 75.5147
0.0833559 0.203074 24 74.6405
0.0837495 0.201805 144 74.174
0.0840633 0.200312 120 73.6252
0.0844439 0.198713 192 73.0373
0.0847648 0.197424 144 72.5636
0.0852293 0.195384 48 71.8137
0.0855594 0.193892 336 71.2654
0.0859213 0.192315 48 70.6859
0.0864252 0.190304 240 69.9465
0.0870624 0.18777 8 69.0153
0.0872888 0.186595 48 68.5835
0.087579 0.185544 336 68.197
0.0881192 0.183459 174 67.4308
0.0884123 0.182244 120 66.9842
0.0889978 0.179897 228 66.1214
0.089427 0.178061 168 65.4468
0.0898883 0.176432 144 64.8479
0.0901807 0.175194 240 64.3931
0.0906174 0.173858 24 63.9018
0.090897 0.172615 336 63.4451
0.0913765 0.17064 144 62.7193
0.0917922 0.169259 168 62.2114
0.0923436 0.167128 96 61.4282
0.0926754 0.166045 216 61.0302
0.0932651 0.164013 288 60.2833
0.0936174 0.162797 144 59.8364
0.0941969 0.160717 198 59.0719
0.094573 0.159502 216 58.6254
0.0950225 0.158134 168 58.1224
0.0952892 0.157247 240 57.7964
0.0958792 0.155303 168 57.082
0.0962314 0.154287 336 56.7085
0.0968099 0.152561 240 56.074
0.097638 0.150229 276 55.2172
0.0981837 0.148604 344 54.6199
0.0985479 0.147755 144 54.3076
0.0990673 0.146286 240 53.7678
0.0994528 0.145261 312 53.3911
0.100098 0.143449 240 52.725
0.100531 0.14198 6 52.1851
0.100874 0.141693 384 52.0794
0.101448 0.140411 312 51.6086
0.101924 0.139406 168 51.239
0.102421 0.138149 336 50.777
0.102983 0.136923 336 50.3263
0.103243 0.136484 192 50.1651
0.103879 0.135164 288 49.6798
0.104279 0.134564 216 49.4595
0.104705 0.133645 240 49.1216
0.105349 0.132417 384 48.6701
0.1057 0.131623 72 48.3784
0.106152 0.131011 336 48.1535
0.106914 0.129746 378 47.6886
0.107244 0.12912 144 47.4582
0.107631 0.128778 384 47.3328
0.10826 0.127692 384 46.9334
0.108777 0.126942 344 46.6578
0.10919 0.126365 144 46.4459
0.109816 0.125593 456 46.1621
0.110311 0.125013 312 45.9487
0.110746 0.124315 144 45.6924
0.111354 0.123635 552 45.4424
0.111965 0.122903 264 45.1734
0.112557 0.122198 264 44.9143
0.112926 0.121896 294 44.8031
0.113378 0.121468 432 44.6459
0.113986 0.12075 432 44.382
0.114516 0.120314 264 44.2217
0.114915 0.119802 192 44.0337
0.115567 0.119313 468 43.8538
0.116093 0.1188 552 43.6652
0.116705 0.118285 336 43.4758
0.117239 0.117744 288 43.2772
0.117777 0.117307 456 43.1165
0.118366 0.116801 432 42.9303
0.118788 0.11634 168 42.7611
0.119469 0.115842 566 42.5779
0.120077 0.115419 432 42.4224
0.120751 0.114803 432 42.196
0.121153 0.114424 360 42.0568
0.121711 0.113984 624 41.8951
0.122203 0.113429 264 41.6911
0.122718 0.11326 360 41.6289
0.123453 0.112569 456 41.3751
0.123969 0.112131 504 41.2138
0.12467 0.111569 564 41.0074
0.12526 0.111001 384 40.7986
0.125876 0.110436 462 40.591
0.126429 0.110021 624 40.4385
0.127121 0.109392 432 40.2074
0.127677 0.108781 624 39.9827
0.128318 0.108175 312 39.7601
0.128807 0.10777 552 39.6111
0.129504 0.107025 408 39.3371
0.129878 0.10671 600 39.2215
0.130701 0.105824 608 38.896
0.131297 0.105222 504 38.6747
0.131933 0.10455 510 38.4276
0.13258 0.103831 600 38.1634
0.133214 0.103145 492 37.9112
0.133672 0.102669 552 37.7364
0.134446 0.101742 696 37.3956
0.13492 0.101074 504 37.1499
0.135589 0.100458 528 36.9237
0.136149 0.0996942 624 36.6428
0.136788 0.0989547 504 36.371
0.137489 0.098097 552 36.0558
0.138157 0.0971788 654 35.7183
0.138792 0.0963703 840 35.4211
0.139482 0.0954325 744 35.0764
0.140148 0.094561 456 34.7561
0.140735 0.0938354 648 34.4894
0.141506 0.0927631 896 34.0953
0.142105 0.0920078 396 33.8177
0.142726 0.0910355 816 33.4603
0.14348 0.0900799 672 33.1091
0.144008 0.0893493 552 32.8406
0.14474 0.0883782 894 32.4836
0.145447 0.0874595 672 32.1459
0.146112 0.0865641 624 31.8168
0.146784 0.0856809 888 31.4922
0.147376 0.0848228 720 31.1768
0.148179 0.0838172 936 30.8072
0.148977 0.0827106 648 30.4005
0.149637 0.0818218 936 30.0738
0.150285 0.0809932 696 29.7693
0.151106 0.0799225 618 29.3757
0.151697 0.0792085 1008 29.1133
0.15237 0.0784187 872 28.823
0.153147 0.0774031 960 28.4497
0.153934 0.0765133 888 28.1226
0.154569 0.0757309 648 27.8351
0.155288 0.0749857 840 27.5612
0.155941 0.0741587 912 27.2572
0.156682 0.0734343 774 26.991
0.157451 0.0726226 1272 26.6926
0.158249 0.071774 912 26.3807
0.159019 0.0709874 864 26.0916
0.159745 0.0702902 924 25.8353
0.160428 0.0696564 1080 25.6024
0.161255 0.0688738 1008 25.3147
0.161989 0.068279 1128 25.0961
0.162879 0.0675476 768 24.8273
0.1635 0.0670724 1046 24.6526
0.164304 0.0664638 1152 24.4289
0.16512 0.0658356 1272 24.198
0.165918 0.065263 912 23.9876
0.166638 0.0648089 1200 23.8207
0.167465 0.0642297 1080 23.6078
0.1681 0.0638204 840 23.4573
0.169017 0.0632886 1332 23.2619
0.169783 0.0628311 1062 23.0937
0.170536 0.0624533 1320 22.9548
0.17142 0.0619392 1248 22.7659
0.172167 0.0615894 1104 22.6373
0.173001 0.061205 1392 22.496
0.173739 0.0608461 776 22.3641
0.174601 0.0604858 1728 22.2317
0.175449 0.0601091 1224 22.0933
0.17633 0.059822 1254 21.9877
0.177179 0.0594833 1368 21.8632
0.177982 0.0591373 1236 21.7361
0.178748 0.0589198 1608 21.6561
0.179662 0.0585171 1008 21.5081
0.180329 0.0582738 1488 21.4187
0.181298 0.0579265 1440 21.291
0.182161 0.0576341 1158 21.1835
0.182962 0.0574551 1824 21.1178
0.183819 0.0570641 1464 20.9741
0.184763 0.0567845 1448 20.8713
0.18557 0.0565962 1560 20.8021
0.186484 0.0562026 1428 20.6574
0.187347 0.0559165 1680 20.5523
0.188277 0.05566 1494 20.4579
0.189164 0.0553231 1944 20.3341
0.190083 0.0549688 1368 20.2039
0.190912 0.0546038 1584 20.0698
0.191791 0.0543014 1776 19.9586
0.192627 0.0539423 1440 19.8266
0.19355 0.0535463 1968 19.6811
0.194476 0.053152 1374 19.5361
0.195383 0.052845 2100 19.4233
0.196314 0.0523908 1640 19.2564
0.19731 0.0519268 2496 19.0858
0.198246 0.0515595 1248 18.9508
0.198969 0.0511611 1512 18.8044
0.200004 0.0506694 2280 18.6236
0.200981 0.0501834 1926 18.445
0.201907 0.0496949 2064 18.2655
0.202923 0.0491796 1920 18.0761
0.203766 0.0487591 1944 17.9215
0.204817 0.0482211 2172 17.7238
0.205802 0.0477139 2256 17.5374
0.206744 0.047278 1736 17.3772
0.207695 0.046791 2094 17.1982
0.208661 0.0462303 2328 16.9921
0.209635 0.0457482 2256 16.8149
0.210605 0.0452177 1920 16.6199
0.211552 0.044702 2520 16.4303
0.212598 0.0442233 2088 16.2544
0.213716 0.0436574 2634 16.0464
0.214685 0.0431739 2328 15.8687
0.215636 0.042686 2304 15.6894
0.2167 0.0422175 2568 15.5171
0.217712 0.0416708 2024 15.3162
0.21856 0.041262 2352 15.166
0.21964 0.0408398 2718 15.0107
0.220689 0.0404328 2520 14.8612
0.221792 0.0399106 2772 14.6692
0.222806 0.0395269 2640 14.5282
0.223891 0.0390845 2880 14.3656
0.224992 0.0386947 2448 14.2223
0.225967 0.038291 2478 14.0739
0.226978 0.0379716 2904 13.9565
0.228073 0.0375665 2816 13.8076
0.229091 0.037263 3024 13.6961
0.230305 0.0368828 2952 13.5563
0.231358 0.0365643 2796 13.4393
0.232405 0.0362982 2982 13.3415
0.23355 0.036012 3312 13.2363
0.234601 0.0357124 2688 13.1262
0.235688 0.03543 3144 13.0224
0.236855 0.0351631 3672 12.9243
0.237877 0.0349252 2328 12.8368
0.239086 0.0346646 4046 12.7411
0.240233 0.0344043 2844 12.6454
0.241291 0.0341928 3600 12.5676
0.242431 0.0339807 3264 12.4897
0.243572 0.0337753 3288 12.4142
0.244685 0.0335064 3198 12.3154
0.245798 0.0333214 3864 12.2474
0.246976 0.0331119 3456 12.1704
0.248127 0.0328642 3744 12.0793
0.24936 0.0326442 3876 11.9985
0.250523 0.0324404 3392 11.9235
0.251669 0.0322419 3918 11.8506
0.252872 0.0319852 3864 11.7562
0.254083 0.0317915 4104 11.685
0.255199 0.0315617 3480 11.6006
0.256387 0.0313552 4080 11.5247
0.257664 0.031047 4170 11.4114
0.258855 0.0308432 4176 11.3365
0.26008 0.0305574 4560 11.2314
0.261336 0.030302 3656 11.1376
0.262469 0.0300502 4344 11.045
0.263809 0.0297582 4830 10.9377
0.265071 0.0294869 4416 10.838
0.266256 0.0291807 3876 10.7254
0.267421 0.0289305 4752 10.6335
0.268761 0.0286545 4968 10.532
0.2701 0.0283261 4494 10.4113
0.27124 0.0280509 4200 10.3102
0.272568 0.0277371 5792 10.1948
0.273851 0.0274719 4224 10.0974
0.275155 0.0271504 5220 9.97918
0.276427 0.0268733 4590 9.87735
0.277657 0.0265861 5328 9.7718
0.27902 0.0262566 5304 9.65069
0.280352 0.0259571 5040 9.5406
0.281565 0.0256976 4920 9.44522
0.282918 0.0254107 5750 9.33976
0.284302 0.0251308 5388 9.23687
0.285589 0.0248561 5784 9.13593
0.286971 0.0246383 5400 9.05587
0.288304 0.0243372 5640 8.94521
0.289695 0.0240791 5934 8.85033
0.291035 0.0238541 6120 8.76762
0.292425 0.0236144 5544 8.67954
0.293779 0.0233945 6164 8.59872
0.295153 0.023206 5838 8.5294
0.296461 0.0230158 6144 8.45953
0.297907 0.0227751 6288 8.37103
0.299258 0.0225741 6576 8.29715
0.300748 0.0223576 6504 8.21761
0.302188 0.0221921 6594 8.15676
0.30361 0.0220066 7008 8.08857
0.305003 0.0218034 6200 8.01391
0.306412 0.0216646 6768 7.96288
0.307876 0.0214862 7182 7.8973
0.309298 0.0213062 6864 7.83116
0.310761 0.0211511 7308 7.77412
0.312204 0.0209776 6744 7.71036
0.313652 0.0208269 7686 7.65497
0.315175 0.0207004 7280 7.60847
0.31662 0.0205253 7920 7.54412
0.318151 0.0203064 7560 7.46367
0.319599 0.0201516 6948 7.40676
0.321058 0.0199886 8430 7.34684
0.322645 0.0198108 8328 7.28152
0.324166 0.0196526 7824 7.22335
0.32568 0.0194669 8160 7.15511
0.327167 0.0192983 8030 7.09313
0.328774 0.0191139 9372 7.02535
0.330313 0.0189285 7968 6.95722
0.331826 0.0187202 8568 6.88066
0.333427 0.0185701 8934 6.82549
0.334947 0.0183666 8952 6.7507
0.336524 0.0181847 8880 6.68384
0.338146 0.017967 9548 6.60383
0.339739 0.0178137 9126 6.54746
0.341313 0.0175922 9384 6.46606
0.342874 0.0174236 9288 6.40408
0.344468 0.0172425 9792 6.33752
0.346116 0.0170508 9570 6.26708
0.34771 0.0168731 10376 6.20174
0.349362 0.016686 10152 6.13299
0.351033 0.016523 9960 6.07306
0.352646 0.0163675 10782 6.01591
0.354377 0.0162084 10992 5.95742
0.356063 0.016034 10452 5.89332
0.357696 0.0158622 10806 5.8302
0.359426 0.0157117 11312 5.77486
0.361079 0.0155611 11112 5.71951
0.362754 0.0154156 10848 5.66606
0.364449 0.0152502 11394 5.60525
0.366133 0.0151354 11952 5.56307
0.367846 0.0150289 11352 5.5239
0.369601 0.0148508 12584 5.45845
0.371397 0.0147437 12390 5.4191
0.373143 0.0145795 12252 5.35874
0.374848 0.014461 12240 5.31517
0.37663 0.0143435 12486 5.27197
0.378363 0.014212 13080 5.22366
0.380139 0.0140908 12968 5.17909
0.381916 0.0139671 12612 5.13365
0.38369 0.0138497 13974 5.0905
0.385541 0.0137328 13944 5.04754
0.387327 0.0135796 12840 4.99123
0.3891 0.013466 14358 4.94948
0.390994 0.0133463 14588 4.90547
0.392843 0.0132093 14688 4.8551
0.394661 0.0130598 13560 4.80017
0.396505 0.0129545 15582 4.76145
0.398367 0.0128186 14544 4.71149
0.400233 0.012711 15420 4.67197
0.402152 0.0125566 15614 4.61519
0.40399 0.0124573 14880 4.57871
0.405874 0.012312 16728 4.52529
0.407843 0.0121788 15690 4.47634
0.409716 0.0120487 16248 4.42852
0.411602 0.0119663 16584 4.39826
0.413596 0.0118153 16904 4.34275
0.415548 0.0117093 17430 4.30377
0.417499 0.0115805 16908 4.25643
0.419429 0.0114444 17640 4.20642
0.421439 0.0113277 17550 4.16351
0.4234 0.0112325 18696 4.12853
0.425408 0.0111074 17792 4.08254
0.42739 0.0109978 18138 4.04227
0.42937 0.0108926 19392 4.00361
0.431414 0.0107902 18768 3.96595
0.433421 0.0106752 19038 3.92369
0.435438 0.0105834 19460 3.88996
0.437444 0.0104958 19992 3.85776
0.4396 0.0103625 21174 3.80876
0.441671 0.0102777 20040 3.77761
0.443727 0.0102048 20628 3.75079
0.445802 0.0100942 20798 3.71014
0.447878 0.0100198 21480 3.6828
0.449991 0.00989474 21792 3.63684
0.452114 0.00981636 21414 3.60803
0.454235 0.00972402 23100 3.57409
0.456374 0.00963204 21992 3.54028
0.458534 0.00951913 23406 3.49878
0.460666 0.00944533 22536 3.47165
0.46284 0.00932302 24348 3.4267
0.465042 0.00924563 23598 3.39825
0.467214 0.00916404 24224 3.36826
0.469406 0.00903412 24648 3.32051
0.471626 0.00896843 24618 3.29637
0.473743 0.00888064 24192 3.2641
0.475977 0.00878351 26208 3.2284
0.478226 0.00869229 25790 3.19487
0.480485 0.00860825 26916 3.16398
0.482752 0.00853543 26214 3.13722
0.485019 0.00843481 27528 3.10023
0.487306 0.00835298 27720 3.07016
0.48961 0.00826341 27122 3.03724
0.491868 0.00820045 28632 3.0141
0.494198 0.00812173 28680 2.98516
0.496522 0.0080337 28722 2.9528
0.498833 0.00795876 30000 2.92526
0.501204 0.00785791 29408 2.88819
0.50355 0.00779489 30678 2.86503
0.505916 0.00770382 30660 2.83156
0.508313 0.00763934 31494 2.80786
0.510704 0.00755347 31448 2.7763
0.513084 0.00749656 32160 2.75538
0.515543 0.00741218 33090 2.72436
0.51795 0.00734469 32664 2.69956
0.520364 0.00726166 32718 2.66904
0.522793 0.00720133 34472 2.64687
0.52526 0.00714201 34260 2.62506
0.527713 0.00707866 34302 2.60178
0.530156 0.00700359 35472 2.57419
0.532669 0.00691839 36020 2.54287
0.535188 0.00686743 36942 2.52414
0.5377 0.00678628 36360 2.49431
0.540241 0.00672406 38166 2.47144
0.542756 0.0066594 36804 2.44768
0.545284 0.00658246 38864 2.4194
0.54787 0.0064985 39366 2.38854
0.550466 0.00643308 40068 2.36449
0.553028 0.00639337 38910 2.3499
0.555606 0.00630679 41360 2.31808
0.558224 0.00624801 40782 2.29647
0.56083 0.00620851 42204 2.28195
0.56345 0.00614768 41544 2.25959
0.566114 0.00606981 44510 2.23097
0.568794 0.00602673 42948 2.21514
0.57145 0.00595583 44478 2.18908
0.574166 0.00588812 46032 2.16419
0.576877 0.00583445 44402 2.14446
0.57954 0.00577462 46320 2.12248
0.582264 0.00572678 46848 2.10489
0.585017 0.0056661 47814 2.08259
0.587762 0.00561072 48260 2.06223
0.590569 0.00554488 49758 2.03803
0.593327 0.00550378 49032 2.02293
0.596104 0.00544509 49770 2.00136
0.598885 0.00539663 51056 1.98354
0.601688 0.00534747 51504 1.96547
0.60453 0.00529073 52866 1.94462
0.607362 0.00523261 52848 1.92326
0.610229 0.0051948 54542 1.90936
0.613094 0.00513564 54276 1.88762
0.615957 0.00508505 55062 1.86902
0.618839 0.0050353 56568 1.85074
0.62177 0.00499153 57266 1.83465
0.624688 0.00494159 58056 1.81629
0.627616 0.00488621 57750 1.79594
0.630554 0.00484528 60380 1.78089
0.633541 0.0047878 60390 1.75977
0.63652 0.0047435 61608 1.74348
0.639512 0.0046865 61362 1.72253
0.64251 0.00465717 63752 1.71175
0.64554 0.00461114 63528 1.69483
0.648554 0.00456556 64050 1.67808
0.651549 0.00451875 64784 1.66088
0.654649 0.00448397 68814 1.6481
0.657741 0.00444258 66156 1.63288
0.66081 0.00440916 68718 1.6206
0.663899 0.00436576 69104 1.60464
0.667047 0.00431356 71682 1.58546
0.670183 0.00426941 70512 1.56923
0.673306 0.00422473 72278 1.55281
0.676483 0.00418159 74532 1.53695
0.679687 0.00415551 74454 1.52737
0.682871 0.00411895 75540 1.51393
0.686079 0.00406959 76526 1.49579
0.689314 0.00404053 78648 1.48511
0.692548 0.00400091 77370 1.47054
0.695723 0.00395986 78272 1.45546
0.698997 0.00393188 82710 1.44517
0.702314 0.0038775 82146 1.42518
0.705609 0.00385457 83712 1.41676
0.708938 0.00380876 84710 1.39992
0.712273 0.00377929 86172 1.38909
0.715624 0.00374599 86406 1.37685
0.718964 0.00371506 88244 1.36548
0.722353 0.00366949 89670 1.34873
0.725741 0.00363494 90792 1.33603
0.729184 0.00361744 93194 1.3296
0.732605 0.00356941 92352 1.31195
0.736035 0.00354721 94914 1.30379
0.739481 0.00351249 95504 1.29102
0.742951 0.00348714 97230 1.28171
0.746441 0.0034499 98802 1.26802
0.749957 0.00342493 100952 1.25884
0.753469 0.0033958 99990 1.24813
0.756983 0.00335671 103356 1.23377
0.760565 0.00333281 105014 1.22498
0.764149 0.00329996 106548 1.21291
0.767736 0.00326921 106302 1.2016
0.771306 0.00324631 108002 1.19319
0.774926 0.00322044 111696 1.18368
0.778598 0.00318892 112158 1.1721
0.782245 0.00316256 113300 1.16241
0.785923 0.00313906 115302 1.15377
0.789616 0.00310085 117396 1.13972
0.793312 0.00307983 117158 1.132
0.797042 0.00305949 121470 1.12452
0.800776 0.00302775 120660 1.11286
0.804553 0.00300882 125030 1.1059
0.808343 0.00297681 125388 1.09413
0.812158 0.00296067 128094 1.0882
0.815959 0.00293076 127058 1.07721
0.819781 0.00291226 132336 1.07041
0.823648 0.00287212 132006 1.05566
0.827505 0.00286677 134162 1.05369
0.8314 0.0028428 137760 1.04488
0.835324 0.00281949 137802 1.03631
0.839214 0.00280182 139016 1.02982
0.843171 0.0027739 144354 1.01955
0.847141 0.00275441 142814 1.01239
0.851084 0.00273465 145932 1.00513
0.855081 0.00271343 148206 0.997328
0.859091 0.0026906 150566 0.988935
0.863128 0.00267667 152820 0.983817
0.867194 0.00265774 155142 0.976857
0.87127 0.00262887 157220 0.966248
0.875368 0.00261106 159198 0.9597
0.879473 0.00259972 160994 0.955531
0.883606 0.0025707 164544 0.944868
0.887753 0.00255589 165282 0.939424
0.891919 0.00253686 168350 0.93243
0.896109 0.00253166 171660 0.930517
0.900336 0.00250651 173622 0.921272
0.904563 0.00249402 175034 0.916682
0.908805 0.00247009 178512 0.907886
0.913051 0.00245916 178646 0.90387
0.917348 0.00244327 185466 0.898031
0.921672 0.00242448 185382 0.891125
0.925992 0.00241242 188252 0.886691
0.930354 0.00240035 192126 0.882253
0.93473 0.00237828 193562 0.874142
0.939107 0.0023782 196176 0.874114
0.943526 0.00235303 200130 0.864862
0.947959 0.00233106 201326 0.856788
0.952394 0.00233743 204972 0.859128
0.956874 0.0023177 208406 0.851877
0.961345 0.00230393 208362 0.846816
0.965874 0.00228883 217662 0.841264
0.970451 0.00228624 217124 0.840313
0.974982 0.002264 217446 0.832139
0.979556 0.00225603 224690 0.829208
0.984147 0.0022356 224058 0.8217
0.988771 0.00223779 231848 0.822506
0.993453 0.0022235 233994 0.817252
0.998112 0.00221614 234198 0.814547
1.00278 0.00220262 239708 0.809578
1.00751 0.00218771 243630 0.804099
1.01226 0.00218575 247010 0.803376
1.01699 0.00217002 246414 0.797598
1.02174 0.00216756 253772 0.79669
1.02654 0.00216381 256902 0.795313
1.03137 0.00214453 261066 0.788227
1.03624 0.00214101 265958 0.786932
1.0411 0.00213676 265098 0.78537
1.04596 0.00211436 271424 0.777137
1.05088 0.00211374 276858 0.776912
1.05585 0.00211531 281186 0.777489
1.06082 0.00211745 282918 0.778275
1.06577 0.00209886 285146 0.77144
1.07077 0.0020903 293280 0.768295
1.07581 0.0020875 294602 0.767267
1.08087 0.00208547 301278 0.766518
1.08595 0.00208064 302954 0.764742
1.09104 0.00207873 307674 0.764043
1.09614 0.00206937 310560 0.760601
1.1013 0.00206896 320834 0.760451
1.1065 0.00206328 321582 0.758365
1.1117 0.00206429 325226 0.758736
1.11691 0.00205081 331422 0.75378
1.12216 0.0020588 335066 0.756716
1.12744 0.00205032 341340 0.7536
1.13272 0.00204523 342038 0.751727
1.13803 0.00204488 351354 0.751599
1.14339 0.00205087 355478 0.753801
1.14877 0.0020452 360066 0.751717
1.15416 0.00204519 364634 0.751713
1.15957 0.00204933 369072 0.753234
1.16503 0.00204607 377642 0.752038
1.17053 0.00204684 382074 0.752323
1.17602 0.00205232 384014 0.754335
1.18154 0.00205101 393066 0.753854
1.18707 0.00205867 393950 0.756667
1.19264 0.00206189 404154 0.757854
1.19826 0.00205535 409178 0.755449
1.20388 0.00206448 413334 0.758805
1.20954 0.00206449 421196 0.758809
1.21521 0.00206865 422658 0.760337
1.22091 0.00207276 434990 0.761849
1.22666 0.00208779 437442 0.767371
1.23241 0.00208277 443066 0.765528
1.2382 0.00209101 452150 0.768555
1.24401 0.00209901 455538 0.771494
1.24985 0.00209831 463382 0.77124
1.25571 0.00210317 468666 0.773027
1.26162 0.00211022 479642 0.775615
1.26756 0.00212139 482814 0.77972
1.2735 0.0021209 489386 0.779543
1.27948 0.00213638 498642 0.785232
1.2855 0.00213492 503450 0.784696
1.29154 0.0021508 512838 0.790533
1.29761 0.00215819 517586 0.793249
1.30369 0.00216652 524372 0.796309
1.3098 0.00216781 534270 0.796785
1.31596 0.00219143 540386 0.805467
1.32215 0.00220391 550938 0.810054
1.32836 0.00221648 554270 0.814673
1.33459 0.00222506 564978 0.817826
1.34087 0.00223041 574370 0.819791
1.34718 0.00225309 579614 0.828128
1.3535 0.00226027 587778 0.830768
1.35985 0.00227454 596978 0.836013
1.36624 0.00229586 606570 0.843847
1.37267 0.00230082 613982 0.845672
1.37911 0.0023237 621200 0.85408
1.38558 0.00233832 631386 0.859453
1.39208 0.00235178 640418 0.864401
1.39864 0.00237191 651870 0.871801
1.40521 0.00238953 657770 0.878279
1.4118 0.00240458 667082 0.88381
1.41842 0.00242726 675810 0.892144
1.42509 0.0024376 689318 0.895945
1.4318 0.00245734 698754 0.9032
1.43854 0.00248891 706922 0.914806
1.44529 0.00249764 715562 0.918015
1.45208 0.00251984 727662 0.926173
1.45889 0.00254535 734426 0.935549
1.46572 0.00255569 745746 0.939351
1.4726 0.00258519 759698 0.950191
1.47952 0.00262139 768140 0.963498
1.48647 0.0026414 778770 0.970853
1.49347 0.00265441 795842 0.975635
1.50049 0.002687 799442 0.987612
1.50754 0.00271369 816042 0.997422
1.51462 0.00274464 822038 1.0088
1.52173 0.00276503 837722 1.01629
1.52887 0.00279367 846330 1.02682
1.53605 0.00281484 860768 1.0346
1.54327 0.00285665 873722 1.04997
1.55052 0.00287353 885438 1.05617
1.55781 0.00292038 898730 1.07339
1.56513 0.0029393 908402 1.08035
1.57247 0.00296958 923226 1.09148
1.57985 0.00302536 933944 1.11198
1.58727 0.0030397 949730 1.11725
1.59472 0.0030774 961278 1.13111
1.60222 0.00311383 981218 1.1445
1.60976 0.00328497 989186 1.2074
1.6173 0.00340448 1001016 1.25132
1.62489 0.00321231 1019138 1.18069
1.63253 0.00324941 1032842 1.19433
1.64019 0.00329642 1045394 1.21161
1.6479 0.0033215 1066230 1.22083
1.65565 0.00336517 1075496 1.23688
1.66341 0.00340826 1090154 1.25272
1.67122 0.00345117 1110378 1.26848
1.67908 0.00348673 1124666 1.28156
1.68697 0.00353142 1139624 1.29798
1.6949 0.00357796 1157114 1.31509
1.70286 0.00362763 1171434 1.33334
1.71085 0.00366459 1188494 1.34693
1.71889 0.00371137 1205504 1.36412
1.72697 0.00376065 1226594 1.38224
1.73508 0.00381163 1235562 1.40097
1.74322 0.00385714 1259120 1.4177
1.75141 0.00391449 1274498 1.43878
1.75964 0.00397551 1295594 1.46121
1.76791 0.00401219 1308312 1.47469
1.77621 0.00407539 1333922 1.49792
1.78456 0.00411309 1348418 1.51178
1.79294 0.00417123 1366112 1.53315
1.80136 0.00423364 1389738 1.55609
1.80982 0.00428502 1407458 1.57497
1.81832 0.00433838 1426520 1.59458
1.82687 0.00441012 1448810 1.62095
1.83545 0.0044718 1465802 1.64362
1.84406 0.00452716 1488456 1.66397
1.85272 0.00458838 1510766 1.68647
1.86142 0.00464719 1528298 1.70808
1.87016 0.00470589 1552784 1.72966
1.87895 0.00477653 1579538 1.75562
1.88779 0.00484046 1595784 1.77912
1.89665 0.00490796 1619930 1.80393
1.90555 0.00497446 1637186 1.82838
1.91449 0.00505227 1669616 1.85697
1.9235 0.00510602 1691834 1.87673
1.93253 0.00518913 1706952 1.90728
1.94159 0.00526579 1739630 1.93545
1.95073 0.00534463 1765064 1.96443
1.95988 0.00542271 1783538 1.99313
1.9691 0.00550449 1817480 2.02319
1.97835 0.0055751 1837034 2.04914
1.98765 0.00564776 1866512 2.07585
1.99698 0.00573844 1888242 2.10918
2.00636 0.0058119 1917056 2.13618
2.01577 0.0058937 1941554 2.16624
2.02525 0.00598135 1978040 2.19846
2.03477 0.00606425 1997426 2.22893
2.04433 0.00616243 2029256 2.26501
2.05393 0.00625366 2056370 2.29855
2.06357 0.00632934 2084000 2.32636
2.07326 0.00643464 2117778 2.36507
2.083 0.00652954 2143952 2.39995
2.09278 0.00660473 2175614 2.42759
2.10261 0.00670814 2206400 2.46559
2.11248 0.00680057 2233970 2.49957
2.12241 0.00691734 2276456 2.54249
2.13239 0.00700225 2301848 2.57369
2.1424 0.00710755 2332922 2.6124
2.15246 0.00721651 2366960 2.65244
2.16256 0.00731538 2397698 2.68879
2.17272 0.00743842 2436644 2.73401
2.18293 0.00754521 2472608 2.77326
2.19319 0.00765494 2503050 2.81359
2.20348 0.00775815 2535392 2.85153
2.21383 0.00788396 2581088 2.89777
2.22424 0.00798784 2612762 2.93595
2.23469 0.00811836 2647964 2.98392
2.24518 0.00822061 2687216 3.02151
2.25573 0.00835368 2724434 3.07041
2.26633 0.00848979 2765840 3.12044
2.27697 0.00861035 2798504 3.16476
2.28766 0.00872076 2841326 3.20533
2.29841 0.00885877 2886128 3.25606
2.30921 0.00899295 2920808 3.30538
2.32005 0.0091287 2967536 3.35528
2.33094 0.00925674 3000674 3.40234
2.34188 0.00938364 3050324 3.44898
2.35289 0.00952985 3094664 3.50272
2.36395 0.00968123 3136016 3.55836
2.37505 0.00982444 3179546 3.611
2.38621 0.0099711 3227060 3.6649
2.39742 0.0101274 3271832 3.72236
2.40868 0.0102715 3315440 3.7753
2.41998 0.0104316 3363800 3.83416
2.43135 0.0105955 3414158 3.8944
2.44278 0.0107582 3459752 3.9542
2.45425 0.0109127 3508864 4.011
2.46578 0.0110674 3560804 4.06787
2.47736 0.0112322 3608912 4.12844
2.489 0.0114134 3660608 4.19502
2.50068 0.0115881 3707846 4.25925
2.51243 0.0117716 3769664 4.32668
2.52424 0.0119546 3822920 4.39393
2.53609 0.0121251 3863564 4.4566
2.548 0.0123217 3930704 4.52888
2.55998 0.0125027 3986168 4.59538
2.572 0.01269 4034228 4.66423
2.58406 0.0128834 4090816 4.73534
2.5962 0.0130948 4160360 4.81302
2.60841 0.0132834 4213436 4.88234
2.62066 0.0134875 4270976 4.95736
2.63296 0.0137155 4332308 5.04117
2.64533 0.0139286 4395896 5.11949
2.65775 0.014128 4454378 5.19279
2.67023 0.0143485 4517036 5.27384
2.68278 0.0145739 4588552 5.35667
2.69539 0.0148136 4651316 5.44479
2.70805 0.0150406 4711190 5.5282
2.72076 0.015304 4782704 5.62504
2.73355 0.0155339 4849964 5.7095
2.74639 0.0157956 4917080 5.80571
2.75928 0.0160281 4985260 5.89118
2.77224 0.0162792 5060456 5.98345
2.78527 0.01655 5127788 6.08298
2.79835 0.0168063 5201672 6.17721
2.81149 0.0170932 5278196 6.28265
2.8247 0.0173303 5350384 6.36979
2.83797 0.0176453 5423492 6.48557
2.8513 0.0179364 5504720 6.59257
2.86469 0.0181969 5581268 6.6883
2.87815 0.0185071 5659270 6.80232
2.89166 0.0187948 5736332 6.90808
2.90524 0.0191201 5823104 7.02766
2.91889 0.019461 5909900 7.15293
2.93261 0.0197599 5986168 7.2628
2.94637 0.0200973 6064034 7.38683
2.96021 0.020425 6162248 7.50727
2.97412 0.0207765 6249932 7.63646
2.9881 0.0211428 6331588 7.77109
3.00213 0.0214676 6424736 7.89045
3.01623 0.0218415 6515066 8.02791
3.0304 0.022229 6607552 8.17032
3.04463 0.0226117 6691412 8.31097
3.05892 0.0229598 6796676 8.43894
3.0733 0.0233931 6894838 8.5982
3.08773 0.0237842 6983324 8.74193
3.10224 0.024185 7094120 8.88924
3.11681 0.0246474 7182634 9.05922
3.13145 0.0250381 7295588 9.20283
3.14616 0.0255071 7389992 9.37519
3.16094 0.0259472 7499434 9.53697
3.17579 0.0264321 7606244 9.71517
3.1907 0.0268936 7703654 9.8848
3.20568 0.0274956 7823908 10.1061
3.22074 0.0279639 7933148 10.2782
3.23587 0.0283963 8035210 10.4371
3.25107 0.0288899 8168648 10.6186
3.26635 0.0293881 8270402 10.8017
3.28169 0.0299598 8396284 11.0118
3.2971 0.0305102 8496608 11.2141
3.31258 0.031084 8636482 11.425
3.32814 0.0316673 8744780 11.6394
3.34377 0.0322693 8878274 11.8607
3.35948 0.0328644 8998288 12.0794
3.37526 0.0335341 9127058 12.3255
3.39111 0.0341632 9258676 12.5568
3.40704 0.0348344 9394994 12.8035
3.42305 0.0355138 9518530 13.0532
3.43912 0.0362067 9652352 13.3079
3.45528 0.0369035 9800506 13.564
3.47151 0.037654 9929156 13.8398
3.48782 0.0383806 10079002 14.1069
3.5042 0.0391673 10202930 14.396
3.52065 0.040003 10362148 14.7032
3.53719 0.0408588 10508450 15.0177
3.5538 0.041664 10647784 15.3137
3.5705 0.0425282 10817954 15.6313
3.58727 0.0434164 10950034 15.9578
3.60411 0.0443408 11116484 16.2976
3.62105 0.045305 11277610 16.652
3.63806 0.0462402 11430154 16.9957
3.65514 0.0472293 11580074 17.3592
3.6723 0.0482985 11759140 17.7522
3.68955 0.0493721 11924378 18.1468
3.70689 0.0505323 12099850 18.5733
3.7243 0.051629 12260050 18.9764
3.7418 0.0528542 12439484 19.4267
3.75937 0.0540745 12606226 19.8752
3.77703 0.0552911 12800474 20.3224
3.79477 0.0566407 12964258 20.8184
3.81259 0.0579365 13155874 21.2947
3.8305 0.0593871 13345394 21.8279
3.84849 0.060845 13525540 22.3637
3.86657 0.0623422 13730122 22.914
3.88473 0.0639501 13917890 23.505
3.90298 0.0655484 14114938 24.0925
3.92131 0.0672004 14316682 24.6997
3.93974 0.069019 14520626 25.3681
3.95824 0.0707878 14708962 26.0182
3.97682 0.0727597 14936002 26.743
3.9955 0.0746564 15141986 27.4402
4.01428 0.0767825 15366994 28.2216
4.03313 0.0788904 15563242 28.9964
4.05207 0.0811677 15794614 29.8334
4.07111 0.0835291 16021226 30.7013
4.09023 0.0859821 16238338 31.6029
4.10944 0.0885015 16476706 32.5289
4.12874 0.0911505 16717282 33.5026
4.14814 0.0940019 16935730 34.5506
4.16762 0.0969221 17183270 35.6239
4.18719 0.0999656 17431546 36.7426
4.20686 0.103295 17672128 37.9663
4.22662 0.106652 17929450 39.2002
4.24648 0.110164 18181246 40.4911
4.26643 0.113917 18436154 41.8703
4.28646 0.117676 18688066 43.2522
4.30659 0.121808 18966160 44.7709
4.32682 0.126267 19228342 46.4097
4.34714 0.130696 19497994 48.0376
4.36756 0.135448 19789402 49.7841
4.38808 0.14038 20048224 51.5971
4.40868 0.146139 20340694 53.7136
4.42939 0.151738 20631698 55.7716
4.4502 0.157366 20920738 57.8404
4.4711 0.164622 21224764 60.5071
4.49211 0.171451 21524794 63.017
4.51321 0.178219 21819694 65.5049
4.53441 0.188868 22136776 69.4187
4.55571 0.196681 22446490 72.2907
4.5771 0.209037 22753708 76.832
4.5986 0.221666 23092930 81.474
4.6202 0.234613 23405020 86.2327
4.6419 0.259975 23744914 95.5543
4.66371 0.271606 24090094 99.8293
4.68561 0.324033 24416584 119.099
4.70762 0.340623 24763822 125.197
4.72973 0.447779 25116112 164.582
4.75194 0.570579 25474348 209.718
4.77427 0.710843 25839802 261.272
4.79669 1.32551 26191732 487.196
4.81921 279.506 26563339 102733
4.84183 0.239781 26678128 88.1322
4.86457 0.237375 26655828 87.2477
4.88742 0.235761 26675140 86.6545
4.91038 0.234716 26644864 86.2705
4.93344 0.234233 26631640 86.0931
4.95661 0.234122 26619904 86.052
4.9799 0.234262 26596180 86.1037
5.00329 0.235025 26557060 86.3842
5.02679 0.235973 26532520 86.7325
5.0504 0.237069 26493240 87.1354
5.07412 0.238504 26453764 87.6627
5.09795 0.240266 26412544 88.3103
5.1219 0.242144 26360476 89.0007
5.14595 0.24439 26299600 89.8261
5.17012 0.246901 26254092 90.749
5.19441 0.249622 26178916 91.7491
5.21881 0.252758 26116096 92.902
5.24332 0.255896 26040928 94.0552
5.26795 0.25932 25967736 95.3139
5.29269 0.263106 25862260 96.7053
5.31755 0.267083 25796416 98.167
5.34253 0.271208 25689396 99.6832
5.36762 0.275861 25577176 101.394
5.39283 0.280714 25489588 103.177
5.41816 0.28572 25373328 105.017
5.44362 0.291263 25250224 107.054
5.46918 0.29713 25122124 109.211
5.49487 0.303253 24990660 111.461
5.52068 0.309844 24856192 113.884
5.54661 0.316906 24706228 116.479
5.57266 0.324174 24558204 119.151
5.59883 0.33228 24392068 122.13
5.62513 0.340456 24237480 125.135
5.65155 0.349654 24064336 128.516
5.67809 0.3592 23876980 132.025
5.70476 0.369183 23697324 135.694
5.73156 0.380256 23498488 139.764
5.75848 0.391739 23292324 143.985
5.78553 0.404393 23100964 148.636
5.81271 0.417512 22862988 153.457
5.84 0.431789 22634848 158.705
5.86743 0.446623 22410012 164.157
5.89499 0.462874 22160572 170.13
5.92268 0.480045 21915600 176.442
5.9505 0.498932 21645516 183.384
5.97844 0.518382 21372232 190.533
6.00652 0.538892 21101172 198.071
6.03474 0.561407 20815564 206.346
6.06308 0.585305 20504628 215.13
6.09156 0.6103 20204736 224.317
6.12017 0.637157 19883356 234.189
6.14891 0.665054 19552848 244.442
6.17779 0.695282 19217196 255.553
6.20681 0.727103 18861736 267.248
6.23596 0.759741 18502836 279.245
6.26525 0.796647 18135780 292.81
6.29467 0.834364 17749600 306.673
6.32424 0.874767 17354232 321.523
6.35394 0.918972 16953228 337.77
6.38378 0.966765 16529656 355.337
6.41376 1.01865 16099164 374.407
6.44388 1.0828 15659388 397.984
6.47415 1.15519 15207864 424.594
6.50455 1.24106 14736132 456.156
6.5351 1.35059 14255596 496.412
6.56579 1.49412 13762332 549.166
6.59662 1.69145 13252296 621.696
6.6276 1.99818 12731268 734.434
6.65872 2.47329 12198720 909.064
6.68999 3.31276 11649660 1217.61
6.72141 4.76081 11081952 1749.85
6.75296 8.05559 10500652 2960.85
6.78467 15.6946 9911376 5768.59
6.81652 2249.4 9301473 826771
6.84856 1.15846 8737218 425.795
6.88073 1.18448 8239530 435.359
6.91305 1.2231 7788972 449.553
6.94552 1.26804 7357452 466.07
6.97814 1.3231 6958434 486.308
7.01093 1.38663 6572454 509.661
7.04385 1.4593 6204966 536.369
7.07693 1.53775 5851524 565.205
7.11016 1.63 5518854 599.11
7.14356 1.72965 5192928 635.738
7.17711 1.84209 4883690 677.065
7.21082 1.9662 4585122 722.68
7.24468 2.10778 4294452 774.721
7.27871 2.26289 4020870 831.73
7.31289 2.43329 3750774 894.362
7.34723 2.63003 3496122 966.672
7.38174 2.84328 3250038 1045.05
7.41641 3.08118 3010904 1132.5
7.45123 3.34335 2783520 1228.86
7.48622 3.64421 2566482 1339.44
7.52138 3.97427 2355504 1460.75
7.55668 4.34438 2154350 1596.79
7.59215 4.75886 1964322 1749.13
7.62781 5.21576 1782180 1917.06
7.66364 5.74504 1608354 2111.6
7.69963 6.33681 1442012 2329.11
7.73577 7.00565 1285878 2574.94
7.77208 7.79097 1137636 2863.59
7.80856 8.71334 999476 3202.61
7.84519 9.87876 867846 3630.96
7.88195 11.3329 746768 4165.45
7.91894 13.412 636276 4929.6
7.95615 16.3263 532566 6000.78
7.99345 21.0194 435044 7725.73
8.03087 28.8067 351690 10588
8.06861 42.9781 275630 15796.7
8.1063 71.0343 204876 26108.8
8.14415 131.596 150770 48368.3
8.18252 292.164 100542 107386
8.22015 743.239 59294 273179
8.25771 2548.74 32538 936794
8.29571 15367.4 11726 5.64833e+06
8.32962 220046 1560 8.08786e+07
8.35799 1.95818e+10 1 7.19735e+12
