# in Mpc/h Units 
# D1 = 0.0301099 
# k P N P(z=0)
0.00628319 16.5623 6 18268.5
0.00888577 20.0076 12 22068.7
0.0108828 21.6856 8 23919.5
0.0125664 22.5907 6 24917.9
0.0140496 23.0494 24 25423.8
0.0153906 23.2616 24 25657.9
0.0177715 23.1434 12 25527.5
0.0188496 22.9722 30 25338.7
0.0198692 22.7326 24 25074.4
0.020839 22.4186 24 24728.1
0.0217656 22.0794 8 24353.9
0.0226543 21.7482 24 23988.6
0.0235095 21.3782 48 23580.5
0.0251327 20.6997 6 22832.1
0.0259062 20.2617 48 22349
0.0266573 19.8928 36 21942.1
0.0273878 19.5265 24 21538
0.0280993 19.1984 24 21176.1
0.0287932 18.8395 48 20780.3
0.0294708 18.4768 24 20380.2
0.0307812 17.7746 24 19605.7
0.0314159 17.4341 30 19230.1
0.0320381 17.1607 72 18928.6
0.0326484 16.8955 32 18636
0.033836 16.293 72 17971.5
0.0344144 16.0233 48 17673.9
0.0355431 15.533 12 17133.1
0.0360942 15.2953 48 16870.9
0.036637 15.0568 48 16607.9
0.0371718 14.8379 48 16366.5
0.0376991 14.5921 30 16095.3
0.0382191 14.4573 24 15946.7
0.0387322 14.2014 72 15664.3
0.0397384 13.8157 24 15239
0.040232 13.6511 96 15057.4
0.0407197 13.4678 48 14855.2
0.0412016 13.3384 24 14712.4
0.0416779 13.1816 24 14539.5
0.0421489 12.983 72 14320.5
0.0426146 12.8243 48 14145.4
0.0435312 12.6841 8 13990.7
0.0439823 12.5021 54 13790
0.0444288 12.3433 84 13614.9
0.0448709 12.222 48 13481.1
0.0453087 12.0997 24 13346.2
0.0457423 11.9817 72 13216
0.0461718 11.9075 96 13134.2
0.0470191 11.679 48 12882.1
0.047437 11.5692 48 12761
0.0478513 11.5458 24 12735.2
0.0482621 11.4086 72 12583.9
0.0490732 11.2697 72 12430.6
0.0494739 11.1681 96 12318.6
0.0502655 11.0826 6 12224.3
0.0506567 10.9904 96 12122.6
0.0510448 10.8964 96 12018.9
0.0514301 10.8093 24 11922.8
0.0518125 10.7963 48 11908.5
0.0521921 10.7234 96 11828.1
0.0525689 10.6703 48 11769.5
0.0533146 10.5215 36 11605.4
0.0536836 10.5065 48 11588.8
0.05405 10.4087 120 11481
0.054414 10.4203 56 11493.7
0.0547755 10.3191 24 11382.2
0.0551347 10.2701 96 11328.1
0.0554916 10.2372 48 11291.8
0.0561985 10.1751 24 11223.3
0.0565487 10.1007 102 11141.2
0.0568967 10.0419 48 11076.4
0.0572425 10.0098 72 11041
0.0575863 9.96498 48 10991.5
0.0579281 9.96786 48 10994.7
0.0582679 9.87062 120 10887.4
0.0589415 9.81474 24 10825.8
0.0592755 9.80761 144 10817.9
0.0596075 9.74398 120 10747.8
0.0599378 9.68528 48 10683
0.0605928 9.65293 48 10647.3
0.0609177 9.60548 96 10595
0.0615624 9.54316 24 10526.3
0.0618822 9.52265 48 10503.6
0.0622004 9.50819 108 10487.7
0.0625169 9.45057 72 10424.1
0.0628319 9.41944 30 10389.8
0.0631452 9.37394 168 10339.6
0.0634571 9.3472 48 10310.1
0.0640762 9.2738 72 10229.1
0.0643835 9.26494 96 10219.4
0.0646894 9.24234 72 10194.4
0.0649938 9.19368 72 10140.8
0.0652968 9.10987 32 10048.3
0.0655984 9.10937 72 10047.8
0.0658986 9.07806 144 10013.2
0.0667912 8.93387 96 9854.2
0.0670861 8.91103 96 9829
0.0673797 8.91443 48 9832.75
0.067672 8.89079 72 9806.68
0.067963 8.8583 120 9770.84
0.0682529 8.79303 72 9698.85
0.0688288 8.77339 48 9677.19
0.069115 8.72278 78 9621.36
0.0694001 8.63633 120 9526.01
0.0696839 8.68801 48 9583.01
0.0702481 8.58785 144 9472.53
0.0705286 8.53961 144 9419.33
0.0710861 8.42214 12 9289.75
0.0713633 8.45794 144 9329.24
0.0716393 8.41077 48 9277.21
0.0719926 8.36892 168 9231.05
0.0724612 8.30368 48 9159.09
0.0727331 8.2692 168 9121.06
0.0734532 8.20022 144 9044.97
0.0738107 8.11128 96 8946.86
0.0740777 8.10881 72 8944.15
0.0743437 8.03564 48 8863.43
0.0746967 7.99967 144 8823.76
0.0753982 7.91074 30 8725.67
0.0758332 7.83356 288 8640.54
0.0761796 7.77356 56 8574.36
0.0766638 7.73083 192 8527.22
0.076953 7.70494 120 8498.67
0.0776339 7.60122 216 8384.27
0.0779723 7.57893 96 8359.68
0.078225 7.50268 96 8275.57
0.0787281 7.41538 72 8179.28
0.0789784 7.43379 96 8199.58
0.0794767 7.3976 24 8159.67
0.0798137 7.29203 300 8043.22
0.0802183 7.24144 24 7987.42
0.0805865 7.20046 192 7942.22
0.0809532 7.1303 120 7864.83
0.0814394 7.04217 48 7767.63
0.0818379 7.00973 222 7731.85
0.0821633 6.93107 120 7645.07
0.0826125 6.88874 192 7598.38
0.0828809 6.87227 144 7580.22
0.0833559 6.72608 24 7418.97
0.0837495 6.74547 144 7440.36
0.0840633 6.69419 120 7383.8
0.0844439 6.63045 192 7313.49
0.0847648 6.57877 144 7256.49
0.0852293 6.50344 48 7173.4
0.0855594 6.45135 336 7115.94
0.0859213 6.41331 48 7073.98
0.0864252 6.34691 240 7000.74
0.0870624 6.3023 8 6951.54
0.0872888 6.2383 48 6880.94
0.087579 6.18056 336 6817.25
0.0881192 6.1117 174 6741.3
0.0884123 6.08976 120 6717.1
0.0889978 6.00647 228 6625.23
0.089427 5.92528 168 6535.68
0.0898883 5.88136 144 6487.23
0.0901807 5.83977 240 6441.36
0.0906174 5.84149 24 6443.26
0.090897 5.77076 336 6365.24
0.0913765 5.66277 144 6246.12
0.0917922 5.65872 168 6241.66
0.0923436 5.57177 96 6145.75
0.0926754 5.52818 216 6097.67
0.0932651 5.46773 288 6030.99
0.0936174 5.42926 144 5988.56
0.0941969 5.35798 198 5909.93
0.094573 5.31333 216 5860.69
0.0950225 5.27294 168 5816.13
0.0952892 5.24799 240 5788.61
0.0958792 5.15406 168 5685.01
0.0962314 5.1587 336 5690.13
0.0968099 5.07537 240 5598.21
0.097638 5.00819 276 5524.12
0.0981837 4.94875 344 5458.55
0.0985479 4.93535 144 5443.77
0.0990673 4.88138 240 5384.23
0.0994528 4.83349 312 5331.41
0.100098 4.76933 240 5260.65
0.100531 4.81894 6 5315.37
0.100874 4.71498 384 5200.69
0.101448 4.68295 312 5165.37
0.101924 4.64041 168 5118.45
0.102421 4.59658 336 5070.1
0.102983 4.5661 336 5036.48
0.103243 4.55591 192 5025.24
0.103879 4.5151 288 4980.23
0.104279 4.49149 216 4954.18
0.104705 4.48756 240 4949.85
0.105349 4.42212 384 4877.67
0.1057 4.38127 72 4832.61
0.106152 4.37195 336 4822.33
0.106914 4.30631 378 4749.92
0.107244 4.29782 144 4740.56
0.107631 4.2854 384 4726.87
0.10826 4.24639 384 4683.83
0.108777 4.22606 344 4661.41
0.10919 4.20374 144 4636.79
0.109816 4.17792 456 4608.31
0.110311 4.18485 312 4615.95
0.110746 4.15368 144 4581.57
0.111354 4.1196 552 4543.98
0.111965 4.11074 264 4534.21
0.112557 4.07547 264 4495.3
0.112926 4.05778 294 4475.79
0.113378 4.05903 432 4477.18
0.113986 4.0173 432 4431.15
0.114516 4.0261 264 4440.85
0.114915 3.99277 192 4404.09
0.115567 3.98224 468 4392.47
0.116093 3.95418 552 4361.52
0.116705 3.95352 336 4360.8
0.117239 3.92944 288 4334.23
0.117777 3.90027 456 4302.06
0.118366 3.88895 432 4289.58
0.118788 3.85799 168 4255.43
0.119469 3.86269 566 4260.6
0.120077 3.85187 432 4248.68
0.120751 3.825 432 4219.03
0.121153 3.80619 360 4198.29
0.121711 3.79791 624 4189.16
0.122203 3.76756 264 4155.67
0.122718 3.78412 360 4173.94
0.123453 3.74779 456 4133.87
0.123969 3.73578 504 4120.63
0.12467 3.716 564 4098.81
0.12526 3.6928 384 4073.22
0.125876 3.68366 462 4063.14
0.126429 3.67106 624 4049.24
0.127121 3.65241 432 4028.67
0.127677 3.62872 624 4002.54
0.128318 3.60126 312 3972.24
0.128807 3.59394 552 3964.17
0.129504 3.56948 408 3937.2
0.129878 3.55994 600 3926.67
0.130701 3.54102 608 3905.79
0.131297 3.50928 504 3870.79
0.131933 3.48256 510 3841.32
0.13258 3.46521 600 3822.18
0.133214 3.43962 492 3793.96
0.133672 3.41305 552 3764.64
0.134446 3.40057 696 3750.88
0.13492 3.36132 504 3707.59
0.135589 3.35353 528 3699
0.136149 3.33409 624 3677.55
0.136788 3.29899 504 3638.84
0.137489 3.26862 552 3605.34
0.138157 3.24144 654 3575.36
0.138792 3.22062 840 3552.4
0.139482 3.17714 744 3504.43
0.140148 3.1666 456 3492.81
0.140735 3.12776 648 3449.96
0.141506 3.09358 896 3412.27
0.142105 3.08648 396 3404.44
0.142726 3.03675 816 3349.58
0.14348 3.0045 672 3314.01
0.144008 2.97637 552 3282.99
0.14474 2.94703 894 3250.62
0.145447 2.91569 672 3216.05
0.146112 2.88622 624 3183.55
0.146784 2.8612 888 3155.95
0.147376 2.83041 720 3121.98
0.148179 2.8005 936 3089
0.148977 2.75265 648 3036.22
0.149637 2.72782 936 3008.83
0.150285 2.69753 696 2975.42
0.151106 2.65555 618 2929.12
0.151697 2.63886 1008 2910.71
0.15237 2.60494 872 2873.29
0.153147 2.57638 960 2841.79
0.153934 2.55549 888 2818.75
0.154569 2.51981 648 2779.39
0.155288 2.50162 840 2759.33
0.155941 2.47109 912 2725.66
0.156682 2.44822 774 2700.43
0.157451 2.42147 1272 2670.92
0.158249 2.39669 912 2643.58
0.159019 2.36079 864 2603.99
0.159745 2.34114 924 2582.32
0.160428 2.32212 1080 2561.33
0.161255 2.29038 1008 2526.33
0.161989 2.27358 1128 2507.8
0.162879 2.25602 768 2488.42
0.1635 2.23886 1046 2469.5
0.164304 2.22151 1152 2450.36
0.16512 2.19418 1272 2420.22
0.165918 2.17221 912 2395.98
0.166638 2.15973 1200 2382.22
0.167465 2.13255 1080 2352.23
0.1681 2.13139 840 2350.95
0.169017 2.10943 1332 2326.73
0.169783 2.09815 1062 2314.29
0.170536 2.08353 1320 2298.17
0.17142 2.06212 1248 2274.55
0.172167 2.0634 1104 2275.96
0.173001 2.04575 1392 2256.5
0.173739 2.03188 776 2241.2
0.174601 2.01731 1728 2225.13
0.175449 2.00792 1224 2214.76
0.17633 2.00034 1254 2206.41
0.177179 1.98601 1368 2190.6
0.177982 1.96795 1236 2170.68
0.178748 1.96836 1608 2171.13
0.179662 1.95077 1008 2151.73
0.180329 1.9438 1488 2144.04
0.181298 1.92722 1440 2125.75
0.182161 1.92219 1158 2120.2
0.182962 1.91943 1824 2117.16
0.183819 1.90744 1464 2103.93
0.184763 1.89338 1448 2088.42
0.18557 1.8925 1560 2087.46
0.186484 1.87275 1428 2065.67
0.187347 1.86821 1680 2060.66
0.188277 1.86304 1494 2054.96
0.189164 1.84336 1944 2033.26
0.190083 1.83332 1368 2022.18
0.190912 1.81196 1584 1998.62
0.191791 1.81381 1776 2000.66
0.192627 1.79298 1440 1977.69
0.19355 1.78555 1968 1969.48
0.194476 1.77595 1374 1958.9
0.195383 1.76566 2100 1947.55
0.196314 1.74332 1640 1922.91
0.19731 1.73248 2496 1910.95
0.198246 1.7216 1248 1898.95
0.198969 1.70545 1512 1881.14
0.200004 1.69177 2280 1866.05
0.200981 1.6735 1926 1845.89
0.201907 1.65479 2064 1825.26
0.202923 1.64268 1920 1811.9
0.203766 1.62828 1944 1796.02
0.204817 1.60711 2172 1772.67
0.205802 1.59075 2256 1754.63
0.206744 1.57766 1736 1740.18
0.207695 1.5604 2094 1721.15
0.208661 1.54256 2328 1701.47
0.209635 1.52939 2256 1686.94
0.210605 1.50576 1920 1660.88
0.211552 1.49212 2520 1645.83
0.212598 1.47892 2088 1631.27
0.213716 1.45659 2634 1606.64
0.214685 1.4443 2328 1593.08
0.215636 1.42073 2304 1567.09
0.2167 1.4055 2568 1550.29
0.217712 1.39002 2024 1533.21
0.21856 1.37572 2352 1517.44
0.21964 1.36243 2718 1502.79
0.220689 1.34955 2520 1488.58
0.221792 1.32797 2772 1464.77
0.222806 1.3206 2640 1456.64
0.223891 1.29974 2880 1433.63
0.224992 1.29409 2448 1427.4
0.225967 1.2772 2478 1408.77
0.226978 1.26652 2904 1396.99
0.228073 1.25449 2816 1383.72
0.229091 1.24341 3024 1371.5
0.230305 1.23277 2952 1359.76
0.231358 1.21764 2796 1343.07
0.232405 1.21151 2982 1336.31
0.23355 1.20409 3312 1328.13
0.234601 1.19216 2688 1314.97
0.235688 1.18159 3144 1303.31
0.236855 1.17084 3672 1291.46
0.237877 1.16479 2328 1284.78
0.239086 1.15732 4046 1276.54
0.240233 1.14836 2844 1266.66
0.241291 1.14224 3600 1259.91
0.242431 1.13612 3264 1253.16
0.243572 1.125 3288 1240.89
0.244685 1.11854 3198 1233.76
0.245798 1.11216 3864 1226.73
0.246976 1.10841 3456 1222.6
0.248127 1.09923 3744 1212.47
0.24936 1.0856 3876 1197.43
0.250523 1.08333 3392 1194.93
0.251669 1.07852 3918 1189.62
0.252872 1.06929 3864 1179.44
0.254083 1.06107 4104 1170.38
0.255199 1.05467 3480 1163.32
0.256387 1.04489 4080 1152.52
0.257664 1.0354 4170 1142.06
0.258855 1.03051 4176 1136.67
0.26008 1.02056 4560 1125.7
0.261336 1.01175 3656 1115.98
0.262469 1.00136 4344 1104.52
0.263809 0.992833 4830 1095.11
0.265071 0.985282 4416 1086.78
0.266256 0.977748 3876 1078.47
0.267421 0.962592 4752 1061.75
0.268761 0.953556 4968 1051.79
0.2701 0.944094 4494 1041.35
0.27124 0.935916 4200 1032.33
0.272568 0.928059 5792 1023.66
0.273851 0.915259 4224 1009.54
0.275155 0.905044 5220 998.278
0.276427 0.899344 4590 991.99
0.277657 0.885497 5328 976.716
0.27902 0.8773 5304 967.675
0.280352 0.865847 5040 955.043
0.281565 0.856818 4920 945.083
0.282918 0.846299 5750 933.481
0.284302 0.839009 5388 925.44
0.285589 0.831113 5784 916.731
0.286971 0.823125 5400 907.92
0.288304 0.811711 5640 895.33
0.289695 0.803279 5934 886.03
0.291035 0.797101 6120 879.214
0.292425 0.785146 5544 866.028
0.293779 0.781857 6164 862.4
0.295153 0.775804 5838 855.723
0.296461 0.767971 6144 847.084
0.297907 0.760488 6288 838.83
0.299258 0.754513 6576 832.239
0.300748 0.742502 6504 818.991
0.302188 0.739681 6594 815.879
0.30361 0.733416 7008 808.969
0.305003 0.728408 6200 803.446
0.306412 0.722444 6768 796.866
0.307876 0.717486 7182 791.398
0.309298 0.712303 6864 785.681
0.310761 0.704677 7308 777.27
0.312204 0.702039 6744 774.359
0.313652 0.694995 7686 766.59
0.315175 0.692292 7280 763.609
0.31662 0.686266 7920 756.962
0.318151 0.680082 7560 750.141
0.319599 0.670961 6948 740.08
0.321058 0.66611 8430 734.729
0.322645 0.659881 8328 727.859
0.324166 0.656024 7824 723.605
0.32568 0.649984 8160 716.942
0.327167 0.643193 8030 709.452
0.328774 0.638975 9372 704.799
0.330313 0.631385 7968 696.428
0.331826 0.625721 8568 690.18
0.333427 0.620347 8934 684.253
0.334947 0.612767 8952 675.892
0.336524 0.606781 8880 669.289
0.338146 0.598363 9548 660.004
0.339739 0.594351 9126 655.578
0.341313 0.588069 9384 648.65
0.342874 0.58092 9288 640.764
0.344468 0.577113 9792 636.565
0.346116 0.570513 9570 629.285
0.34771 0.563144 10376 621.156
0.349362 0.55649 10152 613.818
0.351033 0.553479 9960 610.496
0.352646 0.546275 10782 602.55
0.354377 0.540744 10992 596.449
0.356063 0.535877 10452 591.08
0.357696 0.52918 10806 583.694
0.359426 0.525442 11312 579.571
0.361079 0.519436 11112 572.946
0.362754 0.513974 10848 566.921
0.364449 0.509352 11394 561.824
0.366133 0.505017 11952 557.042
0.367846 0.501419 11352 553.073
0.369601 0.49576 12584 546.831
0.371397 0.491178 12390 541.777
0.373143 0.487689 12252 537.928
0.374848 0.483672 12240 533.498
0.37663 0.478205 12486 527.467
0.378363 0.475487 13080 524.47
0.380139 0.471207 12968 519.749
0.381916 0.464534 12612 512.389
0.38369 0.462986 13974 510.681
0.385541 0.458087 13944 505.278
0.387327 0.453289 12840 499.985
0.3891 0.450981 14358 497.439
0.390994 0.445412 14588 491.296
0.392843 0.44036 14688 485.724
0.394661 0.435893 13560 480.796
0.396505 0.432366 15582 476.907
0.398367 0.427418 14544 471.449
0.400233 0.423501 15420 467.128
0.402152 0.418614 15614 461.738
0.40399 0.415874 14880 458.716
0.405874 0.411103 16728 453.453
0.407843 0.406584 15690 448.469
0.409716 0.402054 16248 443.472
0.411602 0.399953 16584 441.155
0.413596 0.393948 16904 434.531
0.415548 0.389711 17430 429.857
0.417499 0.38602 16908 425.786
0.419429 0.382432 17640 421.829
0.421439 0.378706 17550 417.719
0.4234 0.374417 18696 412.987
0.425408 0.370249 17792 408.39
0.42739 0.366443 18138 404.192
0.42937 0.363257 19392 400.678
0.431414 0.358545 18768 395.48
0.433421 0.357554 19038 394.388
0.435438 0.353496 19460 389.911
0.437444 0.350743 19992 386.875
0.4396 0.346102 21174 381.755
0.441671 0.3422 20040 377.452
0.443727 0.339648 20628 374.637
0.445802 0.335854 20798 370.452
0.447878 0.334309 21480 368.748
0.449991 0.330112 21792 364.119
0.452114 0.327328 21414 361.048
0.454235 0.324243 23100 357.645
0.456374 0.320278 21992 353.272
0.458534 0.317321 23406 350.01
0.460666 0.315111 22536 347.572
0.46284 0.310548 24348 342.539
0.465042 0.308542 23598 340.326
0.467214 0.304705 24224 336.094
0.469406 0.302012 24648 333.124
0.471626 0.298786 24618 329.566
0.473743 0.296491 24192 327.034
0.475977 0.292789 26208 322.951
0.478226 0.289644 25790 319.482
0.480485 0.287166 26916 316.749
0.482752 0.283663 26214 312.884
0.485019 0.2813 27528 310.278
0.487306 0.277559 27720 306.152
0.48961 0.274664 27122 302.958
0.491868 0.271559 28632 299.534
0.494198 0.26959 28680 297.362
0.496522 0.267213 28722 294.74
0.498833 0.263893 30000 291.078
0.501204 0.261994 29408 288.984
0.50355 0.258594 30678 285.234
0.505916 0.255862 30660 282.219
0.508313 0.253439 31494 279.547
0.510704 0.250941 31448 276.792
0.513084 0.248257 32160 273.831
0.515543 0.246021 33090 271.366
0.51795 0.243592 32664 268.686
0.520364 0.241434 32718 266.305
0.522793 0.239196 34472 263.837
0.52526 0.236318 34260 260.663
0.527713 0.234391 34302 258.537
0.530156 0.23181 35472 255.69
0.532669 0.22955 36020 253.198
0.535188 0.226401 36942 249.724
0.5377 0.224348 36360 247.459
0.540241 0.221857 38166 244.711
0.542756 0.22014 36804 242.818
0.545284 0.217238 38864 239.617
0.54787 0.215236 39366 237.409
0.550466 0.21331 40068 235.284
0.553028 0.211041 38910 232.782
0.555606 0.208737 41360 230.24
0.558224 0.206664 40782 227.953
0.56083 0.204704 42204 225.792
0.56345 0.2021 41544 222.92
0.566114 0.200408 44510 221.053
0.568794 0.198149 42948 218.561
0.57145 0.196088 44478 216.288
0.574166 0.19427 46032 214.283
0.576877 0.192245 44402 212.049
0.57954 0.190364 46320 209.975
0.582264 0.188733 46848 208.176
0.585017 0.186743 47814 205.98
0.587762 0.184351 48260 203.342
0.590569 0.182495 49758 201.294
0.593327 0.180774 49032 199.397
0.596104 0.178446 49770 196.829
0.598885 0.177014 51056 195.25
0.601688 0.174799 51504 192.806
0.60453 0.173164 52866 191.002
0.607362 0.171398 52848 189.055
0.610229 0.169341 54542 186.785
0.613094 0.167875 54276 185.169
0.615957 0.166215 55062 183.338
0.618839 0.164408 56568 181.344
0.62177 0.162399 57266 179.129
0.624688 0.160781 58056 177.343
0.627616 0.159133 57750 175.526
0.630554 0.15753 60380 173.758
0.633541 0.155978 60390 172.046
0.63652 0.154224 61608 170.112
0.639512 0.152476 61362 168.183
0.64251 0.151123 63752 166.691
0.64554 0.149693 63528 165.114
0.648554 0.148013 64050 163.26
0.651549 0.146373 64784 161.452
0.654649 0.14467 68814 159.573
0.657741 0.143124 66156 157.868
0.66081 0.14205 68718 156.683
0.663899 0.140406 69104 154.87
0.667047 0.138717 71682 153.007
0.670183 0.137444 70512 151.603
0.673306 0.135697 72278 149.676
0.676483 0.134524 74532 148.382
0.679687 0.132666 74454 146.332
0.682871 0.131432 75540 144.972
0.686079 0.130275 76526 143.696
0.689314 0.12856 78648 141.803
0.692548 0.127524 77370 140.661
0.695723 0.126076 78272 139.064
0.698997 0.124689 82710 137.534
0.702314 0.123213 82146 135.906
0.705609 0.121877 83712 134.432
0.708938 0.120751 84710 133.19
0.712273 0.119122 86172 131.394
0.715624 0.117945 86406 130.095
0.718964 0.117009 88244 129.063
0.722353 0.115526 89670 127.427
0.725741 0.114252 90792 126.022
0.729184 0.113214 93194 124.877
0.732605 0.11168 92352 123.184
0.736035 0.110781 94914 122.193
0.739481 0.109459 95504 120.735
0.742951 0.108523 97230 119.703
0.746441 0.107249 98802 118.297
0.749957 0.105947 100952 116.862
0.753469 0.104857 99990 115.659
0.756983 0.103756 103356 114.444
0.760565 0.102693 105014 113.272
0.764149 0.101502 106548 111.958
0.767736 0.10035 106302 110.688
0.771306 0.0994118 108002 109.653
0.774926 0.0981868 111696 108.302
0.778598 0.0971746 112158 107.185
0.782245 0.0961658 113300 106.072
0.785923 0.0951373 115302 104.938
0.789616 0.0939334 117396 103.61
0.793312 0.0931584 117158 102.755
0.797042 0.091948 121470 101.42
0.800776 0.0909329 120660 100.3
0.804553 0.090234 125030 99.5295
0.808343 0.0890583 125388 98.2327
0.812158 0.0881913 128094 97.2764
0.815959 0.0869598 127058 95.918
0.819781 0.0861378 132336 95.0114
0.823648 0.0850626 132006 93.8253
0.827505 0.0842735 134162 92.955
0.8314 0.0832824 137760 91.8618
0.835324 0.0824354 137802 90.9275
0.839214 0.0813484 139016 89.7285
0.843171 0.0806643 144354 88.974
0.847141 0.079905 142814 88.1365
0.851084 0.0788155 145932 86.9348
0.855081 0.0780774 148206 86.1206
0.859091 0.0770308 150566 84.9662
0.863128 0.0761554 152820 84.0006
0.867194 0.0754917 155142 83.2685
0.87127 0.0746157 157220 82.3023
0.875368 0.073639 159198 81.225
0.879473 0.0728657 160994 80.372
0.883606 0.0720836 164544 79.5094
0.887753 0.0712912 165282 78.6353
0.891919 0.0706277 168350 77.9034
0.896109 0.0698201 171660 77.0126
0.900336 0.0689149 173622 76.0142
0.904563 0.0682536 175034 75.2848
0.908805 0.0674382 178512 74.3854
0.913051 0.0667873 178646 73.6674
0.917348 0.0660256 185466 72.8273
0.921672 0.0652774 185382 72.002
0.925992 0.064599 188252 71.2537
0.930354 0.0638676 192126 70.4469
0.93473 0.0630496 193562 69.5447
0.939107 0.0624557 196176 68.8896
0.943526 0.0617366 200130 68.0964
0.947959 0.0610418 201326 67.33
0.952394 0.0602711 204972 66.4799
0.956874 0.0595249 208406 65.6569
0.961345 0.0589338 208362 65.0049
0.965874 0.0582898 217662 64.2946
0.970451 0.0576873 217124 63.63
0.974982 0.0569597 217446 62.8275
0.979556 0.0562856 224690 62.0839
0.984147 0.0557393 224058 61.4813
0.988771 0.0550754 231848 60.749
0.993453 0.0544694 233994 60.0806
0.998112 0.0538681 234198 59.4174
1.00278 0.053208 239708 58.6893
1.00751 0.0526729 243630 58.099
1.01226 0.0519998 247010 57.3566
1.01699 0.0514632 246414 56.7647
1.02174 0.0508963 253772 56.1394
1.02654 0.0503292 256902 55.5139
1.03137 0.0498064 261066 54.9372
1.03624 0.0491676 265958 54.2326
1.0411 0.0486696 265098 53.6834
1.04596 0.0479798 271424 52.9225
1.05088 0.0475235 276858 52.4192
1.05585 0.0469576 281186 51.795
1.06082 0.0463798 282918 51.1576
1.06577 0.0458546 285146 50.5783
1.07077 0.0454007 293280 50.0777
1.07581 0.044813 294602 49.4294
1.08087 0.0442812 301278 48.8428
1.08595 0.0438602 302954 48.3785
1.09104 0.043272 307674 47.7297
1.09614 0.0427967 310560 47.2054
1.1013 0.0423762 320834 46.7416
1.1065 0.0419042 321582 46.2209
1.1117 0.041365 325226 45.6262
1.11691 0.0409015 331422 45.115
1.12216 0.0403795 335066 44.5392
1.12744 0.0400173 341340 44.1397
1.13272 0.0395366 342038 43.6095
1.13803 0.0390161 351354 43.0354
1.14339 0.0386279 355478 42.6071
1.14877 0.0382612 360066 42.2027
1.15416 0.0376702 364634 41.5509
1.15957 0.0373197 369072 41.1642
1.16503 0.0368643 377642 40.6619
1.17053 0.0364343 382074 40.1876
1.17602 0.0360521 384014 39.7661
1.18154 0.0356038 393066 39.2715
1.18707 0.0351806 393950 38.8048
1.19264 0.0347897 404154 38.3736
1.19826 0.0343627 409178 37.9026
1.20388 0.0339631 413334 37.4618
1.20954 0.0336227 421196 37.0864
1.21521 0.0332153 422658 36.637
1.22091 0.0328357 434990 36.2183
1.22666 0.0324201 437442 35.7599
1.23241 0.0320944 443066 35.4006
1.2382 0.0316649 452150 34.9269
1.24401 0.0313309 455538 34.5584
1.24985 0.0309948 463382 34.1877
1.25571 0.0305921 468666 33.7435
1.26162 0.0302519 479642 33.3683
1.26756 0.0298778 482814 32.9556
1.2735 0.0295565 489386 32.6013
1.27948 0.0291949 498642 32.2024
1.2855 0.0288609 503450 31.834
1.29154 0.0285282 512838 31.467
1.29761 0.0282104 517586 31.1165
1.30369 0.0278651 524372 30.7356
1.3098 0.0275179 534270 30.3527
1.31596 0.0272389 540386 30.045
1.32215 0.0269033 550938 29.6748
1.32836 0.0266109 554270 29.3523
1.33459 0.02628 564978 28.9873
1.34087 0.0259952 574370 28.6731
1.34718 0.0256774 579614 28.3226
1.3535 0.0253615 587778 27.9741
1.35985 0.0250765 596978 27.6598
1.36624 0.0247801 606570 27.3328
1.37267 0.0244909 613982 27.0139
1.37911 0.024221 621200 26.7162
1.38558 0.0239424 631386 26.4089
1.39208 0.023667 640418 26.1051
1.39864 0.0234098 651870 25.8213
1.40521 0.0230983 657770 25.4777
1.4118 0.0228438 667082 25.197
1.41842 0.022563 675810 24.8873
1.42509 0.0222863 689318 24.5821
1.4318 0.0220451 698754 24.3161
1.43854 0.021793 706922 24.0381
1.44529 0.0215198 715562 23.7367
1.45208 0.0213118 727662 23.5072
1.45889 0.0210221 734426 23.1877
1.46572 0.020787 745746 22.9284
1.4726 0.0205719 759698 22.6911
1.47952 0.0203178 768140 22.4109
1.48647 0.0200552 778770 22.1212
1.49347 0.0198405 795842 21.8844
1.50049 0.0196497 799442 21.6739
1.50754 0.0193787 816042 21.375
1.51462 0.0191835 822038 21.1597
1.52173 0.0189745 837722 20.9292
1.52887 0.0187442 846330 20.6751
1.53605 0.0185118 860768 20.4188
1.54327 0.0183266 873722 20.2146
1.55052 0.0181042 885438 19.9692
1.55781 0.0179239 898730 19.7703
1.56513 0.0177309 908402 19.5575
1.57247 0.017527 923226 19.3326
1.57985 0.0172852 933944 19.0658
1.58727 0.0171302 949730 18.8949
1.59472 0.0169213 961278 18.6644
1.60222 0.0167207 981218 18.4432
1.60976 0.016537 989186 18.2406
1.6173 0.0163683 1001016 18.0545
1.62489 0.0161882 1019138 17.8558
1.63253 0.0160027 1032842 17.6513
1.64019 0.0158075 1045394 17.436
1.6479 0.0156415 1066230 17.2528
1.65565 0.0154601 1075496 17.0527
1.66341 0.0152912 1090154 16.8664
1.67122 0.0151393 1110378 16.6988
1.67908 0.0149587 1124666 16.4996
1.68697 0.0147949 1139624 16.319
1.6949 0.0146435 1157114 16.152
1.70286 0.0144942 1171434 15.9873
1.71085 0.0143547 1188494 15.8335
1.71889 0.0141837 1205504 15.6449
1.72697 0.0140268 1226594 15.4718
1.73508 0.0138892 1235562 15.32
1.74322 0.0137464 1259120 15.1625
1.75141 0.0135928 1274498 14.993
1.75964 0.013433 1295594 14.8168
1.76791 0.0133173 1308312 14.6892
1.77621 0.0131812 1333922 14.539
1.78456 0.0130311 1348418 14.3735
1.79294 0.0128933 1366112 14.2216
1.80136 0.0127627 1389738 14.0775
1.80982 0.0126545 1407458 13.9581
1.81832 0.0125321 1426520 13.8231
1.82687 0.0124023 1448810 13.6799
1.83545 0.0122694 1465802 13.5333
1.84406 0.0121643 1488456 13.4174
1.85272 0.0120483 1510766 13.2895
1.86142 0.011917 1528298 13.1446
1.87016 0.0118136 1552784 13.0306
1.87895 0.0117018 1579538 12.9072
1.88779 0.0115869 1595784 12.7806
1.89665 0.0115 1619930 12.6847
1.90555 0.011378 1637186 12.5502
1.91449 0.0112736 1669616 12.435
1.9235 0.0111818 1691834 12.3337
1.93253 0.0110739 1706952 12.2147
1.94159 0.0109802 1739630 12.1113
1.95073 0.0108918 1765064 12.0138
1.95988 0.0108221 1783538 11.937
1.9691 0.010708 1817480 11.8111
1.97835 0.0106222 1837034 11.7165
1.98765 0.0105467 1866512 11.6332
1.99698 0.0104455 1888242 11.5215
2.00636 0.0103899 1917056 11.4603
2.01577 0.0103141 1941554 11.3766
2.02525 0.010227 1978040 11.2805
2.03477 0.0101544 1997426 11.2004
2.04433 0.0100781 2029256 11.1163
2.05393 0.0100114 2056370 11.0427
2.06357 0.00993647 2084000 10.9601
2.07326 0.00988261 2117778 10.9007
2.083 0.00979924 2143952 10.8087
2.09278 0.00974511 2175614 10.749
2.10261 0.00969758 2206400 10.6966
2.11248 0.00961296 2233970 10.6032
2.12241 0.00957945 2276456 10.5663
2.13239 0.00952173 2301848 10.5026
2.1424 0.00947329 2332922 10.4492
2.15246 0.00942663 2366960 10.3977
2.16256 0.00936192 2397698 10.3263
2.17272 0.00933677 2436644 10.2986
2.18293 0.00928823 2472608 10.2451
2.19319 0.00925891 2503050 10.2127
2.20348 0.00922224 2535392 10.1723
2.21383 0.00917612 2581088 10.1214
2.22424 0.00914708 2612762 10.0894
2.23469 0.0091063 2647964 10.0444
2.24518 0.00908873 2687216 10.025
2.25573 0.00904851 2724434 9.98065
2.26633 0.00903297 2765840 9.96351
2.27697 0.00901073 2798504 9.93897
2.28766 0.00900683 2841326 9.93467
2.29841 0.00899182 2886128 9.91812
2.30921 0.00898552 2920808 9.91117
2.32005 0.00897358 2967536 9.898
2.33094 0.00895906 3000674 9.88199
2.34188 0.00895778 3050324 9.88057
2.35289 0.008942 3094664 9.86317
2.36395 0.00894174 3136016 9.86288
2.37505 0.00893968 3179546 9.86061
2.38621 0.00893767 3227060 9.85839
2.39742 0.00895766 3271832 9.88044
2.40868 0.00897339 3315440 9.89779
2.41998 0.00898105 3363800 9.90623
2.43135 0.00899631 3414158 9.92307
2.44278 0.00902225 3459752 9.95169
2.45425 0.00903523 3508864 9.966
2.46578 0.00907822 3560804 10.0134
2.47736 0.00909301 3608912 10.0297
2.489 0.00911184 3660608 10.0505
2.50068 0.00915284 3707846 10.0957
2.51243 0.00919427 3769664 10.1414
2.52424 0.00923753 3822920 10.1891
2.53609 0.00928425 3863564 10.2407
2.548 0.00933925 3930704 10.3013
2.55998 0.00938002 3986168 10.3463
2.572 0.00944275 4034228 10.4155
2.58406 0.00948932 4090816 10.4669
2.5962 0.00956842 4160360 10.5541
2.60841 0.00963457 4213436 10.6271
2.62066 0.0096989 4270976 10.698
2.63296 0.00976891 4332308 10.7753
2.64533 0.00986592 4395896 10.8823
2.65775 0.00994412 4454378 10.9685
2.67023 0.0100358 4517036 11.0696
2.68278 0.0101247 4588552 11.1677
2.69539 0.0102154 4651316 11.2677
2.70805 0.0103223 4711190 11.3857
2.72076 0.0104369 4782704 11.5121
2.73355 0.0105456 4849964 11.6319
2.74639 0.0106687 4917080 11.7677
2.75928 0.0107801 4985260 11.8906
2.77224 0.01093 5060456 12.056
2.78527 0.0110519 5127788 12.1904
2.79835 0.0111854 5201672 12.3377
2.81149 0.0113341 5278196 12.5017
2.8247 0.0114712 5350384 12.6529
2.83797 0.011628 5423492 12.8259
2.8513 0.0118115 5504720 13.0282
2.86469 0.0119728 5581268 13.2062
2.87815 0.0121685 5659270 13.422
2.89166 0.0123549 5736332 13.6276
2.90524 0.0125425 5823104 13.8346
2.91889 0.0127529 5909900 14.0667
2.93261 0.0129785 5986168 14.3155
2.94637 0.0131802 6064034 14.538
2.96021 0.0134209 6162248 14.8034
2.97412 0.013663 6249932 15.0705
2.9881 0.0138914 6331588 15.3225
3.00213 0.0141327 6424736 15.5886
3.01623 0.0144338 6515066 15.9207
3.0304 0.0147131 6607552 16.2287
3.04463 0.0150024 6691412 16.5479
3.05892 0.0152792 6796676 16.8532
3.0733 0.0156018 6894838 17.209
3.08773 0.0159576 6983324 17.6015
3.10224 0.0162543 7094120 17.9287
3.11681 0.0166312 7182634 18.3444
3.13145 0.0169937 7295588 18.7443
3.14616 0.0173739 7389992 19.1636
3.16094 0.0177931 7499434 19.626
3.17579 0.0181956 7606244 20.07
3.1907 0.0185912 7703654 20.5064
3.20568 0.019091 7823908 21.0577
3.22074 0.0195373 7933148 21.5499
3.23587 0.0200133 8035210 22.0749
3.25107 0.0205458 8168648 22.6623
3.26635 0.0210465 8270402 23.2146
3.28169 0.0216174 8396284 23.8444
3.2971 0.0221721 8496608 24.4562
3.31258 0.022802 8636482 25.151
3.32814 0.0234203 8744780 25.833
3.34377 0.0241137 8878274 26.5978
3.35948 0.0247148 8998288 27.2608
3.37526 0.0255172 9127058 28.1459
3.39111 0.0261863 9258676 28.8839
3.40704 0.0270192 9394994 29.8026
3.42305 0.0277748 9518530 30.636
3.43912 0.0287497 9652352 31.7114
3.45528 0.0295333 9800506 32.5757
3.47151 0.0305458 9929156 33.6925
3.48782 0.0315446 10079002 34.7942
3.5042 0.0324578 10202930 35.8014
3.52065 0.0337121 10362148 37.185
3.53719 0.0347769 10508450 38.3594
3.5538 0.035934 10647784 39.6358
3.5705 0.037305 10817954 41.148
3.58727 0.0385061 10950034 42.4728
3.60411 0.0398879 11116484 43.9969
3.62105 0.041517 11277610 45.7939
3.63806 0.0429663 11430154 47.3925
3.65514 0.0444678 11580074 49.0486
3.6723 0.0464058 11759140 51.1863
3.68955 0.0481959 11924378 53.1608
3.70689 0.0501087 12099850 55.2706
3.7243 0.0520936 12260050 57.4601
3.7418 0.054368 12439484 59.9688
3.75937 0.0567583 12606226 62.6053
3.77703 0.0591599 12800474 65.2543
3.79477 0.0616439 12964258 67.9941
3.81259 0.0643193 13155874 70.9452
3.8305 0.0673693 13345394 74.3094
3.84849 0.0704973 13525540 77.7597
3.86657 0.0740058 13730122 81.6295
3.88473 0.0775023 13917890 85.4863
3.90298 0.0815069 14114938 89.9033
3.92131 0.0853648 14316682 94.1587
3.93974 0.0897027 14520626 98.9435
3.95824 0.0945155 14708962 104.252
3.97682 0.0992628 14936002 109.488
3.9955 0.104815 15141986 115.612
4.01428 0.110568 15366994 121.958
4.03313 0.117056 15563242 129.115
4.05207 0.123871 15794614 136.632
4.07111 0.131383 16021226 144.918
4.09023 0.13934 16238338 153.694
4.10944 0.147928 16476706 163.166
4.12874 0.157106 16717282 173.29
4.14814 0.167621 16935730 184.888
4.16762 0.178714 17183270 197.124
4.18719 0.190506 17431546 210.132
4.20686 0.205569 17672128 226.745
4.22662 0.220458 17929450 243.168
4.24648 0.237522 18181246 261.99
4.26643 0.254223 18436154 280.411
4.28646 0.274693 18688066 302.99
4.30659 0.295729 18966160 326.194
4.32682 0.326911 19228342 360.588
4.34714 0.35387 19497994 390.324
4.36756 0.381191 19789402 420.46
4.38808 0.416244 20048224 459.124
4.40868 0.473185 20340694 521.93
4.42939 0.513299 20631698 566.177
4.4502 0.55766 20920738 615.108
4.4711 0.646037 21224764 712.589
4.49211 0.710044 21524794 783.189
4.51321 0.773043 21819694 852.679
4.53441 0.944696 22136776 1042.01
4.55571 1.02067 22446490 1125.82
4.5771 1.20822 22753708 1332.68
4.5986 1.39855 23092930 1542.63
4.6202 1.58265 23405020 1745.69
4.6419 2.07022 23744914 2283.49
4.66371 2.15812 24090094 2380.44
4.68561 3.2093 24416584 3539.9
4.70762 3.25297 24763822 3588.08
4.72973 5.29733 25116112 5843.04
4.75194 6.88421 25474348 7593.39
4.77427 8.22475 25839802 9072.02
4.79669 14.3312 26191732 15807.5
4.81921 141.683 26563339 156279
4.84183 0.264756 26678128 292.03
4.86457 0.218916 26655828 241.468
4.88742 0.209067 26675140 230.605
4.91038 0.20439 26644864 225.445
4.93344 0.201426 26631640 222.176
4.95661 0.199564 26619904 220.122
4.9799 0.198391 26596180 218.828
5.00329 0.197849 26557060 218.23
5.02679 0.197617 26532520 217.975
5.0504 0.19794 26493240 218.331
5.07412 0.198674 26453764 219.14
5.09795 0.199421 26412544 219.965
5.1219 0.200641 26360476 221.311
5.14595 0.202126 26299600 222.948
5.17012 0.204011 26254092 225.028
5.19441 0.20605 26178916 227.277
5.21881 0.208415 26116096 229.885
5.24332 0.210914 26040928 232.641
5.26795 0.213854 25967736 235.885
5.29269 0.216959 25862260 239.309
5.31755 0.220533 25796416 243.252
5.34253 0.224292 25689396 247.397
5.36762 0.22838 25577176 251.906
5.39283 0.233051 25489588 257.058
5.41816 0.23777 25373328 262.264
5.44362 0.242973 25250224 268.003
5.46918 0.248814 25122124 274.446
5.49487 0.255056 24990660 281.33
5.52068 0.262192 24856192 289.202
5.54661 0.269556 24706228 297.325
5.57266 0.277687 24558204 306.294
5.59883 0.28649 24392068 316.003
5.62513 0.29648 24237480 327.022
5.65155 0.307044 24064336 338.675
5.67809 0.31905 23876980 351.917
5.70476 0.332214 23697324 366.437
5.73156 0.346367 23498488 382.049
5.75848 0.362735 23292324 400.103
5.78553 0.380166 23100964 419.329
5.81271 0.400484 22862988 441.741
5.84 0.422003 22634848 465.476
5.86743 0.447077 22410012 493.133
5.89499 0.474442 22160572 523.317
5.92268 0.50652 21915600 558.699
5.9505 0.542157 21645516 598.008
5.97844 0.582188 21372232 642.162
6.00652 0.628143 21101172 692.851
6.03474 0.682422 20815564 752.722
6.06308 0.740333 20504628 816.599
6.09156 0.813458 20204736 897.257
6.12017 0.893109 19883356 985.113
6.14891 0.989458 19552848 1091.39
6.17779 1.10163 19217196 1215.11
6.20681 1.23722 18861736 1364.68
6.23596 1.38987 18502836 1533.05
6.26525 1.58937 18135780 1753.1
6.29467 1.81241 17749600 1999.12
6.32424 2.10336 17354232 2320.03
6.35394 2.46527 16953228 2719.23
6.38378 2.89682 16529656 3195.24
6.41376 3.41948 16099164 3771.74
6.44388 4.19688 15659388 4629.22
6.47415 5.14318 15207864 5673.01
6.50455 6.38544 14736132 7043.24
6.5351 8.05719 14255596 8887.2
6.56579 10.3361 13762332 11400.8
6.59662 13.535 13252296 14929.3
6.6276 18.2611 12731268 20142.3
6.65872 25.3056 12198720 27912.4
6.68999 36.2446 11649660 39978.4
6.72141 52.866 11081952 58312.1
6.75296 81.1335 10500652 89491.5
6.78467 127.005 9911376 140088
6.81652 647.737 9301473 714464
6.84856 0.671418 8737218 740.585
6.88073 0.685134 8239530 755.713
6.91305 0.715083 7788972 788.748
6.94552 0.752394 7357452 829.902
6.97814 0.798079 6958434 880.294
7.01093 0.852221 6572454 940.013
7.04385 0.914387 6204966 1008.58
7.07693 0.989512 5851524 1091.45
7.11016 1.07601 5518854 1186.86
7.14356 1.17563 5192928 1296.74
7.17711 1.29751 4883690 1431.17
7.21082 1.43734 4585122 1585.4
7.24468 1.60464 4294452 1769.94
7.27871 1.80545 4020870 1991.44
7.31289 2.04559 3750774 2256.32
7.34723 2.33892 3496122 2579.86
7.38174 2.69205 3250038 2969.38
7.41641 3.1243 3010904 3446.16
7.45123 3.65639 2783520 4033.06
7.48622 4.34273 2566482 4790.1
7.52138 5.18605 2355504 5720.29
7.55668 6.2561 2154350 6900.57
7.59215 7.63829 1964322 8425.16
7.62781 9.44578 1782180 10418.8
7.66364 11.7947 1608354 13009.8
7.69963 15.0532 1442012 16603.9
7.73577 19.3537 1285878 21347.4
7.77208 25.4808 1137636 28105.7
7.80856 33.9568 999476 37454.8
7.84519 46.3246 867846 51096.7
7.88195 64.0754 746768 70676.2
7.91894 91.9902 636276 101467
7.95615 135.069 532566 148983
7.99345 202.962 435044 223870
8.03087 321.891 351690 355051
8.06861 527.878 275630 582258
8.1063 915.421 204876 1.00972e+06
8.14415 1695.3 150770 1.86994e+06
8.18252 3483.69 100542 3.84256e+06
8.22015 7770.25 59294 8.5707e+06
8.25771 22001.8 32538 2.42683e+07
8.29571 90789.2 11726 1.00142e+08
8.32962 733107 1560 8.08629e+08
8.35799 2.3574e+09 1 2.60025e+12
