# in Mpc/h Units 
# D1 = 0.0471945 
# k P N P(z=0)
0.00628319 0.40829 6 183.31
0.00888577 0.491937 12 220.864
0.0108828 0.533028 8 239.313
0.0125664 0.5576 6 250.345
0.0140496 0.566611 24 254.391
0.0153906 0.571365 24 256.525
0.0177715 0.568991 12 255.46
0.0188496 0.563688 30 253.078
0.0198692 0.558211 24 250.62
0.020839 0.550655 24 247.227
0.0217656 0.542652 8 243.634
0.0226543 0.534194 24 239.837
0.0235095 0.525215 48 235.806
0.0251327 0.508431 6 228.27
0.0259062 0.497993 48 223.584
0.0266573 0.488851 36 219.479
0.0273878 0.479948 24 215.482
0.0280993 0.470965 24 211.449
0.0287932 0.462413 48 207.609
0.0294708 0.453754 24 203.722
0.0307812 0.437442 24 196.398
0.0314159 0.429803 30 192.968
0.0320381 0.422185 72 189.548
0.0326484 0.414744 32 186.207
0.033836 0.400773 72 179.935
0.0344144 0.394152 48 176.962
0.0355431 0.381561 12 171.309
0.0360942 0.375762 48 168.706
0.036637 0.370119 48 166.172
0.0371718 0.364533 48 163.664
0.0376991 0.359171 30 161.257
0.0382191 0.354299 24 159.069
0.0387322 0.349308 72 156.828
0.0397384 0.339885 24 152.598
0.040232 0.335614 96 150.68
0.0407197 0.331416 48 148.795
0.0412016 0.32744 24 147.01
0.0416779 0.323522 24 145.251
0.0421489 0.319775 72 143.569
0.0426146 0.316196 48 141.962
0.0435312 0.309859 8 139.117
0.0439823 0.306248 54 137.496
0.0444288 0.303373 84 136.205
0.0448709 0.30049 48 134.911
0.0453087 0.297516 24 133.576
0.0457423 0.294845 72 132.376
0.0461718 0.292337 96 131.25
0.0470191 0.287417 48 129.042
0.047437 0.285049 48 127.978
0.0478513 0.282962 24 127.041
0.0482621 0.28064 72 125.999
0.0490732 0.276757 72 124.255
0.0494739 0.274709 96 123.336
0.0502655 0.268391 6 120.499
0.0506567 0.269453 96 120.976
0.0510448 0.267718 96 120.197
0.0514301 0.266303 24 119.562
0.0518125 0.264853 48 118.911
0.0521921 0.263302 96 118.215
0.0525689 0.261718 48 117.503
0.0533146 0.258892 36 116.234
0.0536836 0.257653 48 115.678
0.05405 0.256217 120 115.033
0.054414 0.2552 56 114.577
0.0547755 0.253878 24 113.983
0.0551347 0.252761 96 113.482
0.0554916 0.251507 48 112.919
0.0561985 0.249446 24 111.994
0.0565487 0.248185 102 111.428
0.0568967 0.247331 48 111.044
0.0572425 0.246304 72 110.583
0.0575863 0.245212 48 110.093
0.0579281 0.244331 48 109.697
0.0582679 0.243165 120 109.174
0.0589415 0.241376 24 108.37
0.0592755 0.240489 144 107.972
0.0596075 0.239503 120 107.529
0.0599378 0.238498 48 107.078
0.0605928 0.237 48 106.406
0.0609177 0.236104 96 106.004
0.0615624 0.234175 24 105.137
0.0618822 0.233601 48 104.88
0.0622004 0.232846 108 104.541
0.0625169 0.231896 72 104.114
0.0628319 0.231296 30 103.845
0.0631452 0.230243 168 103.372
0.0634571 0.229472 48 103.026
0.0640762 0.22774 72 102.248
0.0643835 0.226973 96 101.904
0.0646894 0.226298 72 101.601
0.0649938 0.225479 72 101.233
0.0652968 0.224484 32 100.786
0.0655984 0.223692 72 100.431
0.0658986 0.223033 144 100.135
0.0667912 0.220414 96 98.959
0.0670861 0.219593 96 98.5906
0.0673797 0.219045 48 98.3445
0.067672 0.218123 72 97.9306
0.067963 0.217269 120 97.547
0.0682529 0.216472 72 97.189
0.0688288 0.2149 48 96.4836
0.069115 0.214151 78 96.1474
0.0694001 0.212994 120 95.6276
0.0696839 0.212524 48 95.4166
0.0702481 0.210633 144 94.5676
0.0705286 0.209863 144 94.2222
0.0710861 0.20814 12 93.4485
0.0713633 0.207312 144 93.0765
0.0716393 0.206423 48 92.6777
0.0719926 0.205399 168 92.2179
0.0724612 0.203839 48 91.5175
0.0727331 0.203026 168 91.1524
0.0734532 0.200852 144 90.1765
0.0738107 0.199543 96 89.5885
0.0740777 0.198806 72 89.2577
0.0743437 0.197799 48 88.8056
0.0746967 0.196628 144 88.2798
0.0753982 0.194125 30 87.1559
0.0758332 0.192805 288 86.5636
0.0761796 0.191578 56 86.0127
0.0766638 0.190048 192 85.3258
0.076953 0.189137 120 84.9165
0.0776339 0.186688 216 83.8171
0.0779723 0.185635 96 83.3443
0.078225 0.184493 96 82.8317
0.0787281 0.182933 72 82.1312
0.0789784 0.181999 96 81.7121
0.0794767 0.180168 24 80.8899
0.0798137 0.179055 300 80.3903
0.0802183 0.177695 24 79.7796
0.0805865 0.176381 192 79.1898
0.0809532 0.174981 120 78.561
0.0814394 0.173422 48 77.8611
0.0818379 0.172007 222 77.226
0.0821633 0.170605 120 76.5963
0.0826125 0.169141 192 75.939
0.0828809 0.168226 144 75.5282
0.0833559 0.166311 24 74.6685
0.0837495 0.165228 144 74.1824
0.0840633 0.164011 120 73.6357
0.0844439 0.162699 192 73.0468
0.0847648 0.16165 144 72.576
0.0852293 0.159992 48 71.8314
0.0855594 0.158768 336 71.2817
0.0859213 0.157476 48 70.7018
0.0864252 0.15583 240 69.9627
0.0870624 0.153731 8 69.0205
0.0872888 0.15278 48 68.5937
0.087579 0.151924 336 68.2091
0.0881192 0.150205 174 67.4375
0.0884123 0.149219 120 66.9949
0.0889978 0.147298 228 66.1322
0.089427 0.145806 168 65.4624
0.0898883 0.144463 144 64.8593
0.0901807 0.143445 240 64.4023
0.0906174 0.14234 24 63.9062
0.090897 0.141325 336 63.4505
0.0913765 0.139745 144 62.7413
0.0917922 0.138587 168 62.2214
0.0923436 0.136856 96 61.444
0.0926754 0.135967 216 61.045
0.0932651 0.134297 288 60.2952
0.0936174 0.133296 144 59.8459
0.0941969 0.131614 198 59.0905
0.094573 0.130607 216 58.6384
0.0950225 0.129483 168 58.1337
0.0952892 0.12875 240 57.8046
0.0958792 0.127177 168 57.0985
0.0962314 0.126332 336 56.7193
0.0968099 0.124914 240 56.0826
0.097638 0.123 276 55.2232
0.0981837 0.121683 344 54.632
0.0985479 0.120972 144 54.3127
0.0990673 0.119774 240 53.775
0.0994528 0.118945 312 53.4026
0.100098 0.117468 240 52.7397
0.100531 0.116246 6 52.191
0.100874 0.116023 384 52.0909
0.101448 0.114966 312 51.6164
0.101924 0.114142 168 51.2461
0.102421 0.113122 336 50.7881
0.102983 0.112124 336 50.3403
0.103243 0.111756 192 50.1748
0.103879 0.110669 288 49.6869
0.104279 0.110177 216 49.4662
0.104705 0.109414 240 49.1236
0.105349 0.108426 384 48.6799
0.1057 0.107789 72 48.3939
0.106152 0.10728 336 48.1653
0.106914 0.106253 378 47.7044
0.107244 0.105732 144 47.4705
0.107631 0.105433 384 47.3362
0.10826 0.10456 384 46.9441
0.108777 0.103946 344 46.6686
0.10919 0.103478 144 46.4584
0.109816 0.102837 456 46.1708
0.110311 0.102348 312 45.9512
0.110746 0.101794 144 45.7025
0.111354 0.101235 552 45.4515
0.111965 0.100637 264 45.183
0.112557 0.100068 264 44.9273
0.112926 0.0998123 294 44.8127
0.113378 0.0994522 432 44.651
0.113986 0.0988789 432 44.3936
0.114516 0.0985101 264 44.228
0.114915 0.0981039 192 44.0456
0.115567 0.097694 468 43.8616
0.116093 0.0972841 552 43.6776
0.116705 0.0968549 336 43.4849
0.117239 0.0964128 288 43.2864
0.117777 0.096061 456 43.1284
0.118366 0.095646 432 42.9421
0.118788 0.0952758 168 42.7759
0.119469 0.0948612 566 42.5898
0.120077 0.0945087 432 42.4315
0.120751 0.0940088 432 42.207
0.121153 0.0936976 360 42.0673
0.121711 0.093339 624 41.9063
0.122203 0.0929051 264 41.7116
0.122718 0.0927419 360 41.6383
0.123453 0.0921822 456 41.387
0.123969 0.0918301 504 41.2289
0.12467 0.0913626 564 41.019
0.12526 0.090901 384 40.8117
0.125876 0.090441 462 40.6052
0.126429 0.0900944 624 40.4496
0.127121 0.0895699 432 40.2141
0.127677 0.0890821 624 39.9951
0.128318 0.0885926 312 39.7754
0.128807 0.0882508 552 39.6219
0.129504 0.087653 408 39.3535
0.129878 0.0873859 600 39.2336
0.130701 0.0866538 608 38.9049
0.131297 0.0861629 504 38.6845
0.131933 0.0856153 510 38.4386
0.13258 0.0850276 600 38.1748
0.133214 0.0844661 492 37.9227
0.133672 0.0840745 552 37.7469
0.134446 0.0833149 696 37.4058
0.13492 0.08278 504 37.1657
0.135589 0.0822543 528 36.9297
0.136149 0.0816432 624 36.6553
0.136788 0.0810335 504 36.3816
0.137489 0.0803261 552 36.064
0.138157 0.0795797 654 35.7289
0.138792 0.0789134 840 35.4297
0.139482 0.0781516 744 35.0877
0.140148 0.0774343 456 34.7656
0.140735 0.0768438 648 34.5005
0.141506 0.0759661 896 34.1064
0.142105 0.075339 396 33.8249
0.142726 0.0745563 816 33.4735
0.14348 0.0737671 672 33.1192
0.144008 0.0731694 552 32.8508
0.14474 0.0723711 894 32.4924
0.145447 0.0716142 672 32.1526
0.146112 0.070885 624 31.8252
0.146784 0.0701596 888 31.4995
0.147376 0.0694674 720 31.1887
0.148179 0.0686321 936 30.8137
0.148977 0.0677353 648 30.4111
0.149637 0.0670064 936 30.0838
0.150285 0.0663309 696 29.7805
0.151106 0.0654566 618 29.388
0.151697 0.0648671 1008 29.1233
0.15237 0.0642189 872 28.8323
0.153147 0.0633881 960 28.4593
0.153934 0.0626546 888 28.13
0.154569 0.0620211 648 27.8456
0.155288 0.0614049 840 27.5689
0.155941 0.0607292 912 27.2655
0.156682 0.0601319 774 26.9974
0.157451 0.0594673 1272 26.699
0.158249 0.0587764 912 26.3888
0.159019 0.0581328 864 26.0999
0.159745 0.0575642 924 25.8446
0.160428 0.0570423 1080 25.6103
0.161255 0.0564072 1008 25.3251
0.161989 0.0559176 1128 25.1053
0.162879 0.0553107 768 24.8328
0.1635 0.0549226 1046 24.6585
0.164304 0.0544211 1152 24.4334
0.16512 0.0539134 1272 24.2054
0.165918 0.0534429 912 23.9942
0.166638 0.0530669 1200 23.8254
0.167465 0.0526032 1080 23.6172
0.1681 0.0522606 840 23.4634
0.169017 0.0518285 1332 23.2694
0.169783 0.0514555 1062 23.1019
0.170536 0.051146 1320 22.963
0.17142 0.0507214 1248 22.7723
0.172167 0.0504344 1104 22.6435
0.173001 0.0501209 1392 22.5028
0.173739 0.049827 776 22.3708
0.174601 0.0495375 1728 22.2408
0.175449 0.0492247 1224 22.1004
0.17633 0.0489839 1254 21.9923
0.177179 0.0487089 1368 21.8688
0.177982 0.0484312 1236 21.7441
0.178748 0.0482497 1608 21.6626
0.179662 0.0479232 1008 21.516
0.180329 0.0477237 1488 21.4265
0.181298 0.0474458 1440 21.3017
0.182161 0.0471995 1158 21.1911
0.182962 0.0470508 1824 21.1244
0.183819 0.0467346 1464 20.9824
0.184763 0.0465083 1448 20.8808
0.18557 0.0463472 1560 20.8085
0.186484 0.046031 1428 20.6665
0.187347 0.0457942 1680 20.5602
0.188277 0.0455828 1494 20.4653
0.189164 0.0453072 1944 20.3415
0.190083 0.0450198 1368 20.2125
0.190912 0.0447183 1584 20.0771
0.191791 0.044471 1776 19.9661
0.192627 0.0441828 1440 19.8367
0.19355 0.0438563 1968 19.6901
0.194476 0.0435406 1374 19.5484
0.195383 0.0432743 2100 19.4288
0.196314 0.0429071 1640 19.264
0.19731 0.0425282 2496 19.0939
0.198246 0.0422251 1248 18.9578
0.198969 0.0419014 1512 18.8124
0.200004 0.0414995 2280 18.632
0.200981 0.0411 1926 18.4526
0.201907 0.0407069 2064 18.2762
0.202923 0.040277 1920 18.0831
0.203766 0.0399341 1944 17.9292
0.204817 0.0394975 2172 17.7331
0.205802 0.0390813 2256 17.5463
0.206744 0.0387184 1736 17.3834
0.207695 0.0383186 2094 17.2039
0.208661 0.0378624 2328 16.999
0.209635 0.037468 2256 16.822
0.210605 0.0370356 1920 16.6278
0.211552 0.036613 2520 16.4381
0.212598 0.0362181 2088 16.2608
0.213716 0.0357572 2634 16.0539
0.214685 0.0353585 2328 15.8749
0.215636 0.0349613 2304 15.6965
0.2167 0.0345739 2568 15.5226
0.217712 0.0341349 2024 15.3255
0.21856 0.0337955 2352 15.1731
0.21964 0.0334493 2718 15.0177
0.220689 0.0331137 2520 14.867
0.221792 0.0326886 2772 14.6762
0.222806 0.0323708 2640 14.5335
0.223891 0.0320146 2880 14.3736
0.224992 0.03169 2448 14.2278
0.225967 0.0313651 2478 14.082
0.226978 0.0311 2904 13.963
0.228073 0.0307691 2816 13.8144
0.229091 0.0305208 3024 13.7029
0.230305 0.0302104 2952 13.5635
0.231358 0.0299488 2796 13.4461
0.232405 0.029726 2982 13.3461
0.23355 0.0294922 3312 13.2411
0.234601 0.0292492 2688 13.132
0.235688 0.0290174 3144 13.0279
0.236855 0.0287992 3672 12.93
0.237877 0.0286072 2328 12.8438
0.239086 0.0283942 4046 12.7481
0.240233 0.0281825 2844 12.6531
0.241291 0.0280053 3600 12.5735
0.242431 0.0278309 3264 12.4952
0.243572 0.0276599 3288 12.4184
0.244685 0.0274456 3198 12.3222
0.245798 0.0272939 3864 12.2541
0.246976 0.0271219 3456 12.1769
0.248127 0.0269197 3744 12.0861
0.24936 0.0267385 3876 12.0048
0.250523 0.0265729 3392 11.9304
0.251669 0.0264087 3918 11.8567
0.252872 0.0262004 3864 11.7632
0.254083 0.0260408 4104 11.6915
0.255199 0.0258539 3480 11.6076
0.256387 0.0256837 4080 11.5312
0.257664 0.0254314 4170 11.4179
0.258855 0.0252655 4176 11.3434
0.26008 0.0250337 4560 11.2393
0.261336 0.0248224 3656 11.1445
0.262469 0.024617 4344 11.0523
0.263809 0.0243754 4830 10.9438
0.265071 0.0241551 4416 10.8449
0.266256 0.0239004 3876 10.7305
0.267421 0.0237007 4752 10.6409
0.268761 0.0234715 4968 10.538
0.2701 0.0232045 4494 10.4181
0.27124 0.0229792 4200 10.317
0.272568 0.0227212 5792 10.2011
0.273851 0.0225047 4224 10.1039
0.275155 0.0222423 5220 9.9861
0.276427 0.0220112 4590 9.88237
0.277657 0.0217794 5328 9.7783
0.27902 0.0215094 5304 9.65705
0.280352 0.0212668 5040 9.54814
0.281565 0.0210522 4920 9.4518
0.282918 0.0208162 5750 9.34582
0.284302 0.0205876 5388 9.24321
0.285589 0.02036 5784 9.141
0.286971 0.0201814 5400 9.06082
0.288304 0.0199364 5640 8.95081
0.289695 0.0197273 5934 8.85694
0.291035 0.0195423 6120 8.7739
0.292425 0.0193474 5544 8.68641
0.293779 0.0191644 6164 8.60423
0.295153 0.0190082 5838 8.53408
0.296461 0.0188538 6144 8.46476
0.297907 0.0186573 6288 8.37656
0.299258 0.0184937 6576 8.30309
0.300748 0.0183181 6504 8.22427
0.302188 0.01818 6594 8.16228
0.30361 0.0180291 7008 8.09452
0.305003 0.0178639 6200 8.02034
0.306412 0.0177477 6768 7.96819
0.307876 0.0176032 7182 7.9033
0.309298 0.017455 6864 7.83676
0.310761 0.0173275 7308 7.77952
0.312204 0.0171854 6744 7.7157
0.313652 0.017063 7686 7.66077
0.315175 0.016956 7280 7.61274
0.31662 0.0168146 7920 7.54923
0.318151 0.0166363 7560 7.46917
0.319599 0.0165109 6948 7.41287
0.321058 0.0163761 8430 7.35237
0.322645 0.0162321 8328 7.28769
0.324166 0.0161007 7824 7.22874
0.32568 0.0159492 8160 7.16072
0.327167 0.0158132 8030 7.09964
0.328774 0.0156607 9372 7.03119
0.330313 0.01551 7968 6.96349
0.331826 0.0153381 8568 6.88634
0.333427 0.015213 8934 6.83018
0.334947 0.0150471 8952 6.75568
0.336524 0.0148988 8880 6.68911
0.338146 0.0147196 9548 6.60863
0.339739 0.0145953 9126 6.55283
0.341313 0.0144143 9384 6.47158
0.342874 0.0142759 9288 6.40945
0.344468 0.014128 9792 6.34302
0.346116 0.0139706 9570 6.27235
0.34771 0.0138254 10376 6.2072
0.349362 0.0136719 10152 6.13827
0.351033 0.0135382 9960 6.07824
0.352646 0.0134103 10782 6.02079
0.354377 0.0132788 10992 5.96179
0.356063 0.0131381 10452 5.89862
0.357696 0.0129983 10806 5.83581
0.359426 0.0128724 11312 5.77933
0.361079 0.0127506 11112 5.72462
0.362754 0.0126306 10848 5.67076
0.364449 0.0124956 11394 5.61013
0.366133 0.0124017 11952 5.56796
0.367846 0.012315 11352 5.52905
0.369601 0.0121708 12584 5.46434
0.371397 0.0120795 12390 5.42331
0.373143 0.0119496 12252 5.36501
0.374848 0.0118495 12240 5.32005
0.37663 0.0117536 12486 5.277
0.378363 0.011645 13080 5.22825
0.380139 0.0115461 12968 5.18383
0.381916 0.0114466 12612 5.13916
0.38369 0.0113487 13974 5.09524
0.385541 0.011253 13944 5.05225
0.387327 0.0111289 12840 4.99652
0.3891 0.0110336 14358 4.95375
0.390994 0.0109369 14588 4.91031
0.392843 0.0108259 14688 4.8605
0.394661 0.0107031 13560 4.80537
0.396505 0.0106166 15582 4.76655
0.398367 0.0105044 14544 4.71617
0.400233 0.0104156 15420 4.67627
0.402152 0.0102888 15614 4.61935
0.40399 0.0102086 14880 4.58336
0.405874 0.0100888 16728 4.52955
0.407843 0.00997981 15690 4.48063
0.409716 0.00987447 16248 4.43333
0.411602 0.00980452 16584 4.40193
0.413596 0.00968176 16904 4.34681
0.415548 0.00959615 17430 4.30838
0.417499 0.00948827 16908 4.25994
0.419429 0.00937938 17640 4.21105
0.421439 0.00928409 17550 4.16827
0.4234 0.00920631 18696 4.13335
0.425408 0.00910322 17792 4.08707
0.42739 0.00901258 18138 4.04637
0.42937 0.00892792 19392 4.00836
0.431414 0.00884255 18768 3.97003
0.433421 0.00874874 19038 3.92792
0.435438 0.00867257 19460 3.89372
0.437444 0.00860117 19992 3.86166
0.4396 0.0084938 21174 3.81346
0.441671 0.00842438 20040 3.78229
0.443727 0.00836302 20628 3.75474
0.445802 0.00827279 20798 3.71423
0.447878 0.00821078 21480 3.68639
0.449991 0.00811183 21792 3.64196
0.452114 0.00804424 21414 3.61162
0.454235 0.00796955 23100 3.57808
0.456374 0.00789456 21992 3.54441
0.458534 0.00780301 23406 3.50331
0.460666 0.00774042 22536 3.47521
0.46284 0.00764022 24348 3.43022
0.465042 0.00757653 23598 3.40163
0.467214 0.00751025 24224 3.37187
0.469406 0.00740562 24648 3.3249
0.471626 0.00735005 24618 3.29995
0.473743 0.00727835 24192 3.26776
0.475977 0.0072 26208 3.23258
0.478226 0.00712439 25790 3.19863
0.480485 0.00705577 26916 3.16782
0.482752 0.00699565 26214 3.14083
0.485019 0.00691327 27528 3.10385
0.487306 0.00684653 27720 3.07388
0.48961 0.00677269 27122 3.04073
0.491868 0.00672075 28632 3.01741
0.494198 0.00665798 28680 2.98923
0.496522 0.00658396 28722 2.956
0.498833 0.00652268 30000 2.92848
0.501204 0.00644156 29408 2.89206
0.50355 0.00638828 30678 2.86814
0.505916 0.00631639 30660 2.83586
0.508313 0.00626174 31494 2.81133
0.510704 0.00619198 31448 2.78001
0.513084 0.00614392 32160 2.75843
0.515543 0.00607585 33090 2.72787
0.51795 0.00602154 32664 2.70349
0.520364 0.00595285 32718 2.67265
0.522793 0.00590322 34472 2.65036
0.52526 0.00585377 34260 2.62816
0.527713 0.00580149 34302 2.60469
0.530156 0.00574218 35472 2.57806
0.532669 0.00567141 36020 2.54629
0.535188 0.00563029 36942 2.52783
0.5377 0.00556091 36360 2.49668
0.540241 0.00551168 38166 2.47457
0.542756 0.00545828 36804 2.4506
0.545284 0.00539668 38864 2.42294
0.54787 0.00532697 39366 2.39165
0.550466 0.00527196 40068 2.36695
0.553028 0.00523977 38910 2.3525
0.555606 0.00516975 41360 2.32106
0.558224 0.00512108 40782 2.29921
0.56083 0.00508814 42204 2.28442
0.56345 0.0050382 41544 2.262
0.566114 0.00497496 44510 2.2336
0.568794 0.00493971 42948 2.21778
0.57145 0.00488203 44478 2.19188
0.574166 0.00482731 46032 2.16731
0.576877 0.00478176 44402 2.14686
0.57954 0.00473404 46320 2.12544
0.582264 0.00469265 46848 2.10685
0.585017 0.00464379 47814 2.08492
0.587762 0.00459841 48260 2.06455
0.590569 0.00454546 49758 2.04077
0.593327 0.0045112 49032 2.02539
0.596104 0.00446359 49770 2.00402
0.598885 0.00442351 51056 1.98602
0.601688 0.00438302 51504 1.96784
0.60453 0.00433606 52866 1.94676
0.607362 0.00428891 52848 1.92559
0.610229 0.00425792 54542 1.91167
0.613094 0.00420867 54276 1.88956
0.615957 0.0041682 55062 1.8714
0.618839 0.00412761 56568 1.85317
0.62177 0.00409041 57266 1.83647
0.624688 0.00404977 58056 1.81822
0.627616 0.00400335 57750 1.79738
0.630554 0.00397049 60380 1.78263
0.633541 0.00392456 60390 1.76201
0.63652 0.00388777 61608 1.74549
0.639512 0.00384187 61362 1.72488
0.64251 0.00381524 63752 1.71292
0.64554 0.0037793 63528 1.69679
0.648554 0.00374232 64050 1.68019
0.651549 0.00370405 64784 1.663
0.654649 0.0036737 68814 1.64938
0.657741 0.00364026 66156 1.63436
0.66081 0.0036117 68718 1.62154
0.663899 0.00357735 69104 1.60612
0.667047 0.00353363 71682 1.58649
0.670183 0.00349756 70512 1.5703
0.673306 0.00346102 72278 1.55389
0.676483 0.00342643 74532 1.53836
0.679687 0.00340407 74454 1.52832
0.682871 0.0033738 75540 1.51473
0.686079 0.00333295 76526 1.49639
0.689314 0.00331072 78648 1.48641
0.692548 0.00327651 77370 1.47105
0.695723 0.00324403 78272 1.45647
0.698997 0.00322016 82710 1.44575
0.702314 0.00317623 82146 1.42603
0.705609 0.00315774 83712 1.41773
0.708938 0.00311974 84710 1.40067
0.712273 0.00309593 86172 1.38998
0.715624 0.00306906 86406 1.37791
0.718964 0.00304367 88244 1.36651
0.722353 0.00300569 89670 1.34946
0.725741 0.0029779 90792 1.33699
0.729184 0.00296205 93194 1.32987
0.732605 0.0029241 92352 1.31283
0.736035 0.00290472 94914 1.30413
0.739481 0.00287691 95504 1.29165
0.742951 0.00285518 97230 1.28189
0.746441 0.0028245 98802 1.26811
0.749957 0.00280467 100952 1.25921
0.753469 0.00278073 99990 1.24846
0.756983 0.0027476 103356 1.23359
0.760565 0.0027281 105014 1.22483
0.764149 0.00270118 106548 1.21275
0.767736 0.00267506 106302 1.20102
0.771306 0.00265691 108002 1.19287
0.774926 0.00263557 111696 1.18329
0.778598 0.00260976 112158 1.1717
0.782245 0.00258772 113300 1.16181
0.785923 0.00256896 115302 1.15338
0.789616 0.00253856 117396 1.13974
0.793312 0.0025209 117158 1.13181
0.797042 0.0025036 121470 1.12404
0.800776 0.00247764 120660 1.11238
0.804553 0.00246142 125030 1.1051
0.808343 0.0024354 125388 1.09342
0.812158 0.00242217 128094 1.08748
0.815959 0.00239719 127058 1.07627
0.819781 0.00238167 132336 1.06929
0.823648 0.00234966 132006 1.05492
0.827505 0.00234361 134162 1.05221
0.8314 0.00232415 137760 1.04347
0.835324 0.00230545 137802 1.03508
0.839214 0.00229044 139016 1.02834
0.843171 0.00226865 144354 1.01855
0.847141 0.00225203 142814 1.01109
0.851084 0.00223468 145932 1.0033
0.855081 0.00221807 148206 0.995847
0.859091 0.00219985 150566 0.987666
0.863128 0.00218782 152820 0.982264
0.867194 0.002172 155142 0.975161
0.87127 0.00214799 157220 0.964379
0.875368 0.0021332 159198 0.95774
0.879473 0.00212457 160994 0.953867
0.883606 0.00210005 164544 0.942859
0.887753 0.00208855 165282 0.937695
0.891919 0.00207347 168350 0.930924
0.896109 0.0020674 171660 0.9282
0.900336 0.00204713 173622 0.919099
0.904563 0.00203717 175034 0.914626
0.908805 0.00201696 178512 0.905553
0.913051 0.00200893 178646 0.901949
0.917348 0.00199509 185466 0.895733
0.921672 0.00197948 185382 0.888727
0.925992 0.00196905 188252 0.884041
0.930354 0.00195918 192126 0.879612
0.93473 0.00194114 193562 0.871514
0.939107 0.00194129 196176 0.871579
0.943526 0.00192137 200130 0.862636
0.947959 0.00190268 201326 0.854244
0.952394 0.00190784 204972 0.856561
0.956874 0.00189105 208406 0.849022
0.961345 0.00187867 208362 0.843465
0.965874 0.00186756 217662 0.838476
0.970451 0.00186449 217124 0.837098
0.974982 0.00184678 217446 0.829149
0.979556 0.00183912 224690 0.825709
0.984147 0.00182368 224058 0.818776
0.988771 0.00182391 231848 0.818881
0.993453 0.00181279 233994 0.813888
0.998112 0.00180676 234198 0.811182
1.00278 0.00179539 239708 0.806075
1.00751 0.00178306 243630 0.80054
1.01226 0.00178027 247010 0.799287
1.01699 0.0017689 246414 0.794182
1.02174 0.00176539 253772 0.792608
1.02654 0.00176287 256902 0.791476
1.03137 0.00174688 261066 0.784297
1.03624 0.001743 265958 0.782553
1.0411 0.00174019 265098 0.78129
1.04596 0.00172146 271424 0.772884
1.05088 0.0017206 276858 0.772496
1.05585 0.00172143 281186 0.772871
1.06082 0.00172391 282918 0.773982
1.06577 0.0017074 285146 0.766569
1.07077 0.00170087 293280 0.763638
1.07581 0.00169876 294602 0.762693
1.08087 0.00169706 301278 0.761928
1.08595 0.00169291 302954 0.760067
1.09104 0.00169065 307674 0.75905
1.09614 0.00168251 310560 0.755396
1.1013 0.00168272 320834 0.755488
1.1065 0.00167767 321582 0.753221
1.1117 0.00167792 325226 0.753333
1.11691 0.00166644 331422 0.74818
1.12216 0.00167304 335066 0.751144
1.12744 0.00166703 341340 0.748445
1.13272 0.00166249 342038 0.746406
1.13803 0.00166248 351354 0.746404
1.14339 0.00166716 355478 0.748505
1.14877 0.00166156 360066 0.74599
1.15416 0.00166193 364634 0.746156
1.15957 0.00166519 369072 0.747621
1.16503 0.0016613 377642 0.745871
1.17053 0.00166227 382074 0.746308
1.17602 0.00166641 384014 0.748168
1.18154 0.00166577 393066 0.747881
1.18707 0.00167064 393950 0.750066
1.19264 0.00167346 404154 0.751331
1.19826 0.00166939 409178 0.749505
1.20388 0.00167597 413334 0.752459
1.20954 0.00167623 421196 0.752574
1.21521 0.00167933 422658 0.753966
1.22091 0.0016833 434990 0.75575
1.22666 0.00169404 437442 0.760572
1.23241 0.00168983 443066 0.758682
1.2382 0.00169578 452150 0.761354
1.24401 0.00170269 455538 0.764455
1.24985 0.00170147 463382 0.76391
1.25571 0.00170612 468666 0.765997
1.26162 0.00171234 479642 0.768786
1.26756 0.00171992 482814 0.772193
1.2735 0.00171993 489386 0.772195
1.27948 0.0017326 498642 0.777884
1.2855 0.00173122 503450 0.777265
1.29154 0.00174331 512838 0.782691
1.29761 0.00174935 517586 0.785402
1.30369 0.00175711 524372 0.788888
1.3098 0.00175732 534270 0.788981
1.31596 0.00177661 540386 0.797643
1.32215 0.0017862 550938 0.801947
1.32836 0.00179666 554270 0.806643
1.33459 0.00180273 564978 0.80937
1.34087 0.00180846 574370 0.811943
1.34718 0.00182664 579614 0.820106
1.3535 0.00183178 587778 0.822412
1.35985 0.00184393 596978 0.827866
1.36624 0.00185988 606570 0.835029
1.37267 0.00186478 613982 0.837231
1.37911 0.001883 621200 0.845411
1.38558 0.0018947 631386 0.850663
1.39208 0.0019056 640418 0.855557
1.39864 0.00192101 651870 0.862474
1.40521 0.0019367 657770 0.869519
1.4118 0.00194796 667082 0.874575
1.41842 0.00196637 675810 0.88284
1.42509 0.00197483 689318 0.886636
1.4318 0.00199036 698754 0.89361
1.43854 0.00201594 706922 0.905094
1.44529 0.00202357 715562 0.908521
1.45208 0.00204176 727662 0.916689
1.45889 0.00206225 734426 0.925889
1.46572 0.00207143 745746 0.930006
1.4726 0.00209506 759698 0.940618
1.47952 0.00212256 768140 0.952963
1.48647 0.00213844 778770 0.960095
1.49347 0.00214961 795842 0.96511
1.50049 0.00217691 799442 0.977364
1.50754 0.00219935 816042 0.98744
1.51462 0.00222484 822038 0.998886
1.52173 0.00224073 837722 1.00602
1.52887 0.00226369 846330 1.01633
1.53605 0.00228083 860768 1.02402
1.54327 0.00231401 873722 1.03892
1.55052 0.0023281 885438 1.04524
1.55781 0.00236678 898730 1.06261
1.56513 0.00238157 908402 1.06925
1.57247 0.00240579 923226 1.08013
1.57985 0.00244944 933944 1.09972
1.58727 0.00246353 949730 1.10605
1.59472 0.00249334 961278 1.11943
1.60222 0.00252257 981218 1.13256
1.60976 0.00262807 989186 1.17992
1.6173 0.00271991 1001016 1.22116
1.62489 0.00260371 1019138 1.16898
1.63253 0.00263413 1032842 1.18264
1.64019 0.00267318 1045394 1.20018
1.6479 0.00269353 1066230 1.20931
1.65565 0.00272897 1075496 1.22522
1.66341 0.00276502 1090154 1.24141
1.67122 0.00279897 1110378 1.25665
1.67908 0.00282894 1124666 1.27011
1.68697 0.00286436 1139624 1.28601
1.6949 0.00290466 1157114 1.3041
1.70286 0.0029451 1171434 1.32226
1.71085 0.00297428 1188494 1.33536
1.71889 0.00301305 1205504 1.35277
1.72697 0.00305313 1226594 1.37076
1.73508 0.00309335 1235562 1.38882
1.74322 0.0031327 1259120 1.40648
1.75141 0.00317961 1274498 1.42755
1.75964 0.00322835 1295594 1.44943
1.76791 0.00325807 1308312 1.46277
1.77621 0.00331193 1333922 1.48696
1.78456 0.003344 1348418 1.50135
1.79294 0.00338964 1366112 1.52185
1.80136 0.00344124 1389738 1.54501
1.80982 0.00348269 1407458 1.56362
1.81832 0.003526 1426520 1.58306
1.82687 0.00358556 1448810 1.60981
1.83545 0.00363782 1465802 1.63327
1.84406 0.00368194 1488456 1.65308
1.85272 0.00373233 1510766 1.6757
1.86142 0.00377934 1528298 1.69681
1.87016 0.00382831 1552784 1.71879
1.87895 0.00388799 1579538 1.74559
1.88779 0.00394015 1595784 1.76901
1.89665 0.00399667 1619930 1.79438
1.90555 0.00405091 1637186 1.81873
1.91449 0.00411378 1669616 1.84696
1.9235 0.00416002 1691834 1.86772
1.93253 0.00422863 1706952 1.89852
1.94159 0.00429078 1739630 1.92643
1.95073 0.00435621 1765064 1.9558
1.95988 0.00442061 1783538 1.98472
1.9691 0.00448793 1817480 2.01494
1.97835 0.00454585 1837034 2.04094
1.98765 0.00460734 1866512 2.06855
1.99698 0.00468055 1888242 2.10142
2.00636 0.00474314 1917056 2.12952
2.01577 0.00481003 1941554 2.15955
2.02525 0.00488201 1978040 2.19187
2.03477 0.0049521 1997426 2.22334
2.04433 0.00503238 2029256 2.25938
2.05393 0.00510798 2056370 2.29332
2.06357 0.00517063 2084000 2.32146
2.07326 0.00525923 2117778 2.36123
2.083 0.00533677 2143952 2.39604
2.09278 0.00539958 2175614 2.42424
2.10261 0.0054848 2206400 2.46251
2.11248 0.00556364 2233970 2.4979
2.12241 0.00566081 2276456 2.54153
2.13239 0.00572899 2301848 2.57214
2.1424 0.005818 2332922 2.6121
2.15246 0.00590985 2366960 2.65334
2.16256 0.00599099 2397698 2.68977
2.17272 0.0060962 2436644 2.73701
2.18293 0.00618302 2472608 2.77599
2.19319 0.00627413 2503050 2.81689
2.20348 0.0063618 2535392 2.85625
2.21383 0.00646617 2581088 2.90311
2.22424 0.00655271 2612762 2.94197
2.23469 0.00666104 2647964 2.9906
2.24518 0.00674739 2687216 3.02937
2.25573 0.00685771 2724434 3.0789
2.26633 0.00696815 2765840 3.12848
2.27697 0.00707083 2798504 3.17458
2.28766 0.00716733 2841326 3.21791
2.29841 0.00728248 2886128 3.26961
2.30921 0.0073957 2920808 3.32044
2.32005 0.00750846 2967536 3.37107
2.33094 0.00761588 3000674 3.4193
2.34188 0.00772466 3050324 3.46813
2.35289 0.00784896 3094664 3.52394
2.36395 0.00797519 3136016 3.58061
2.37505 0.0080987 3179546 3.63607
2.38621 0.00821963 3227060 3.69036
2.39742 0.0083482 3271832 3.74809
2.40868 0.00847437 3315440 3.80473
2.41998 0.00860854 3363800 3.86497
2.43135 0.0087487 3414158 3.9279
2.44278 0.0088841 3459752 3.98869
2.45425 0.00901911 3508864 4.0493
2.46578 0.00914786 3560804 4.10711
2.47736 0.00928774 3608912 4.16991
2.489 0.00944115 3660608 4.23878
2.50068 0.00958983 3707846 4.30554
2.51243 0.00974453 3769664 4.37499
2.52424 0.00989741 3822920 4.44363
2.53609 0.0100438 3863564 4.50934
2.548 0.0102147 3930704 4.58606
2.55998 0.0103662 3986168 4.65409
2.572 0.0105252 4034228 4.72548
2.58406 0.0106931 4090816 4.80087
2.5962 0.0108709 4160360 4.8807
2.60841 0.0110301 4213436 4.95219
2.62066 0.0112053 4270976 5.03083
2.63296 0.0113978 4332308 5.11725
2.64533 0.011583 4395896 5.2004
2.65775 0.0117552 4454378 5.27774
2.67023 0.0119406 4517036 5.36094
2.68278 0.012137 4588552 5.44912
2.69539 0.0123396 4651316 5.54012
2.70805 0.012534 4711190 5.62739
2.72076 0.0127551 4782704 5.72666
2.73355 0.0129615 4849964 5.81932
2.74639 0.013184 4917080 5.91921
2.75928 0.0133807 4985260 6.00751
2.77224 0.0135995 5060456 6.10577
2.78527 0.0138321 5127788 6.21019
2.79835 0.0140559 5201672 6.31068
2.81149 0.0143037 5278196 6.42192
2.8247 0.0145061 5350384 6.51281
2.83797 0.0147784 5423492 6.63504
2.8513 0.0150317 5504720 6.74877
2.86469 0.0152578 5581268 6.8503
2.87815 0.0155263 5659270 6.97082
2.89166 0.0157781 5736332 7.0839
2.90524 0.0160614 5823104 7.21109
2.91889 0.0163531 5909900 7.34202
2.93261 0.0166155 5986168 7.45986
2.94637 0.0169048 6064034 7.58975
2.96021 0.0171917 6162248 7.71855
2.97412 0.0174981 6249932 7.85611
2.9881 0.0178149 6331588 7.99836
3.00213 0.0181001 6424736 8.12641
3.01623 0.0184266 6515066 8.273
3.0304 0.0187622 6607552 8.42365
3.04463 0.0190985 6691412 8.57465
3.05892 0.0194001 6796676 8.71005
3.0733 0.0197848 6894838 8.88277
3.08773 0.0201298 6983324 9.03766
3.10224 0.0204778 7094120 9.19388
3.11681 0.0208856 7182634 9.37699
3.13145 0.0212313 7295588 9.53221
3.14616 0.0216422 7389992 9.71668
3.16094 0.0220275 7499434 9.88965
3.17579 0.0224544 7606244 10.0813
3.1907 0.0228603 7703654 10.2636
3.20568 0.0233617 7823908 10.4887
3.22074 0.0237832 7933148 10.6779
3.23587 0.0241839 8035210 10.8578
3.25107 0.0246274 8168648 11.057
3.26635 0.0250691 8270402 11.2553
3.28169 0.0255802 8396284 11.4847
3.2971 0.0260613 8496608 11.7007
3.31258 0.0265756 8636482 11.9316
3.32814 0.0270872 8744780 12.1613
3.34377 0.0276339 8878274 12.4068
3.35948 0.0281621 8998288 12.6439
3.37526 0.0287643 9127058 12.9143
3.39111 0.0293234 9258676 13.1653
3.40704 0.0299234 9394994 13.4347
3.42305 0.0305315 9518530 13.7077
3.43912 0.0311511 9652352 13.9859
3.45528 0.0317723 9800506 14.2648
3.47151 0.0324525 9929156 14.5702
3.48782 0.0331012 10079002 14.8614
3.5042 0.0338101 10202930 15.1797
3.52065 0.0345663 10362148 15.5192
3.53719 0.0353316 10508450 15.8628
3.5538 0.0360685 10647784 16.1937
3.5705 0.0368404 10817954 16.5402
3.58727 0.0376446 10950034 16.9012
3.60411 0.0384795 11116484 17.2761
3.62105 0.0393649 11277610 17.6736
3.63806 0.0402131 11430154 18.0545
3.65514 0.0411107 11580074 18.4574
3.6723 0.0420877 11759140 18.8961
3.68955 0.0430612 11924378 19.3332
3.70689 0.0441172 12099850 19.8073
3.7243 0.0451212 12260050 20.258
3.7418 0.0462446 12439484 20.7624
3.75937 0.0473558 12606226 21.2613
3.77703 0.0484764 12800474 21.7644
3.79477 0.0497128 12964258 22.3195
3.81259 0.0509099 13155874 22.857
3.8305 0.0522454 13345394 23.4566
3.84849 0.0535996 13525540 24.0646
3.86657 0.054964 13730122 24.6771
3.88473 0.0564567 13917890 25.3473
3.90298 0.0579376 14114938 26.0122
3.92131 0.0594597 14316682 26.6956
3.93974 0.0611391 14520626 27.4496
3.95824 0.0627866 14708962 28.1892
3.97682 0.0646261 14936002 29.0152
3.9955 0.0663824 15141986 29.8036
4.01428 0.0683537 15366994 30.6887
4.03313 0.0703435 15563242 31.5821
4.05207 0.0724716 15794614 32.5375
4.07111 0.0746627 16021226 33.5213
4.09023 0.0769709 16238338 34.5576
4.10944 0.079335 16476706 35.619
4.12874 0.0818063 16717282 36.7285
4.14814 0.0844904 16935730 37.9336
4.16762 0.0872329 17183270 39.1649
4.18719 0.0900959 17431546 40.4503
4.20686 0.093245 17672128 41.8641
4.22662 0.0964055 17929450 43.2831
4.24648 0.0997137 18181246 44.7684
4.26643 0.10325 18436154 46.3559
4.28646 0.106799 18688066 47.9494
4.30659 0.110723 18966160 49.7112
4.32682 0.114903 19228342 51.5878
4.34714 0.119081 19497994 53.4635
4.36756 0.12356 19789402 55.4746
4.38808 0.128206 20048224 57.5606
4.40868 0.133598 20340694 59.9813
4.42939 0.138874 20631698 62.3502
4.4502 0.144204 20920738 64.743
4.4711 0.15091 21224764 67.7538
4.49211 0.157244 21524794 70.5975
4.51321 0.163588 21819694 73.4462
4.53441 0.173249 22136776 77.7834
4.55571 0.180526 22446490 81.0506
4.5771 0.191656 22753708 86.0474
4.5986 0.203009 23092930 91.1449
4.6202 0.214718 23405020 96.4017
4.6419 0.23683 23744914 106.33
4.66371 0.247451 24090094 111.098
4.68561 0.292339 24416584 131.251
4.70762 0.307209 24763822 137.927
4.72973 0.398095 25116112 178.732
4.75194 0.502161 25474348 225.455
4.77427 0.621367 25839802 278.975
4.79669 1.13932 26191732 511.519
4.81921 276.592 26563339 124181
4.84183 0.227195 26678128 102.004
4.86457 0.224707 26655828 100.887
4.88742 0.222989 26675140 100.115
4.91038 0.221835 26644864 99.5969
4.93344 0.221231 26631640 99.3257
4.95661 0.220978 26619904 99.2125
4.9799 0.220998 26596180 99.2214
5.00329 0.221606 26557060 99.4942
5.02679 0.222422 26532520 99.8608
5.0504 0.22338 26493240 100.291
5.07412 0.22466 26453764 100.865
5.09795 0.226187 26412544 101.551
5.1219 0.227906 26360476 102.323
5.14595 0.229964 26299600 103.247
5.17012 0.232287 26254092 104.29
5.19441 0.234773 26178916 105.406
5.21881 0.237656 26116096 106.7
5.24332 0.240584 26040928 108.015
5.26795 0.243758 25967736 109.44
5.29269 0.247214 25862260 110.991
5.31755 0.250937 25796416 112.663
5.34253 0.25469 25689396 114.348
5.36762 0.259058 25577176 116.309
5.39283 0.263523 25489588 118.314
5.41816 0.268166 25373328 120.398
5.44362 0.273302 25250224 122.704
5.46918 0.278738 25122124 125.145
5.49487 0.284436 24990660 127.703
5.52068 0.290539 24856192 130.443
5.54661 0.297116 24706228 133.396
5.57266 0.303856 24558204 136.422
5.59883 0.311341 24392068 139.783
5.62513 0.318987 24237480 143.215
5.65155 0.327545 24064336 147.057
5.67809 0.33639 23876980 151.029
5.70476 0.34568 23697324 155.2
5.73156 0.356022 23498488 159.843
5.75848 0.366755 23292324 164.662
5.78553 0.378428 23100964 169.902
5.81271 0.390692 22862988 175.409
5.84 0.404109 22634848 181.433
5.86743 0.418018 22410012 187.677
5.89499 0.433195 22160572 194.491
5.92268 0.449303 21915600 201.723
5.9505 0.467009 21645516 209.673
5.97844 0.485246 21372232 217.861
6.00652 0.504386 21101172 226.454
6.03474 0.525509 20815564 235.937
6.06308 0.547782 20504628 245.937
6.09156 0.571251 20204736 256.474
6.12017 0.596389 19883356 267.76
6.14891 0.622465 19552848 279.468
6.17779 0.650494 19217196 292.052
6.20681 0.680163 18861736 305.372
6.23596 0.710361 18502836 318.93
6.26525 0.744404 18135780 334.214
6.29467 0.779 17749600 349.747
6.32424 0.815918 17354232 366.322
6.35394 0.856164 16953228 384.391
6.38378 0.899198 16529656 403.712
6.41376 0.945555 16099164 424.525
6.44388 1.00235 15659388 450.023
6.47415 1.066 15207864 478.603
6.50455 1.14043 14736132 512.017
6.5351 1.23487 14255596 554.419
6.56579 1.35719 13762332 609.338
6.59662 1.52464 13252296 684.516
6.6276 1.78387 12731268 800.901
6.65872 2.18443 12198720 980.743
6.68999 2.89078 11649660 1297.87
6.72141 4.1106 11081952 1845.53
6.75296 6.88588 10500652 3091.55
6.78467 13.3383 9911376 5988.48
6.81652 2228.87 9301473 1.0007e+06
6.84856 1.07889 8737218 484.39
6.88073 1.10352 8239530 495.445
6.91305 1.14004 7788972 511.844
6.94552 1.18263 7357452 530.965
6.97814 1.23476 6958434 554.371
7.01093 1.29467 6572454 581.265
7.04385 1.36408 6204966 612.431
7.07693 1.4389 5851524 646.022
7.11016 1.52686 5518854 685.515
7.14356 1.62128 5192928 727.903
7.17711 1.72886 4883690 776.207
7.21082 1.8476 4585122 829.517
7.24468 1.98257 4294452 890.112
7.27871 2.13031 4020870 956.442
7.31289 2.29338 3750774 1029.66
7.34723 2.48166 3496122 1114.19
7.38174 2.68626 3250038 1206.05
7.41641 2.91421 3010904 1308.39
7.45123 3.16548 2783520 1421.21
7.48622 3.45221 2566482 1549.94
7.52138 3.76634 2355504 1690.97
7.55668 4.11516 2154350 1847.58
7.59215 4.513 1964322 2026.2
7.62781 4.94346 1782180 2219.46
7.66364 5.44092 1608354 2442.8
7.69963 5.99101 1442012 2689.78
7.73577 6.61212 1285878 2968.64
7.77208 7.32731 1137636 3289.74
7.80856 8.15523 999476 3661.45
7.84519 9.19007 867846 4126.06
7.88195 10.4632 746768 4697.65
7.91894 12.266 636276 5507.04
7.95615 14.7587 532566 6626.22
7.99345 18.7427 435044 8414.89
8.03087 25.3145 351690 11365.4
8.06861 37.2665 275630 16731.5
8.1063 60.872 204876 27329.6
8.14415 111.885 150770 50232.8
8.18252 247.103 100542 110942
8.22015 626.871 59294 281446
8.25771 2150.28 32538 965409
8.29571 12972.6 11726 5.8243e+06
8.32962 185722 1560 8.33834e+07
8.35799 1.94613e+10 1 8.73751e+12
