0.000000000000000000e+00 0.000000000000000000e+00 1.000000000000000000e+00
8.018239138133745697e-06 1.362892793702892822e+12 1.800000000000000000e+01
1.314872961780852955e-05 1.636999569424833984e+12 3.800000000000000000e+01
1.805532944369285170e-05 1.666851077277246826e+12 9.000000000000000000e+01
2.256174607632251730e-05 1.573389955246967529e+12 1.040000000000000000e+02
2.750008433871525587e-05 1.417892832134407959e+12 2.100000000000000000e+02
3.280863634343325716e-05 1.209637897150184814e+12 2.780000000000000000e+02
3.755727391085112663e-05 1.065713632460821167e+12 3.060000000000000000e+02
4.248077146423218418e-05 9.381232831211447754e+11 5.060000000000000000e+02
4.756032765304764347e-05 8.383203076156721191e+11 5.520000000000000000e+02
5.252713038871948195e-05 7.756986106983051758e+11 6.980000000000000000e+02
5.779488163367714455e-05 7.170823073582122803e+11 9.420000000000000000e+02
6.299165431207506892e-05 6.857799043676912842e+11 9.540000000000000000e+02
6.758906765510176913e-05 6.384799842778795166e+11 1.046000000000000000e+03
7.243003581053293399e-05 6.026082791866253662e+11 1.380000000000000000e+03
7.767184301636805271e-05 5.481959354604547729e+11 1.586000000000000000e+03
8.268851144289021400e-05 5.022401368244287109e+11 1.686000000000000000e+03
8.757612746334276729e-05 4.479756409407637329e+11 1.898000000000000000e+03
9.244367778956418869e-05 4.059378164629813232e+11 2.118000000000000000e+03
9.743590394913851510e-05 3.666171649168270874e+11 2.468000000000000000e+03
1.025277320114627056e-04 3.371609240630405884e+11 2.670000000000000000e+03
1.076367953183592362e-04 3.107686631037971191e+11 3.026000000000000000e+03
1.126030160527064519e-04 2.995289421328132935e+11 3.102000000000000000e+03
1.174435571877226035e-04 2.845423342394970093e+11 3.362000000000000000e+03
1.224354612319036655e-04 2.730111248240315552e+11 3.948000000000000000e+03
1.275909479000130560e-04 2.635183023565254211e+11 4.206000000000000000e+03
1.327043035652909959e-04 2.504484629437813416e+11 4.562000000000000000e+03
1.376182321692910853e-04 2.381133461713592529e+11 4.542000000000000000e+03
1.425090746784735834e-04 2.223741417971097717e+11 5.186000000000000000e+03
1.475486158847945297e-04 2.062304427493750916e+11 5.568000000000000000e+03
1.524841972114845685e-04 1.887821457624845276e+11 5.690000000000000000e+03
1.574166892559233986e-04 1.768914711764835510e+11 6.258000000000000000e+03
1.624974690856685828e-04 1.664418196151806946e+11 6.926000000000000000e+03
1.675381365721889497e-04 1.568084374031719360e+11 7.026000000000000000e+03
1.724963184659048345e-04 1.513684917513902893e+11 7.496000000000000000e+03
1.774712839316303049e-04 1.459062944444898071e+11 7.938000000000000000e+03
1.825076396603835460e-04 1.406924800779198303e+11 8.574000000000000000e+03
1.875640529495850464e-04 1.371142195496473694e+11 8.978000000000000000e+03
1.925034214126204399e-04 1.307489428950436554e+11 9.102000000000000000e+03
1.974610533259093202e-04 1.268640947544068146e+11 1.000400000000000000e+04
2.024897823555436632e-04 1.198508845111100159e+11 1.036200000000000000e+04
2.074980562394557985e-04 1.152247118640241699e+11 1.095800000000000000e+04
2.125379783695059634e-04 1.094219026629093018e+11 1.153800000000000000e+04
2.174786298860068316e-04 1.021217366521244965e+11 1.167800000000000000e+04
2.224254804993111014e-04 9.792612180585620117e+10 1.258800000000000000e+04
2.274793290180567181e-04 9.407211367948626709e+10 1.328600000000000000e+04
2.325348030249422572e-04 9.015485818019996643e+10 1.377000000000000000e+04
2.375611647858998348e-04 8.694843710240576172e+10 1.435400000000000000e+04
2.424867500488879436e-04 8.461635696814253235e+10 1.447200000000000000e+04
2.474529139989529677e-04 8.172628323356205750e+10 1.573800000000000000e+04
2.525333062284972475e-04 7.993298507879867554e+10 1.638200000000000000e+04
2.575377005759318049e-04 7.722213836670739746e+10 1.660200000000000000e+04
2.624845380768650225e-04 7.451626000656111145e+10 1.727000000000000000e+04
2.674817931320256281e-04 7.170483223724467468e+10 1.837200000000000000e+04
2.725323557827224281e-04 6.903319416761187744e+10 1.892600000000000000e+04
2.774890632383807446e-04 6.620365290014676666e+10 1.895400000000000000e+04
2.825008230929281069e-04 6.340911405085408783e+10 2.085800000000000000e+04
2.875582907809565917e-04 6.163190053003125763e+10 2.081400000000000000e+04
2.924876539291884343e-04 5.897081230763849640e+10 2.130800000000000000e+04
2.974705200001470369e-04 5.792594789070081329e+10 2.259000000000000000e+04
3.025238678401854738e-04 5.458980147342147064e+10 2.340200000000000000e+04
3.075420288519021541e-04 5.415318919453470612e+10 2.391000000000000000e+04
3.125036247969740317e-04 5.282672608242463684e+10 2.445000000000000000e+04
3.174195797708173920e-04 5.176550177614190674e+10 2.500400000000000000e+04
3.224832261453001677e-04 4.946590085536622620e+10 2.746200000000000000e+04
3.276040918056195329e-04 4.857176845925274658e+10 2.733800000000000000e+04
3.325813213138005780e-04 4.728460082585630035e+10 2.758200000000000000e+04
3.375128629367228281e-04 4.576096338364681244e+10 2.861000000000000000e+04
3.425143525266685900e-04 4.380283110689466858e+10 3.002400000000000000e+04
3.475504936965647133e-04 4.298081280693303680e+10 3.065000000000000000e+04
3.525362462351467208e-04 4.215802193093162537e+10 3.118200000000000000e+04
3.575039819661164479e-04 4.065845888062088013e+10 3.221000000000000000e+04
3.625128196181043446e-04 3.944092853201728058e+10 3.371400000000000000e+04
3.675262511219160857e-04 3.857721619152830505e+10 3.398400000000000000e+04
3.725324754595472931e-04 3.748134801104285431e+10 3.540200000000000000e+04
3.775559670877268615e-04 3.672811150703643799e+10 3.619800000000000000e+04
3.825269372326610038e-04 3.607022802087004852e+10 3.655400000000000000e+04
3.874968775070146746e-04 3.480262496605735779e+10 3.814200000000000000e+04
3.924779853966873329e-04 3.382235729506806564e+10 3.866000000000000000e+04
3.974905410565208390e-04 3.324494440807524872e+10 4.041000000000000000e+04
4.025266753967854838e-04 3.241203415751087570e+10 4.127000000000000000e+04
4.075129119007336463e-04 3.168586923655531693e+10 4.163400000000000000e+04
4.124933681676176992e-04 3.081790560199720383e+10 4.326200000000000000e+04
4.174954120471168449e-04 2.984183263801359940e+10 4.407600000000000000e+04
4.225074625451887543e-04 2.925729817999361420e+10 4.539800000000000000e+04
4.275163331838652270e-04 2.856493629664229965e+10 4.626600000000000000e+04
4.325156407467093951e-04 2.793214608294344330e+10 4.743000000000000000e+04
4.374762201332560354e-04 2.749256617099899292e+10 4.761800000000000000e+04
4.424586360748376693e-04 2.655339741489551544e+10 5.022000000000000000e+04
4.475246423523374247e-04 2.629019297161938858e+10 5.130200000000000000e+04
4.525303704507225937e-04 2.560255806536488342e+10 5.147400000000000000e+04
4.575101958526097399e-04 2.489472667736343765e+10 5.305400000000000000e+04
4.625324619281934863e-04 2.452822227971198654e+10 5.457000000000000000e+04
4.675449569850467844e-04 2.406766174299832535e+10 5.537600000000000000e+04
4.725300209792509740e-04 2.346666616136015701e+10 5.608200000000000000e+04
4.775098754795876815e-04 2.305724687934032822e+10 5.769800000000000000e+04
4.825247971263129450e-04 2.229221913101097107e+10 5.947800000000000000e+04
4.874921632661476860e-04 2.191673029912625504e+10 5.898800000000000000e+04
4.924939925872586855e-04 2.134763136531012726e+10 6.267000000000000000e+04
4.975223350469546151e-04 2.113148421026777267e+10 6.225000000000000000e+04
5.025184656631174161e-04 2.072966607299643326e+10 6.409400000000000000e+04
5.075178953180275879e-04 2.027274625789590454e+10 6.522600000000000000e+04
5.125012224891401262e-04 1.968504397412797546e+10 6.615200000000000000e+04
5.175006855153996017e-04 1.951969681031371689e+10 6.805800000000000000e+04
5.225031217531194219e-04 1.924123696648732758e+10 6.909800000000000000e+04
5.275267845671537071e-04 1.886318743727270508e+10 7.111800000000000000e+04
5.325513491489023126e-04 1.847515886383282089e+10 7.190600000000000000e+04
5.375354236813752575e-04 1.790094563753872681e+10 7.293600000000000000e+04
5.425197875850065309e-04 1.765413384871006393e+10 7.413800000000000000e+04
5.475430840284422436e-04 1.731143211063266373e+10 7.711800000000000000e+04
5.525618383829945628e-04 1.714182965662688828e+10 7.653000000000000000e+04
5.575173918240377289e-04 1.667265946280574226e+10 7.821800000000000000e+04
5.625128126893362210e-04 1.648252616774701691e+10 8.071200000000000000e+04
5.675211037869571946e-04 1.620045137092890167e+10 8.121800000000000000e+04
5.725338185944789469e-04 1.592689840271121597e+10 8.376600000000000000e+04
5.775217819704076992e-04 1.572396738779887390e+10 8.330600000000000000e+04
5.824795136803547673e-04 1.535779426717795753e+10 8.573400000000000000e+04
5.874643667746288957e-04 1.504368443276186943e+10 8.728400000000000000e+04
5.924783118365893348e-04 1.474235956231029892e+10 8.933400000000000000e+04
5.975031696085751111e-04 1.449319524880928040e+10 9.084200000000000000e+04
6.025169129112330343e-04 1.425458530987847328e+10 9.201000000000000000e+04
6.075039344500147770e-04 1.405392707504093933e+10 9.303800000000000000e+04
6.124897533461247639e-04 1.380869429413855553e+10 9.519600000000000000e+04
6.174888566978960214e-04 1.364985497439144516e+10 9.617400000000000000e+04
6.225154365285140998e-04 1.324691272190108490e+10 9.948200000000000000e+04
6.275393498135593958e-04 1.309368972796369362e+10 9.943800000000000000e+04
6.324938083639172846e-04 1.293197858617107582e+10 9.984200000000000000e+04
6.374747004514911500e-04 1.268477586369631386e+10 1.037400000000000000e+05
6.425185206681678857e-04 1.251756586647906303e+10 1.054460000000000000e+05
6.475465915937857154e-04 1.235987519306085396e+10 1.064340000000000000e+05
6.525327612293719019e-04 1.212979241616150093e+10 1.072460000000000000e+05
6.575034060813170472e-04 1.194805673550970459e+10 1.088340000000000000e+05
6.624871557544943865e-04 1.180607512570558357e+10 1.112000000000000000e+05
6.675080278711184242e-04 1.160011588648726845e+10 1.136340000000000000e+05
6.725274153709104308e-04 1.139026417588356209e+10 1.144940000000000000e+05
6.774702736341791211e-04 1.114709745966181946e+10 1.138500000000000000e+05
6.824516222162009147e-04 1.098217679564973259e+10 1.195860000000000000e+05
6.874991159848866783e-04 1.089619632511996269e+10 1.203920000000000000e+05
6.925179877396469338e-04 1.067342804496739769e+10 1.216980000000000000e+05
6.975240824072235536e-04 1.055374173135379028e+10 1.231580000000000000e+05
7.025117134910138393e-04 1.037655500470671844e+10 1.246260000000000000e+05
7.074829822367389390e-04 1.021307715882296753e+10 1.258300000000000000e+05
7.124939033764172069e-04 1.008310148445769310e+10 1.299160000000000000e+05
7.175342692056930344e-04 9.935300127143133163e+09 1.310900000000000000e+05
7.225361107610816982e-04 9.779277763142713547e+09 1.317660000000000000e+05
7.275243979277775438e-04 9.650174131704538345e+09 1.338740000000000000e+05
7.325009895812739907e-04 9.450698239367174149e+09 1.350720000000000000e+05
7.375145469164350867e-04 9.361853488521671295e+09 1.392660000000000000e+05
7.425372881521889951e-04 9.232793728485866547e+09 1.393100000000000000e+05
7.475121347218607101e-04 9.089844532734878540e+09 1.405140000000000000e+05
7.525015644935403826e-04 8.963477504833442688e+09 1.437980000000000000e+05
7.575213169339845226e-04 8.866335403166877747e+09 1.462440000000000000e+05
7.625056542723235124e-04 8.721322243780637741e+09 1.454420000000000000e+05
7.674988034586417707e-04 8.602382006639629364e+09 1.505580000000000000e+05
7.725368318297374604e-04 8.512658686967549324e+09 1.521860000000000000e+05
7.775265667280999507e-04 8.396119044626893997e+09 1.514940000000000000e+05
7.825125218143324851e-04 8.278280918257356644e+09 1.559480000000000000e+05
7.874892988392621961e-04 8.139123866933094978e+09 1.547820000000000000e+05
7.924685851226036378e-04 8.064627936026042938e+09 1.599620000000000000e+05
7.975120505450694359e-04 7.921489103750154495e+09 1.628580000000000000e+05
8.025171235533148104e-04 7.857197592559879303e+09 1.618620000000000000e+05
8.075200912812067078e-04 7.741966039268898964e+09 1.668200000000000000e+05
8.125308571175588954e-04 7.620693377131051064e+09 1.661580000000000000e+05
8.175135897259273431e-04 7.539915154895462036e+09 1.692500000000000000e+05
8.225206539815690726e-04 7.403314960386557579e+09 1.717500000000000000e+05
8.275355493145385285e-04 7.316190969532725334e+09 1.741700000000000000e+05
8.325101658235612182e-04 7.218478433219861031e+09 1.732080000000000000e+05
8.374834855890781480e-04 7.154950963326697350e+09 1.779860000000000000e+05
8.425170765581630047e-04 7.062497945819414139e+09 1.817940000000000000e+05
8.475345677091997935e-04 6.998572032586489677e+09 1.813100000000000000e+05
8.525201228679315981e-04 6.889270479679058075e+09 1.836900000000000000e+05
8.575169244332736442e-04 6.866825650173608780e+09 1.866800000000000000e+05
8.625069910177080804e-04 6.762064254184783936e+09 1.871220000000000000e+05
8.675101800611090827e-04 6.660312940315296173e+09 1.920300000000000000e+05
8.724929560873839534e-04 6.552266127652339935e+09 1.900340000000000000e+05
8.774634211932985390e-04 6.481277470164451599e+09 1.956660000000000000e+05
8.824671993753834508e-04 6.411366268940966606e+09 1.971200000000000000e+05
8.874716654566856605e-04 6.327410130563937187e+09 1.998420000000000000e+05
8.924971795781619279e-04 6.290379344546895027e+09 2.032940000000000000e+05
8.975201652566775498e-04 6.181256527478014946e+09 2.045220000000000000e+05
9.025179774304833719e-04 6.115157631861792564e+09 2.057900000000000000e+05
9.074973105629290538e-04 6.053792477742569923e+09 2.075640000000000000e+05
9.125090296537946523e-04 5.981861860537261963e+09 2.126060000000000000e+05
9.175186939172102389e-04 5.886443895112789154e+09 2.122740000000000000e+05
9.224986905678511694e-04 5.829143850751070976e+09 2.148900000000000000e+05
9.274924624535927026e-04 5.767905936728447914e+09 2.181980000000000000e+05
9.324928335952627385e-04 5.699144868421309471e+09 2.202360000000000000e+05
9.375039204549576004e-04 5.640633056039903641e+09 2.232140000000000000e+05
9.425034583467994508e-04 5.598871377034040451e+09 2.244180000000000000e+05
9.474989721696864013e-04 5.515542212097146034e+09 2.276300000000000000e+05
9.524895254828511827e-04 5.435578971412426949e+09 2.289240000000000000e+05
9.574802681881240804e-04 5.398671658433728218e+09 2.321060000000000000e+05
9.624962833624193257e-04 5.332644595834454536e+09 2.360940000000000000e+05
9.675104318994895728e-04 5.236570902990185738e+09 2.370020000000000000e+05
9.725002275413144066e-04 5.220159969425572395e+09 2.390460000000000000e+05
9.774985816184455015e-04 5.137849110194956779e+09 2.423480000000000000e+05
9.825068621018878852e-04 5.098046045264431000e+09 2.449980000000000000e+05
9.875190170326863127e-04 5.043504636317396164e+09 2.475300000000000000e+05
9.925240666821451025e-04 4.985876018900186539e+09 2.494220000000000000e+05
9.975168728027603449e-04 4.922178646857995033e+09 2.515380000000000000e+05
1.002498483546192774e-03 4.865232531687519073e+09 2.534600000000000000e+05
1.007507368814164472e-03 4.823836723464834213e+09 2.589660000000000000e+05
1.012516908557621912e-03 4.765954060668445587e+09 2.588180000000000000e+05
1.017496516292561767e-03 4.713267709289010048e+09 2.608140000000000000e+05
1.022496034358658188e-03 4.651232457487006187e+09 2.664740000000000000e+05
1.027502009107150380e-03 4.640184502090135574e+09 2.665680000000000000e+05
1.032512362142233055e-03 4.565349930349722862e+09 2.715620000000000000e+05
1.037522337322296971e-03 4.528137971846117973e+09 2.722740000000000000e+05
1.042510798068165120e-03 4.490467495668793678e+09 2.745020000000000000e+05
1.047517333116303184e-03 4.437166548995180130e+09 2.794740000000000000e+05
1.052514647705223710e-03 4.412487396031591415e+09 2.790960000000000000e+05
1.057523631358373234e-03 4.333293800404350281e+09 2.855300000000000000e+05
1.062524879479997963e-03 4.304187154208746910e+09 2.839260000000000000e+05
1.067497744132958745e-03 4.249764996533915997e+09 2.874740000000000000e+05
1.072489619615603872e-03 4.206261632558689594e+09 2.915340000000000000e+05
1.077486792490018816e-03 4.166063530095444202e+09 2.938520000000000000e+05
1.082499556169828946e-03 4.131704523262580872e+09 2.983140000000000000e+05
1.087513991997766938e-03 4.093849022348583698e+09 2.998700000000000000e+05
1.092519960217018873e-03 4.037856228664265633e+09 3.028020000000000000e+05
1.097509357093498636e-03 4.006466889667562962e+09 3.033500000000000000e+05
1.102480182688335463e-03 3.972385292044201851e+09 3.062760000000000000e+05
1.107480798601632619e-03 3.941964800948093414e+09 3.121740000000000000e+05
1.112504075442175564e-03 3.889392687742801189e+09 3.147380000000000000e+05
1.117509620715870450e-03 3.866544920714506149e+09 3.158100000000000000e+05
1.122512617486064656e-03 3.830275999649196148e+09 3.200540000000000000e+05
1.127506223773525008e-03 3.786013596563409328e+09 3.207000000000000000e+05
1.132501283576633480e-03 3.752295876203604698e+09 3.254060000000000000e+05
1.137504369668080988e-03 3.713254141728250027e+09 3.274260000000000000e+05
1.142504976940475914e-03 3.684062681308459282e+09 3.310220000000000000e+05
1.147507102963468565e-03 3.645895063314292431e+09 3.336660000000000000e+05
1.152495130553707076e-03 3.602450437227628708e+09 3.347600000000000000e+05
1.157483625613116383e-03 3.580248485793209553e+09 3.392580000000000000e+05
1.162493043453483770e-03 3.555585397795411587e+09 3.435620000000000000e+05
1.167507440701908263e-03 3.510893462242534161e+09 3.462780000000000000e+05
1.172511411579256349e-03 3.481546888172467709e+09 3.477780000000000000e+05
1.177497805560316808e-03 3.444081512323442459e+09 3.500960000000000000e+05
1.182489387487083978e-03 3.422710150918959618e+09 3.538020000000000000e+05
1.187501768329293945e-03 3.393169529596415043e+09 3.590540000000000000e+05
1.192508671814940160e-03 3.374654346127434254e+09 3.594180000000000000e+05
1.197501076045295182e-03 3.329354112662204266e+09 3.632360000000000000e+05
1.202508998055476074e-03 3.290184933957471371e+09 3.673740000000000000e+05
1.207516992370921607e-03 3.275134219965087414e+09 3.692900000000000000e+05
1.212509127995853135e-03 3.245330275825592518e+09 3.711180000000000000e+05
1.217509720358874413e-03 3.203371065535055637e+09 3.771140000000000000e+05
1.222516395986140460e-03 3.179592149135890484e+09 3.783120000000000000e+05
1.227517943474485188e-03 3.142128143664402008e+09 3.816500000000000000e+05
1.232520121256419155e-03 3.130680807478575230e+09 3.852540000000000000e+05
1.237519327350286927e-03 3.108234180484383106e+09 3.869700000000000000e+05
1.242507592311077038e-03 3.060566403600400448e+09 3.903860000000000000e+05
1.247502859089164333e-03 3.043265157587743282e+09 3.947040000000000000e+05
1.252506553928904066e-03 3.030006371755879879e+09 3.971300000000000000e+05
1.257514381211036853e-03 2.976672910359895229e+09 4.018620000000000000e+05
1.262523576627138603e-03 2.964746408283680916e+09 4.040420000000000000e+05
1.267514313582724208e-03 2.943800115329825878e+09 4.050780000000000000e+05
1.272500735668312486e-03 2.917631465157994747e+09 4.103000000000000000e+05
1.277509465229568217e-03 2.892908687721971035e+09 4.141380000000000000e+05
1.282523775501180239e-03 2.860465965055192471e+09 4.182140000000000000e+05
1.287523398071450421e-03 2.844932262438711166e+09 4.185300000000000000e+05
1.292499606714487582e-03 2.817517722966953278e+09 4.207020000000000000e+05
1.297486614810780450e-03 2.802340646812195301e+09 4.266200000000000000e+05
1.302499352748244825e-03 2.767443680397623539e+09 4.316700000000000000e+05
1.307524640306497940e-03 2.745625429410439014e+09 4.351700000000000000e+05
1.312508418982614002e-03 2.732084226715475082e+09 4.315020000000000000e+05
1.317486216662557344e-03 2.711704405354878426e+09 4.407380000000000000e+05
1.322508001389059891e-03 2.690984736029576302e+09 4.459800000000000000e+05
1.327510293165457900e-03 2.666592502943372726e+09 4.437500000000000000e+05
1.332494338901321542e-03 2.639041662727086544e+09 4.493700000000000000e+05
1.337502643035887086e-03 2.618576772464614868e+09 4.551500000000000000e+05
1.342511636080935978e-03 2.589300904447253227e+09 4.563780000000000000e+05
1.347509248913055522e-03 2.574463368507158279e+09 4.595360000000000000e+05
1.352512070117365198e-03 2.552283927296200752e+09 4.640820000000000000e+05
1.357503473912183073e-03 2.545469625839203835e+09 4.643700000000000000e+05
1.362501821884123379e-03 2.520808739784593582e+09 4.725500000000000000e+05
1.367510703210030520e-03 2.509707381955073833e+09 4.730580000000000000e+05
1.372507472366738196e-03 2.495948494403783798e+09 4.774400000000000000e+05
1.377505295437217447e-03 2.467162508630206108e+09 4.798740000000000000e+05
1.382495855456635295e-03 2.449255674119214535e+09 4.828700000000000000e+05
1.387485486944460382e-03 2.424438051992568016e+09 4.868820000000000000e+05
1.392492917376575694e-03 2.413382299384417057e+09 4.933820000000000000e+05
1.397493902632481431e-03 2.399784622161777973e+09 4.927800000000000000e+05
1.402496144523784254e-03 2.374239460706420898e+09 5.005460000000000000e+05
1.407513479308353634e-03 2.361652649809896946e+09 5.028780000000000000e+05
1.412513429021378109e-03 2.344984221552171230e+09 5.044100000000000000e+05
1.417499023032124401e-03 2.323052001294197083e+09 5.072540000000000000e+05
1.422501003091775594e-03 2.309268697881959915e+09 5.146120000000000000e+05
1.427508029543275020e-03 2.294851107463724613e+09 5.154380000000000000e+05
1.432498392500738005e-03 2.266774644029049397e+09 5.182500000000000000e+05
1.437490463211596936e-03 2.256102565870842457e+09 5.232740000000000000e+05
1.442503920869779663e-03 2.240255026588349819e+09 5.304720000000000000e+05
1.447502874733031918e-03 2.230277900712202549e+09 5.272580000000000000e+05
1.452496282549055285e-03 2.210416974951764107e+09 5.361660000000000000e+05
1.457515120770323152e-03 2.197282137773763657e+09 5.404100000000000000e+05
1.462510082805445859e-03 2.181388613803305626e+09 5.382540000000000000e+05
1.467488141327073174e-03 2.167036958242743015e+09 5.446520000000000000e+05
1.472492632034690151e-03 2.158959508130156994e+09 5.509260000000000000e+05
1.477505920542411012e-03 2.134829449630359411e+09 5.539140000000000000e+05
1.482513672368985331e-03 2.126964122148669481e+09 5.573620000000000000e+05
1.487510643725790819e-03 2.116182689763337135e+09 5.595340000000000000e+05
1.492500287835762940e-03 2.092230037126883984e+09 5.630360000000000000e+05
1.497506338773783125e-03 2.078274983734683514e+09 5.707260000000000000e+05
1.502516034405500982e-03 2.067334936522651911e+09 5.709860000000000000e+05
1.507519658176926505e-03 2.057793827205010891e+09 5.769660000000000000e+05
1.512507717361354304e-03 2.043578529701910973e+09 5.757380000000000000e+05
1.517494831244333656e-03 2.031173114396538258e+09 5.843640000000000000e+05
1.522500843697927909e-03 2.017025600870965719e+09 5.872700000000000000e+05
1.527502953483480782e-03 2.008018804159248590e+09 5.913300000000000000e+05
1.532512336286308676e-03 1.985067311479939699e+09 5.966780000000000000e+05
1.537502851207163618e-03 1.973914245645685434e+09 5.950740000000000000e+05
1.542492567805442329e-03 1.962934719023281813e+09 6.044160000000000000e+05
1.547510412611120389e-03 1.944786693734413624e+09 6.083060000000000000e+05
1.552499935108313201e-03 1.945165532167796612e+09 6.064140000000000000e+05
1.557486490391120793e-03 1.928415458267701864e+09 6.149780000000000000e+05
1.562487313241753923e-03 1.913838959002884626e+09 6.186180000000000000e+05
1.567491990608973606e-03 1.902901285972851038e+09 6.236960000000000000e+05
1.572500129587702444e-03 1.894826140914416075e+09 6.266340000000000000e+05
1.577507163862091125e-03 1.880165722340946674e+09 6.315740000000000000e+05
1.582514093827323874e-03 1.867752769219158173e+09 6.351540000000000000e+05
1.587508798972991344e-03 1.856235112981726408e+09 6.361820000000000000e+05
1.592491195041802286e-03 1.850862585140183449e+09 6.404280000000000000e+05
1.597496192768385354e-03 1.837767289352557421e+09 6.489860000000000000e+05
1.602516865554239403e-03 1.830151246207998037e+09 6.533100000000000000e+05
1.607518390490380537e-03 1.813025741821100950e+09 6.526500000000000000e+05
1.612515703402283380e-03 1.803356290301722288e+09 6.597980000000000000e+05
1.617515287083682272e-03 1.795330234352778912e+09 6.615960000000000000e+05
1.622501787027392627e-03 1.789018586078452587e+09 6.640220000000000000e+05
1.627498329463298666e-03 1.779557607563564301e+09 6.725220000000000000e+05
1.632495472152437239e-03 1.765670995396001577e+09 6.730100000000000000e+05
1.637481739820470820e-03 1.760656864974349499e+09 6.774540000000000000e+05
1.642475513364531669e-03 1.745563801475752354e+09 6.838520000000000000e+05
1.647489146473426948e-03 1.740684477349733353e+09 6.902940000000000000e+05
1.652497040272548484e-03 1.725230690120708227e+09 6.910580000000000000e+05
1.657503334024501042e-03 1.721108628226912498e+09 6.985500000000000000e+05
1.662506151908749695e-03 1.707043807019541740e+09 6.983640000000000000e+05
1.667501456326399897e-03 1.706882183783897161e+09 7.046300000000000000e+05
1.672496583006316062e-03 1.696961813748368263e+09 7.065540000000000000e+05
1.677499558146122033e-03 1.688201623568142891e+09 7.156100000000000000e+05
1.682511651959896475e-03 1.677136239148802042e+09 7.179900000000000000e+05
1.687506739405595637e-03 1.664312644710627079e+09 7.191800000000000000e+05
1.692507627709280600e-03 1.662139652099614620e+09 7.279020000000000000e+05
1.697506666601116205e-03 1.654733538247245550e+09 7.273220000000000000e+05
1.702499719619193124e-03 1.652075905926503181e+09 7.344540000000000000e+05
1.707501506761674448e-03 1.638793603028639317e+09 7.388180000000000000e+05
1.712502804944814440e-03 1.630874658395645857e+09 7.432200000000000000e+05
1.717504679357006753e-03 1.625144747884494305e+09 7.471580000000000000e+05
1.722503099097066502e-03 1.617880869708254576e+09 7.511940000000000000e+05
1.727510951799190704e-03 1.610173527370755196e+09 7.585260000000000000e+05
1.732507792168249934e-03 1.600344061496423960e+09 7.566980000000000000e+05
1.737493954887717835e-03 1.593423307300109863e+09 7.648080000000000000e+05
1.742503253846353723e-03 1.591105884397425652e+09 7.712660000000000000e+05
1.747514553065433653e-03 1.583227808046327591e+09 7.749420000000000000e+05
1.752505460889460616e-03 1.573236130715415478e+09 7.733300000000000000e+05
1.757496498809578813e-03 1.564812819584198236e+09 7.844580000000000000e+05
1.762500730579557098e-03 1.560286510256392241e+09 7.866800000000000000e+05
1.767496459666255924e-03 1.558314896320912838e+09 7.900260000000000000e+05
1.772509148841998209e-03 1.548329996880174160e+09 8.007980000000000000e+05
1.777504156587387000e-03 1.544307628154742479e+09 7.938180000000000000e+05
1.782491527805750691e-03 1.533711420828494310e+09 8.071340000000000000e+05
1.787489976342556894e-03 1.528137408395321369e+09 8.071560000000000000e+05
1.792492189590733651e-03 1.527389532346457481e+09 8.162100000000000000e+05
1.797509557396364177e-03 1.516136776657984257e+09 8.215340000000000000e+05
1.802515613165411000e-03 1.513616984228578568e+09 8.219220000000000000e+05
1.807498029019520992e-03 1.505601303578129768e+09 8.231900000000000000e+05
1.812487525738199932e-03 1.498793998309083223e+09 8.333880000000000000e+05
1.817490911446871266e-03 1.495246822188430786e+09 8.362700000000000000e+05
1.822499355831472788e-03 1.492867463533103466e+09 8.439540000000000000e+05
1.827502512541876725e-03 1.480819533819826841e+09 8.447660000000000000e+05
1.832487861004418635e-03 1.476502357858211279e+09 8.470500000000000000e+05
1.837488162556844473e-03 1.475961459896869183e+09 8.590280000000000000e+05
1.842491799819335899e-03 1.468272250498195887e+09 8.572140000000000000e+05
1.847485663016814467e-03 1.459560800637941360e+09 8.648100000000000000e+05
1.852503985125418225e-03 1.457641964997776031e+09 8.756780000000000000e+05
1.857505428751849092e-03 1.449629214238873243e+09 8.685060000000000000e+05
1.862495854632914821e-03 1.450063013839630365e+09 8.806400000000000000e+05
1.867502906282890798e-03 1.444030454560169220e+09 8.836020000000000000e+05
1.872503186138739159e-03 1.445621353432080984e+09 8.878340000000000000e+05
1.877502785632962409e-03 1.432784972140519381e+09 8.930460000000000000e+05
1.882490485847415152e-03 1.431338592052636623e+09 8.939060000000000000e+05
1.887495568539722130e-03 1.428237841966534615e+09 9.077040000000000000e+05
1.892507913883772130e-03 1.423025042236561775e+09 9.061220000000000000e+05
1.897502405129316942e-03 1.417995848911031008e+09 9.110700000000000000e+05
1.902496604428723917e-03 1.415031271849639893e+09 9.157940000000000000e+05
1.907489196003864240e-03 1.413629155360553026e+09 9.202560000000000000e+05
1.912494963481487995e-03 1.407934873249489069e+09 9.297780000000000000e+05
1.917503284040663475e-03 1.403435646011225700e+09 9.306980000000000000e+05
1.922496452239937656e-03 1.398706278034969568e+09 9.344460000000000000e+05
1.927500090170317787e-03 1.398793298648914814e+09 9.445460000000000000e+05
1.932513895324340560e-03 1.392340921115258217e+09 9.481200000000000000e+05
1.937512032646521946e-03 1.391584751970230103e+09 9.476660000000000000e+05
1.942506621819823590e-03 1.386876360867524862e+09 9.567180000000000000e+05
1.947506082175559433e-03 1.382295323092423439e+09 9.596180000000000000e+05
1.952505106766061916e-03 1.379172028168391705e+09 9.664580000000000000e+05
1.957500323709354499e-03 1.377860628018562555e+09 9.681360000000000000e+05
1.962498178758335411e-03 1.375249135974217892e+09 9.771060000000000000e+05
1.967492722196539923e-03 1.368697109841443777e+09 9.768860000000000000e+05
1.972488585837069066e-03 1.369743276875524521e+09 9.875220000000000000e+05
1.977488471751526200e-03 1.364668526142314196e+09 9.885180000000000000e+05
1.982486977119554857e-03 1.364544164737104177e+09 9.972680000000000000e+05
1.987502497523102075e-03 1.360207483856632233e+09 1.004886000000000000e+06
1.992506444381567359e-03 1.354723056937484264e+09 1.002290000000000000e+06
1.997503304601744301e-03 1.351831792225833416e+09 1.013010000000000000e+06
2.002505852857470320e-03 1.346822661371859074e+09 1.014686000000000000e+06
2.007489293202603144e-03 1.351052665713889837e+09 1.015548000000000000e+06
2.012490997245381351e-03 1.344674023157313347e+09 1.031486000000000000e+06
2.017505349861555258e-03 1.343218698425598383e+09 1.031490000000000000e+06
2.022515234892025004e-03 1.339065606318042517e+09 1.039382000000000000e+06
2.027513541016114605e-03 1.343441151138551712e+09 1.037538000000000000e+06
2.032499302987900072e-03 1.335748800605682373e+09 1.044204000000000000e+06
2.037493765573240682e-03 1.335962491671418667e+09 1.051574000000000000e+06
2.042505994421408514e-03 1.333858791292656183e+09 1.061658000000000000e+06
2.047509650768710495e-03 1.328409366444756985e+09 1.058270000000000000e+06
2.052505229858218871e-03 1.327358469933729172e+09 1.069458000000000000e+06
2.057506433652832572e-03 1.322443731000556946e+09 1.070960000000000000e+06
2.062502966020569005e-03 1.329224987863941908e+09 1.076706000000000000e+06
2.067503231413612714e-03 1.319722873888397694e+09 1.083614000000000000e+06
2.072504101128972136e-03 1.318256340031961441e+09 1.087170000000000000e+06
2.077491600256073032e-03 1.315752843775057077e+09 1.089106000000000000e+06
2.082490263514271377e-03 1.320461380134354591e+09 1.102480000000000000e+06
2.087503857971884612e-03 1.313981342807546616e+09 1.105394000000000000e+06
2.092503523782449169e-03 1.316046192251002550e+09 1.107222000000000000e+06
2.097504492547587820e-03 1.310671732827337742e+09 1.116882000000000000e+06
2.102502685789855909e-03 1.308041622246265411e+09 1.116374000000000000e+06
2.107499979619193581e-03 1.313532774905483246e+09 1.127964000000000000e+06
2.112507311986506955e-03 1.311066604355390072e+09 1.129778000000000000e+06
2.117503876956241312e-03 1.311703545827772379e+09 1.134558000000000000e+06
2.122508680157758187e-03 1.305758861912720919e+09 1.145210000000000000e+06
2.127504488972759532e-03 1.303304963293871880e+09 1.140734000000000000e+06
2.132500433958772843e-03 1.306802874143174887e+09 1.156164000000000000e+06
2.137502910104161630e-03 1.303241365263422251e+09 1.153590000000000000e+06
2.142494920416512100e-03 1.303822030381374836e+09 1.162298000000000000e+06
2.147495797506464212e-03 1.301120591049091816e+09 1.169526000000000000e+06
2.152493281260004984e-03 1.296097000317805767e+09 1.171220000000000000e+06
2.157501000857708472e-03 1.298635426757982731e+09 1.184930000000000000e+06
2.162499849271904123e-03 1.296299614996021509e+09 1.178182000000000000e+06
2.167496516876243288e-03 1.298002668095924854e+09 1.194410000000000000e+06
2.172505527743397082e-03 1.289384493162336588e+09 1.195998000000000000e+06
2.177501961839848309e-03 1.294221810669709444e+09 1.199420000000000000e+06
2.182508532319544451e-03 1.292077015024298429e+09 1.210710000000000000e+06
2.187515849824085788e-03 1.293468463940636396e+09 1.211042000000000000e+06
2.192506726533691597e-03 1.289065439373364210e+09 1.214194000000000000e+06
2.197504094745290470e-03 1.288898129062710047e+09 1.225726000000000000e+06
2.202502770796476404e-03 1.289673032674757957e+09 1.226340000000000000e+06
2.207503329925541297e-03 1.291788452080354214e+09 1.236326000000000000e+06
2.212512203182011392e-03 1.290769223669533968e+09 1.242618000000000000e+06
2.217507929175807548e-03 1.286885149156527281e+09 1.240518000000000000e+06
2.222493197247445672e-03 1.284549490229417801e+09 1.249250000000000000e+06
2.227494841503401685e-03 1.287010003981009722e+09 1.259712000000000000e+06
2.232501328730005473e-03 1.289049913189273119e+09 1.262282000000000000e+06
2.237506766280311990e-03 1.288533779672226906e+09 1.271058000000000000e+06
2.242509427643717048e-03 1.283393398609518051e+09 1.272542000000000000e+06
2.247506460510205733e-03 1.281875447545912981e+09 1.279290000000000000e+06
2.252505562392880661e-03 1.284404256643946409e+09 1.285712000000000000e+06
2.257502161577187166e-03 1.284078034245255947e+09 1.287666000000000000e+06
2.262503212731156819e-03 1.284048038104889631e+09 1.300550000000000000e+06
2.267502286939679715e-03 1.283954353500767469e+09 1.298178000000000000e+06
2.272493847564198942e-03 1.280123893906094551e+09 1.307474000000000000e+06
2.277499853489131035e-03 1.284015248981817484e+09 1.318352000000000000e+06
2.282509250537485129e-03 1.281811609471477270e+09 1.319794000000000000e+06
2.287509396710824417e-03 1.280792746724038363e+09 1.325342000000000000e+06
2.292502871366864162e-03 1.282680867293920755e+09 1.328106000000000000e+06
2.297505065070700164e-03 1.277349468884378672e+09 1.341302000000000000e+06
2.302508786308907294e-03 1.289050391665409327e+09 1.340940000000000000e+06
2.307499957993134222e-03 1.282838439229041576e+09 1.345718000000000000e+06
2.312505654383394550e-03 1.277919331627871513e+09 1.359690000000000000e+06
2.317507310934532362e-03 1.281577042267277718e+09 1.357034000000000000e+06
2.322506709142451581e-03 1.276588823428714991e+09 1.369614000000000000e+06
2.327509541753211911e-03 1.281573130207580566e+09 1.370660000000000000e+06
2.332505374945616564e-03 1.279380550243221998e+09 1.377390000000000000e+06
2.337506616121619047e-03 1.276172481223292112e+09 1.384898000000000000e+06
2.342508673956124072e-03 1.277639270083458185e+09 1.390326000000000000e+06
2.347506018626376988e-03 1.274658445791003227e+09 1.394274000000000000e+06
2.352499870825901923e-03 1.285789478938822031e+09 1.399772000000000000e+06
2.357498782767991456e-03 1.278417112966525555e+09 1.409622000000000000e+06
2.362508788783337834e-03 1.280809806730360985e+09 1.417226000000000000e+06
2.367506917056212343e-03 1.274237150905731440e+09 1.415190000000000000e+06
2.372500013789954464e-03 1.272087554080038786e+09 1.427420000000000000e+06
2.377497088592104256e-03 1.278111231097304583e+09 1.428318000000000000e+06
2.382496827577847403e-03 1.276564685020437717e+09 1.440554000000000000e+06
2.387511779745463657e-03 1.275646553320437908e+09 1.449438000000000000e+06
2.392508820164852487e-03 1.276439882670546770e+09 1.442642000000000000e+06
2.397503282490163687e-03 1.272106534936816692e+09 1.460988000000000000e+06
2.402511216327567374e-03 1.282551567917316198e+09 1.461366000000000000e+06
2.407498949695596573e-03 1.276262741627201557e+09 1.461458000000000000e+06
2.412499243112987014e-03 1.277652684004150629e+09 1.481070000000000000e+06
2.417504393895230242e-03 1.275928847002727747e+09 1.476506000000000000e+06
2.422494076689702628e-03 1.273937392103299379e+09 1.485072000000000000e+06
2.427488246428547922e-03 1.282757732049754381e+09 1.490330000000000000e+06
2.432499879842116124e-03 1.278426781720551729e+09 1.507202000000000000e+06
2.437511100104603270e-03 1.277424064658257008e+09 1.503438000000000000e+06
2.442503065020009290e-03 1.274520157398898125e+09 1.508298000000000000e+06
2.447496594619351113e-03 1.272048597609316111e+09 1.517240000000000000e+06
2.452501603328076461e-03 1.280832397261563778e+09 1.526010000000000000e+06
2.457501519320612077e-03 1.275807774400147676e+09 1.526678000000000000e+06
2.462496317542054933e-03 1.277365072676267624e+09 1.536210000000000000e+06
2.467491836052172847e-03 1.269548616955992460e+09 1.539342000000000000e+06
2.472490089582345812e-03 1.271749006906717300e+09 1.550612000000000000e+06
2.477503036657211812e-03 1.279030089813501358e+09 1.560378000000000000e+06
2.482507375323413090e-03 1.275086773952307463e+09 1.557878000000000000e+06
2.487512241210870605e-03 1.271834222292771578e+09 1.573674000000000000e+06
2.492504956082414614e-03 1.273402090514448404e+09 1.563590000000000000e+06
2.497496904113876738e-03 1.270996743290076017e+09 1.584876000000000000e+06
2.502504372538643610e-03 1.275451568585251570e+09 1.585574000000000000e+06
2.507505525150150513e-03 1.272082038432417870e+09 1.593714000000000000e+06
2.512500825249356241e-03 1.273076258621016741e+09 1.594922000000000000e+06
2.517497824334072407e-03 1.265737968602244854e+09 1.608270000000000000e+06
2.522499474481629863e-03 1.273292424418765068e+09 1.610348000000000000e+06
2.527500862017736504e-03 1.274764766420397043e+09 1.619550000000000000e+06
2.532512651140056588e-03 1.274373432654336214e+09 1.631418000000000000e+06
2.537507431583690271e-03 1.270529308027755022e+09 1.620374000000000000e+06
2.542490765734302469e-03 1.271836809334364891e+09 1.637586000000000000e+06
2.547499813779168561e-03 1.273043173100161552e+09 1.649696000000000000e+06
2.552506535194142435e-03 1.271682819365384340e+09 1.648290000000000000e+06
2.557501373490818786e-03 1.266451852382662773e+09 1.655402000000000000e+06
2.562499360380950542e-03 1.266325358262843847e+09 1.663926000000000000e+06
2.567496710666306026e-03 1.265024510772468805e+09 1.667402000000000000e+06
2.572496721064588317e-03 1.272307211809193134e+09 1.679040000000000000e+06
2.577501644018401379e-03 1.270694376911424637e+09 1.682642000000000000e+06
2.582503434282141380e-03 1.270422054062967777e+09 1.690758000000000000e+06
2.587503148623914936e-03 1.267851365465762615e+09 1.694586000000000000e+06
2.592500545517743143e-03 1.262051738307064056e+09 1.701530000000000000e+06
2.597495523860445920e-03 1.273184580358079910e+09 1.707192000000000000e+06
2.602500801006185204e-03 1.267786701252299309e+09 1.720738000000000000e+06
2.607506554201705681e-03 1.271031025223180771e+09 1.721086000000000000e+06
2.612508499237363620e-03 1.263127589812702179e+09 1.731290000000000000e+06
2.617507339264158253e-03 1.261210265070086718e+09 1.732680000000000000e+06
2.622505127230570932e-03 1.270893517305672407e+09 1.743098000000000000e+06
2.627501312967867736e-03 1.266638887772027731e+09 1.744806000000000000e+06
2.632487566308235744e-03 1.262289948850316763e+09 1.749122000000000000e+06
2.637493667406545263e-03 1.259919380899281979e+09 1.773490000000000000e+06
2.642510768824016861e-03 1.258439711469504595e+09 1.769512000000000000e+06
2.647511775438815117e-03 1.264907013484668493e+09 1.775594000000000000e+06
2.652507618942843721e-03 1.262374080999116659e+09 1.779118000000000000e+06
2.657508418822028106e-03 1.261601690848372459e+09 1.791794000000000000e+06
2.662508154782072204e-03 1.256079063757471323e+09 1.793046000000000000e+06
2.667492253239787687e-03 1.259365663321319818e+09 1.793684000000000000e+06
2.672494484000571477e-03 1.262791587676750422e+09 1.819098000000000000e+06
2.677508364899372321e-03 1.256306594495944977e+09 1.816310000000000000e+06
2.682506120353938921e-03 1.255410323289055824e+09 1.819986000000000000e+06
2.687498127988440563e-03 1.252161705626544952e+09 1.827182000000000000e+06
2.692502825379878423e-03 1.251980123935053110e+09 1.842780000000000000e+06
2.697504717938530115e-03 1.256330083957444429e+09 1.837382000000000000e+06
2.702503131345070000e-03 1.254551828402992725e+09 1.854474000000000000e+06
2.707506238207856800e-03 1.254704917150066853e+09 1.854134000000000000e+06
2.712508687655746775e-03 1.248293792084985018e+09 1.868562000000000000e+06
2.717501234192336735e-03 1.250318665082093716e+09 1.861356000000000000e+06
2.722502946795331280e-03 1.253395296933953047e+09 1.887038000000000000e+06
2.727506943379851435e-03 1.249605886251034975e+09 1.877898000000000000e+06
2.732505059216792584e-03 1.248843953799459696e+09 1.896374000000000000e+06
2.737507032074870238e-03 1.245772011556355000e+09 1.894650000000000000e+06
2.742497321251729202e-03 1.247438697874970675e+09 1.902416000000000000e+06
2.747495435087371485e-03 1.255094193321325541e+09 1.912266000000000000e+06
2.752500107929916479e-03 1.245971214126587629e+09 1.922090000000000000e+06
2.757502152774845075e-03 1.244128848664783716e+09 1.925358000000000000e+06
2.762496294992226962e-03 1.234005793497652292e+09 1.929242000000000000e+06
2.767498097289389399e-03 1.244998014681966305e+09 1.945944000000000000e+06
2.772504123280456877e-03 1.245579250623775721e+09 1.945290000000000000e+06
2.777506558448666982e-03 1.240928256272257328e+09 1.957046000000000000e+06
2.782503890608687032e-03 1.240211455167055130e+09 1.956714000000000000e+06
2.787493472380761072e-03 1.237191139933585644e+09 1.964534000000000000e+06
2.792494423969994928e-03 1.242449986812552691e+09 1.979988000000000000e+06
2.797504618805172170e-03 1.238096407062381029e+09 1.985090000000000000e+06
2.802506727443244278e-03 1.235468737999220371e+09 1.988190000000000000e+06
2.807509569233243140e-03 1.235256694336354017e+09 2.000570000000000000e+06
2.812504766701760198e-03 1.229053732432465553e+09 1.996422000000000000e+06
2.817499072093933039e-03 1.240965000240505457e+09 2.013020000000000000e+06
2.822504513555147612e-03 1.234630577231768370e+09 2.020062000000000000e+06
2.827502534278904505e-03 1.229963871539579391e+09 2.020346000000000000e+06
2.832497913948511283e-03 1.227239266658045053e+09 2.034210000000000000e+06
2.837495552862288710e-03 1.224281056225415945e+09 2.035646000000000000e+06
2.842494965485778662e-03 1.229187861413973093e+09 2.050124000000000000e+06
2.847502142152822519e-03 1.228464277322766066e+09 2.055862000000000000e+06
2.852497360311875667e-03 1.224042510584907055e+09 2.055074000000000000e+06
2.857489824258976994e-03 1.225072285924380541e+09 2.068350000000000000e+06
2.862493043834392088e-03 1.217742879425090075e+09 2.078540000000000000e+06
2.867496801683002729e-03 1.228735497355940580e+09 2.082030000000000000e+06
2.872502479958904086e-03 1.220375330427600861e+09 2.095538000000000000e+06
2.877501930426959627e-03 1.219918938217569113e+09 2.091474000000000000e+06
2.882496681346079833e-03 1.213571791330635548e+09 2.106182000000000000e+06
2.887501083184008076e-03 1.216197062066832304e+09 2.115012000000000000e+06
2.892499539720798200e-03 1.219062189224058628e+09 2.114198000000000000e+06
2.897496764866060084e-03 1.218713820535783768e+09 2.129370000000000000e+06
2.902500859247592480e-03 1.215058869154423475e+09 2.134534000000000000e+06
2.907502629084669516e-03 1.209903877654718161e+09 2.141914000000000000e+06
2.912502067678533323e-03 1.209347471185612440e+09 2.148348000000000000e+06
2.917504283061589810e-03 1.211265666657222509e+09 2.158046000000000000e+06
2.922504971481115852e-03 1.210598412578617811e+09 2.161866000000000000e+06
2.927505645891761467e-03 1.208398345661334753e+09 2.173238000000000000e+06
2.932503399409720508e-03 1.201313378550469398e+09 2.173698000000000000e+06
2.937495779207710545e-03 1.206210256997412205e+09 2.184632000000000000e+06
2.942501262794092187e-03 1.209422943998882771e+09 2.198514000000000000e+06
2.947501306352602081e-03 1.203542198078588963e+09 2.194934000000000000e+06
2.952491038231935642e-03 1.202540684634972334e+09 2.204634000000000000e+06
2.957496203236902998e-03 1.197489473176311255e+09 2.223738000000000000e+06
2.962503265175511335e-03 1.197720470096004009e+09 2.222048000000000000e+06
2.967504664941792748e-03 1.199630906215338945e+09 2.232842000000000000e+06
2.972504963866601929e-03 1.196621446489211798e+09 2.235294000000000000e+06
2.977503889702225789e-03 1.192024955685975790e+09 2.247810000000000000e+06
2.982501507079493661e-03 1.190469384857982159e+09 2.248886000000000000e+06
2.987498284824701474e-03 1.194068780219948769e+09 2.262588000000000000e+06
2.992506699033152789e-03 1.196177580487989426e+09 2.273762000000000000e+06
2.997511571158587452e-03 1.186499066469923973e+09 2.274558000000000000e+06
3.002510273481727183e-03 1.185496812528924227e+09 2.283818000000000000e+06
3.007509818290109507e-03 1.184794278624794245e+09 2.291190000000000000e+06
3.012504067777295111e-03 1.188662840493431091e+09 2.293940000000000000e+06
3.017503853154300184e-03 1.188059699814038277e+09 2.310462000000000000e+06
3.022506894001633897e-03 1.187693930931105852e+09 2.312074000000000000e+06
3.027504306801841183e-03 1.179912487262043715e+09 2.321182000000000000e+06
3.032504283027307856e-03 1.177746917096626759e+09 2.330546000000000000e+06
3.037502971020535330e-03 1.181285743632289171e+09 2.335284000000000000e+06
3.042502391796967146e-03 1.181138889363554478e+09 2.345454000000000000e+06
3.047507755453108137e-03 1.179097863068321466e+09 2.356466000000000000e+06
3.052504798953002436e-03 1.173005047936357021e+09 2.353734000000000000e+06
3.057497045283492400e-03 1.170935332872553587e+09 2.367938000000000000e+06
3.062498016719618181e-03 1.176554268184010267e+09 2.376600000000000000e+06
3.067503056625650419e-03 1.174852732198712111e+09 2.386178000000000000e+06
3.072507130016269815e-03 1.172272373282679796e+09 2.392386000000000000e+06
3.077504819949826356e-03 1.171538952640892982e+09 2.395934000000000000e+06
3.082499381265961774e-03 1.167056207964718580e+09 2.405724000000000000e+06
3.087501025121056585e-03 1.170310915831650019e+09 2.417238000000000000e+06
3.092499931077239035e-03 1.168379542243268013e+09 2.418074000000000000e+06
3.097499594184472543e-03 1.166135209129687548e+09 2.434134000000000000e+06
3.102501724149653133e-03 1.162652088195469141e+09 2.437026000000000000e+06
3.107497745029813314e-03 1.161004952457029581e+09 2.443352000000000000e+06
3.112493979986301340e-03 1.167138974831034660e+09 2.452730000000000000e+06
3.117497884298461603e-03 1.161263723968936443e+09 2.466210000000000000e+06
3.122507749497790714e-03 1.156903418497138262e+09 2.475254000000000000e+06
3.127508561627511188e-03 1.159265056505482912e+09 2.473746000000000000e+06
3.132499239466733729e-03 1.155203729224470139e+09 2.480336000000000000e+06
3.137500498598909220e-03 1.161459406676059008e+09 2.499234000000000000e+06
3.142505488375327023e-03 1.156753449606305838e+09 2.500782000000000000e+06
3.147500180735538639e-03 1.149587489661177397e+09 2.503898000000000000e+06
3.152499591190623812e-03 1.147969821760934830e+09 2.523162000000000000e+06
3.157502427839891952e-03 1.150085141069742203e+09 2.522888000000000000e+06
3.162505312609653358e-03 1.154038334344520092e+09 2.538450000000000000e+06
3.167510713233477604e-03 1.150667712223049402e+09 2.541758000000000000e+06
3.172508148416885217e-03 1.147708522468065500e+09 2.546610000000000000e+06
3.177508192297492495e-03 1.141702736753013372e+09 2.560406000000000000e+06
3.182506532320651411e-03 1.144931372604684830e+09 2.561244000000000000e+06
3.187500122580552708e-03 1.148892652108255148e+09 2.570378000000000000e+06
3.192503394107648173e-03 1.143260403979869604e+09 2.588166000000000000e+06
3.197509216168495719e-03 1.139162910744813204e+09 2.589842000000000000e+06
3.202509101373102272e-03 1.136971272282142878e+09 2.597574000000000000e+06
3.207506311354529991e-03 1.138979131784482956e+09 2.604300000000000000e+06
3.212506181345569159e-03 1.142793577857465982e+09 2.614886000000000000e+06
