# in Mpc/h Units 
# D1 = 1 
# k P N P(z=0)
0.00628319 5.01216e-13 12 5.01216e-13
0.00888577 3.0511e-13 24 3.0511e-13
0.0108828 4.23873e-14 16 4.23873e-14
0.0125664 3.5974e-12 12 3.5974e-12
0.0140496 4.06079e-12 48 4.06079e-12
0.0153906 1.80465e-12 48 1.80465e-12
0.0177715 4.87887e-12 24 4.87887e-12
0.0188496 1.77551e-11 60 1.77551e-11
0.0198692 1.79949e-11 48 1.79949e-11
0.020839 2.20971e-11 48 2.20971e-11
0.0217656 8.10639e-13 16 8.10639e-13
0.0226543 2.97303e-11 48 2.97303e-11
0.0235095 1.68161e-11 96 1.68161e-11
0.0251327 5.50397e-11 12 5.50397e-11
0.0259062 3.63347e-11 96 3.63347e-11
0.0266573 6.61812e-11 72 6.61812e-11
0.0273878 1.47125e-11 48 1.47125e-11
0.0280993 9.8018e-11 48 9.8018e-11
0.0287932 6.34833e-11 96 6.34833e-11
0.0294708 9.35453e-12 48 9.35453e-12
0.0307812 7.68725e-11 48 7.68725e-11
0.0314159 7.68928e-11 60 7.68928e-11
0.0320381 1.09533e-10 144 1.09533e-10
0.0326484 1.38156e-10 64 1.38156e-10
0.033836 7.97695e-11 144 7.97695e-11
0.0344144 1.83534e-10 96 1.83534e-10
0.0355431 1.28918e-10 24 1.28918e-10
0.0360942 1.35197e-10 96 1.35197e-10
0.036637 5.83223e-11 96 5.83223e-11
0.0371718 1.41273e-10 96 1.41273e-10
0.0376991 7.55406e-11 60 7.55406e-11
0.0382191 3.12602e-10 48 3.12602e-10
0.0387322 1.59179e-10 144 1.59179e-10
0.0397384 2.17074e-10 48 2.17074e-10
0.040232 3.54456e-10 192 3.54456e-10
0.0407197 1.78957e-10 96 1.78957e-10
0.0412016 6.86295e-11 48 6.86295e-11
0.0416779 3.65985e-10 48 3.65985e-10
0.0421489 2.3656e-10 144 2.3656e-10
0.0426146 3.99202e-10 96 3.99202e-10
0.0435312 1.05082e-11 16 1.05082e-11
0.0439823 2.88446e-10 108 2.88446e-10
0.0444288 3.47792e-10 168 3.47792e-10
0.0448709 5.03722e-10 96 5.03722e-10
0.0453087 4.53837e-10 48 4.53837e-10
0.0457423 4.21173e-10 144 4.21173e-10
0.0461718 5.523e-10 192 5.523e-10
0.0470191 3.18212e-10 96 3.18212e-10
0.047437 3.56094e-10 96 3.56094e-10
0.0478513 6.2755e-10 48 6.2755e-10
0.0482621 5.63845e-10 144 5.63845e-10
0.0490732 2.52e-10 144 2.52e-10
0.0494739 4.91509e-10 192 4.91509e-10
0.0502655 1.26511e-09 12 1.26511e-09
0.0506567 6.9631e-10 192 6.9631e-10
0.0510448 7.26096e-10 192 7.26096e-10
0.0514301 6.31483e-10 48 6.31483e-10
0.0518125 7.55918e-10 96 7.55918e-10
0.0521921 7.9803e-10 192 7.9803e-10
0.0525689 2.20039e-10 96 2.20039e-10
0.0533146 1.2206e-09 72 1.2206e-09
0.0536836 9.16107e-10 96 9.16107e-10
0.05405 8.73377e-10 240 8.73377e-10
0.054414 4.05236e-10 112 4.05236e-10
0.0547755 2.76588e-10 48 2.76588e-10
0.0551347 5.60783e-10 192 5.60783e-10
0.0554916 5.48614e-10 96 5.48614e-10
0.0561985 1.48841e-09 48 1.48841e-09
0.0565487 6.62411e-10 204 6.62411e-10
0.0568967 1.40186e-09 96 1.40186e-09
0.0572425 1.10712e-09 144 1.10712e-09
0.0575863 9.66731e-10 96 9.66731e-10
0.0579281 1.18257e-09 96 1.18257e-09
0.0582679 1.59004e-09 240 1.59004e-09
0.0589415 1.85348e-10 48 1.85348e-10
0.0592755 1.18844e-09 288 1.18844e-09
0.0596075 7.76269e-10 240 7.76269e-10
0.0599378 3.25715e-09 96 3.25715e-09
0.0605928 6.442e-10 96 6.442e-10
0.0609177 1.1428e-09 192 1.1428e-09
0.0615624 8.9876e-10 48 8.9876e-10
0.0618822 7.69149e-10 96 7.69149e-10
0.0622004 1.44289e-09 216 1.44289e-09
0.0625169 9.73044e-10 144 9.73044e-10
0.0628319 1.9372e-09 60 1.9372e-09
0.0631452 1.78559e-09 336 1.78559e-09
0.0634571 2.18663e-09 96 2.18663e-09
0.0640762 1.9542e-09 144 1.9542e-09
0.0643835 1.77906e-09 192 1.77906e-09
0.0646894 1.43324e-09 144 1.43324e-09
0.0649938 1.67084e-09 144 1.67084e-09
0.0652968 1.67693e-09 64 1.67693e-09
0.0655984 2.26534e-09 144 2.26534e-09
0.0658986 1.9683e-09 288 1.9683e-09
0.0667912 2.27555e-09 192 2.27555e-09
0.0670861 8.89006e-10 192 8.89006e-10
0.0673797 1.64404e-09 96 1.64404e-09
0.067672 1.68846e-09 144 1.68846e-09
0.067963 1.71958e-09 240 1.71958e-09
0.0682529 2.0431e-09 144 2.0431e-09
0.0688288 1.805e-09 96 1.805e-09
0.069115 1.06857e-09 156 1.06857e-09
0.0694001 2.11974e-09 240 2.11974e-09
0.0696839 1.63075e-09 96 1.63075e-09
0.0702481 2.52146e-09 288 2.52146e-09
0.0705286 2.7483e-09 288 2.7483e-09
0.0710861 6.35625e-10 24 6.35625e-10
0.0713633 2.25197e-09 288 2.25197e-09
0.0716393 4.04673e-09 96 4.04673e-09
0.0719926 2.61161e-09 336 2.61161e-09
0.0724612 1.97579e-09 96 1.97579e-09
0.0727331 2.54355e-09 336 2.54355e-09
0.0734532 2.11393e-09 288 2.11393e-09
0.0738107 2.38685e-09 192 2.38685e-09
0.0740777 2.96289e-09 144 2.96289e-09
0.0743437 1.49548e-09 96 1.49548e-09
0.0746967 2.49836e-09 288 2.49836e-09
0.0753982 8.66847e-10 60 8.66847e-10
0.0758332 3.68536e-09 576 3.68536e-09
0.0761796 2.54793e-09 112 2.54793e-09
0.0766638 2.95586e-09 384 2.95586e-09
0.076953 2.67603e-09 240 2.67603e-09
0.0776339 3.26554e-09 432 3.26554e-09
0.0779723 3.2254e-09 192 3.2254e-09
0.078225 2.66487e-09 192 2.66487e-09
0.0787281 6.26725e-09 144 6.26725e-09
0.0789784 3.10134e-09 192 3.10134e-09
0.0794767 5.49265e-09 48 5.49265e-09
0.0798137 3.51745e-09 600 3.51745e-09
0.0802183 2.04909e-09 48 2.04909e-09
0.0805865 3.44829e-09 384 3.44829e-09
0.0809532 3.35889e-09 240 3.35889e-09
0.0814394 2.67408e-09 96 2.67408e-09
0.0818379 4.77888e-09 444 4.77888e-09
0.0821633 3.64569e-09 240 3.64569e-09
0.0826125 4.99704e-09 384 4.99704e-09
0.0828809 4.96171e-09 288 4.96171e-09
0.0833559 2.82845e-09 48 2.82845e-09
0.0837495 5.26056e-09 288 5.26056e-09
0.0840633 4.21528e-09 240 4.21528e-09
0.0844439 3.54483e-09 384 3.54483e-09
0.0847648 3.91032e-09 288 3.91032e-09
0.0852293 4.14523e-09 96 4.14523e-09
0.0855594 5.02069e-09 672 5.02069e-09
0.0859213 4.43032e-09 96 4.43032e-09
0.0864252 4.64664e-09 480 4.64664e-09
0.0870624 1.83629e-10 16 1.83629e-10
0.0872888 3.23608e-09 96 3.23608e-09
0.087579 5.18164e-09 672 5.18164e-09
0.0881192 4.66863e-09 348 4.66863e-09
0.0884123 4.96681e-09 240 4.96681e-09
0.0889978 6.77125e-09 456 6.77125e-09
0.089427 5.95826e-09 336 5.95826e-09
0.0898883 7.99484e-09 288 7.99484e-09
0.0901807 6.30883e-09 480 6.30883e-09
0.0906174 5.17053e-09 48 5.17053e-09
0.090897 5.89221e-09 672 5.89221e-09
0.0913765 4.93939e-09 288 4.93939e-09
0.0917922 7.4876e-09 336 7.4876e-09
0.0923436 6.91005e-09 192 6.91005e-09
0.0926754 4.07807e-09 432 4.07807e-09
0.0932651 6.59532e-09 576 6.59532e-09
0.0936174 9.16286e-09 288 9.16286e-09
0.0941969 4.98414e-09 396 4.98414e-09
0.094573 7.12904e-09 432 7.12904e-09
0.0950225 9.60292e-09 336 9.60292e-09
0.0952892 7.84804e-09 480 7.84804e-09
0.0958792 1.14854e-08 336 1.14854e-08
0.0962314 8.69508e-09 672 8.69508e-09
0.0968099 6.92712e-09 480 6.92712e-09
0.097638 9.18759e-09 552 9.18759e-09
0.0981837 8.55645e-09 688 8.55645e-09
0.0985479 6.56598e-09 288 6.56598e-09
0.0990673 6.67754e-09 480 6.67754e-09
0.0994528 9.46912e-09 624 9.46912e-09
0.100098 8.42351e-09 480 8.42351e-09
0.100531 1.96422e-08 12 1.96422e-08
0.100874 9.35887e-09 768 9.35887e-09
0.101448 1.10666e-08 624 1.10666e-08
0.101924 8.60988e-09 336 8.60988e-09
0.102421 1.21627e-08 672 1.21627e-08
0.102983 1.17245e-08 672 1.17245e-08
0.103243 8.51147e-09 384 8.51147e-09
0.103879 1.15984e-08 576 1.15984e-08
0.104279 1.24916e-08 432 1.24916e-08
0.104705 8.77519e-09 480 8.77519e-09
0.105349 1.13596e-08 768 1.13596e-08
0.1057 9.93479e-09 144 9.93479e-09
0.106152 1.09598e-08 672 1.09598e-08
0.106914 1.16922e-08 756 1.16922e-08
0.107244 1.24567e-08 288 1.24567e-08
0.107631 1.19512e-08 768 1.19512e-08
0.10826 1.38501e-08 768 1.38501e-08
0.108777 1.19806e-08 688 1.19806e-08
0.10919 1.07683e-08 288 1.07683e-08
0.109816 1.48228e-08 912 1.48228e-08
0.110311 1.43642e-08 624 1.43642e-08
0.110746 9.07878e-09 288 9.07878e-09
0.111354 1.43265e-08 1104 1.43265e-08
0.111965 1.49692e-08 528 1.49692e-08
0.112557 1.42867e-08 528 1.42867e-08
0.112926 1.3831e-08 588 1.3831e-08
0.113378 1.44768e-08 864 1.44768e-08
0.113986 1.94461e-08 864 1.94461e-08
0.114516 1.14578e-08 528 1.14578e-08
0.114915 2.71584e-08 384 2.71584e-08
0.115567 1.70848e-08 936 1.70848e-08
0.116093 1.72055e-08 1104 1.72055e-08
0.116705 1.49939e-08 672 1.49939e-08
0.117239 1.97768e-08 576 1.97768e-08
0.117777 1.49412e-08 912 1.49412e-08
0.118366 1.54934e-08 864 1.54934e-08
0.118788 1.97442e-08 336 1.97442e-08
0.119469 2.04402e-08 1132 2.04402e-08
0.120077 2.32468e-08 864 2.32468e-08
0.120751 1.76599e-08 864 1.76599e-08
0.121153 1.72662e-08 720 1.72662e-08
0.121711 2.08236e-08 1248 2.08236e-08
0.122203 2.56163e-08 528 2.56163e-08
0.122718 1.93186e-08 720 1.93186e-08
0.123453 2.66594e-08 912 2.66594e-08
0.123969 2.05659e-08 1008 2.05659e-08
0.12467 1.78844e-08 1128 1.78844e-08
0.12526 2.36386e-08 768 2.36386e-08
0.125876 2.42212e-08 924 2.42212e-08
0.126429 2.46038e-08 1248 2.46038e-08
0.127121 2.51464e-08 864 2.51464e-08
0.127677 2.79924e-08 1248 2.79924e-08
0.128318 2.38963e-08 624 2.38963e-08
0.128807 2.26922e-08 1104 2.26922e-08
0.129504 2.77717e-08 816 2.77717e-08
0.129878 2.65992e-08 1200 2.65992e-08
0.130701 2.54758e-08 1216 2.54758e-08
0.131297 2.27639e-08 1008 2.27639e-08
0.131933 2.74148e-08 1020 2.74148e-08
0.13258 3.06577e-08 1200 3.06577e-08
0.133214 3.00743e-08 984 3.00743e-08
0.133672 3.44852e-08 1104 3.44852e-08
0.134446 2.75808e-08 1392 2.75808e-08
0.13492 3.28137e-08 1008 3.28137e-08
0.135589 3.60596e-08 1056 3.60596e-08
0.136149 2.86876e-08 1248 2.86876e-08
0.136788 3.26479e-08 1008 3.26479e-08
0.137489 3.42422e-08 1104 3.42422e-08
0.138157 3.1946e-08 1308 3.1946e-08
0.138792 3.24234e-08 1680 3.24234e-08
0.139482 3.8539e-08 1488 3.8539e-08
0.140148 4.05324e-08 912 4.05324e-08
0.140735 4.77129e-08 1296 4.77129e-08
0.141506 3.71172e-08 1792 3.71172e-08
0.142105 3.61587e-08 792 3.61587e-08
0.142726 2.99863e-08 1632 2.99863e-08
0.14348 3.47085e-08 1344 3.47085e-08
0.144008 3.9375e-08 1104 3.9375e-08
0.14474 3.96717e-08 1788 3.96717e-08
0.145447 4.8996e-08 1344 4.8996e-08
0.146112 4.86097e-08 1248 4.86097e-08
0.146784 4.1374e-08 1776 4.1374e-08
0.147376 4.21986e-08 1440 4.21986e-08
0.148179 4.63447e-08 1872 4.63447e-08
0.148977 4.19238e-08 1296 4.19238e-08
0.149637 4.51502e-08 1872 4.51502e-08
0.150285 4.73345e-08 1392 4.73345e-08
0.151106 5.50287e-08 1236 5.50287e-08
0.151697 4.96324e-08 2016 4.96324e-08
0.15237 5.35773e-08 1744 5.35773e-08
0.153147 4.91401e-08 1920 4.91401e-08
0.153934 5.68831e-08 1776 5.68831e-08
0.154569 4.52433e-08 1296 4.52433e-08
0.155288 5.64013e-08 1680 5.64013e-08
0.155941 5.30505e-08 1824 5.30505e-08
0.156682 4.08647e-08 1548 4.08647e-08
0.157451 6.25087e-08 2544 6.25087e-08
0.158249 6.12988e-08 1824 6.12988e-08
0.159019 6.97807e-08 1728 6.97807e-08
0.159745 5.69379e-08 1848 5.69379e-08
0.160428 6.27234e-08 2160 6.27234e-08
0.161255 6.32203e-08 2016 6.32203e-08
0.161989 5.32746e-08 2256 5.32746e-08
0.162879 5.88303e-08 1536 5.88303e-08
0.1635 6.49715e-08 2092 6.49715e-08
0.164304 6.75069e-08 2304 6.75069e-08
0.16512 7.78883e-08 2544 7.78883e-08
0.165918 6.53442e-08 1824 6.53442e-08
0.166638 7.16357e-08 2400 7.16357e-08
0.167465 7.06137e-08 2160 7.06137e-08
0.1681 6.63483e-08 1680 6.63483e-08
0.169017 7.5684e-08 2664 7.5684e-08
0.169783 7.67408e-08 2124 7.67408e-08
0.170536 7.80737e-08 2640 7.80737e-08
0.17142 9.27625e-08 2496 9.27625e-08
0.172167 8.09674e-08 2208 8.09674e-08
0.173001 8.19759e-08 2784 8.19759e-08
0.173739 8.56644e-08 1552 8.56644e-08
0.174601 7.96776e-08 3456 7.96776e-08
0.175449 8.91351e-08 2448 8.91351e-08
0.17633 9.05497e-08 2508 9.05497e-08
0.177179 1.00649e-07 2736 1.00649e-07
0.177982 9.53153e-08 2472 9.53153e-08
0.178748 9.27713e-08 3216 9.27713e-08
0.179662 1.01173e-07 2016 1.01173e-07
0.180329 9.30939e-08 2976 9.30939e-08
0.181298 9.87147e-08 2880 9.87147e-08
0.182161 8.61289e-08 2316 8.61289e-08
0.182962 1.14009e-07 3648 1.14009e-07
0.183819 1.13114e-07 2928 1.13114e-07
0.184763 1.03525e-07 2896 1.03525e-07
0.18557 1.10983e-07 3120 1.10983e-07
0.186484 1.07782e-07 2856 1.07782e-07
0.187347 9.96604e-08 3360 9.96604e-08
0.188277 1.10599e-07 2988 1.10599e-07
0.189164 1.25547e-07 3888 1.25547e-07
0.190083 1.14696e-07 2736 1.14696e-07
0.190912 1.38645e-07 3168 1.38645e-07
0.191791 1.27087e-07 3552 1.27087e-07
0.192627 1.2556e-07 2880 1.2556e-07
0.19355 1.22538e-07 3936 1.22538e-07
0.194476 1.44598e-07 2748 1.44598e-07
0.195383 1.40832e-07 4200 1.40832e-07
0.196314 1.4023e-07 3280 1.4023e-07
0.19731 1.37434e-07 4992 1.37434e-07
0.198246 1.2731e-07 2496 1.2731e-07
0.198969 1.56182e-07 3024 1.56182e-07
0.200004 1.38396e-07 4560 1.38396e-07
0.200981 1.5491e-07 3852 1.5491e-07
0.201907 1.60767e-07 4128 1.60767e-07
0.202923 1.64496e-07 3840 1.64496e-07
0.203766 1.63725e-07 3888 1.63725e-07
0.204817 1.59623e-07 4344 1.59623e-07
0.205802 1.60446e-07 4512 1.60446e-07
0.206744 1.53381e-07 3472 1.53381e-07
0.207695 1.70111e-07 4188 1.70111e-07
0.208661 1.97286e-07 4656 1.97286e-07
0.209635 1.80815e-07 4512 1.80815e-07
0.210605 1.69082e-07 3840 1.69082e-07
0.211552 1.76949e-07 5040 1.76949e-07
0.212598 2.03762e-07 4176 2.03762e-07
0.213716 1.98347e-07 5268 1.98347e-07
0.214685 2.10674e-07 4656 2.10674e-07
0.215636 1.9273e-07 4608 1.9273e-07
0.2167 2.20762e-07 5136 2.20762e-07
0.217712 1.99434e-07 4048 1.99434e-07
0.21856 1.86217e-07 4704 1.86217e-07
0.21964 2.13068e-07 5436 2.13068e-07
0.220689 2.29693e-07 5040 2.29693e-07
0.221792 2.20914e-07 5544 2.20914e-07
0.222806 2.26278e-07 5280 2.26278e-07
0.223891 2.20443e-07 5760 2.20443e-07
0.224992 2.21499e-07 4896 2.21499e-07
0.225967 2.55932e-07 4956 2.55932e-07
0.226978 2.58966e-07 5808 2.58966e-07
0.228073 2.81185e-07 5632 2.81185e-07
0.229091 2.45918e-07 6048 2.45918e-07
0.230305 2.51678e-07 5904 2.51678e-07
0.231358 2.78209e-07 5592 2.78209e-07
0.232405 2.57924e-07 5964 2.57924e-07
0.23355 2.8663e-07 6624 2.8663e-07
0.234601 2.89366e-07 5376 2.89366e-07
0.235688 2.84201e-07 6288 2.84201e-07
0.236855 2.83441e-07 7344 2.83441e-07
0.237877 2.92103e-07 4656 2.92103e-07
0.239086 3.18201e-07 8092 3.18201e-07
0.240233 3.0965e-07 5688 3.0965e-07
0.241291 3.14942e-07 7200 3.14942e-07
0.242431 3.16816e-07 6528 3.16816e-07
0.243572 3.06436e-07 6576 3.06436e-07
0.244685 3.34718e-07 6396 3.34718e-07
0.245798 3.39781e-07 7728 3.39781e-07
0.246976 3.60235e-07 6912 3.60235e-07
0.248127 3.64016e-07 7488 3.64016e-07
0.24936 3.53294e-07 7752 3.53294e-07
0.250523 3.70976e-07 6784 3.70976e-07
0.251669 3.82878e-07 7836 3.82878e-07
0.252872 4.1157e-07 7728 4.1157e-07
0.254083 3.78806e-07 8208 3.78806e-07
0.255199 4.06737e-07 6960 4.06737e-07
0.256387 4.04147e-07 8160 4.04147e-07
0.257664 4.02206e-07 8340 4.02206e-07
0.258855 4.28359e-07 8352 4.28359e-07
0.26008 4.37761e-07 9120 4.37761e-07
0.261336 4.28427e-07 7312 4.28427e-07
0.262469 4.12894e-07 8688 4.12894e-07
0.263809 4.35269e-07 9660 4.35269e-07
0.265071 4.8456e-07 8832 4.8456e-07
0.266256 4.90966e-07 7752 4.90966e-07
0.267421 4.57626e-07 9504 4.57626e-07
0.268761 4.81634e-07 9936 4.81634e-07
0.2701 5.04475e-07 8988 5.04475e-07
0.27124 5.30001e-07 8400 5.30001e-07
0.272568 5.06498e-07 11584 5.06498e-07
0.273851 5.29149e-07 8448 5.29149e-07
0.275155 5.20151e-07 10440 5.20151e-07
0.276427 5.32752e-07 9180 5.32752e-07
0.277657 5.77222e-07 10656 5.77222e-07
0.27902 5.58862e-07 10608 5.58862e-07
0.280352 5.3653e-07 10080 5.3653e-07
0.281565 5.74984e-07 9840 5.74984e-07
0.282918 6.04611e-07 11500 6.04611e-07
0.284302 6.10224e-07 10776 6.10224e-07
0.285589 5.86456e-07 11568 5.86456e-07
0.286971 6.26293e-07 10800 6.26293e-07
0.288304 5.98656e-07 11280 5.98656e-07
0.289695 6.67599e-07 11868 6.67599e-07
0.291035 6.62242e-07 12240 6.62242e-07
0.292425 6.97936e-07 11088 6.97936e-07
0.293779 6.75053e-07 12328 6.75053e-07
0.295153 6.87397e-07 11676 6.87397e-07
0.296461 7.65721e-07 12288 7.65721e-07
0.297907 6.88787e-07 12576 6.88787e-07
0.299258 7.37086e-07 13152 7.37086e-07
0.300748 7.54149e-07 13008 7.54149e-07
0.302188 7.66313e-07 13188 7.66313e-07
0.30361 7.67072e-07 14016 7.67072e-07
0.305003 7.88245e-07 12400 7.88245e-07
0.306412 7.74647e-07 13536 7.74647e-07
0.307876 8.58046e-07 14364 8.58046e-07
0.309298 8.63209e-07 13728 8.63209e-07
0.310761 8.42015e-07 14616 8.42015e-07
0.312204 8.80272e-07 13488 8.80272e-07
0.313652 8.53908e-07 15372 8.53908e-07
0.315175 9.10507e-07 14560 9.10507e-07
0.31662 9.01408e-07 15840 9.01408e-07
0.318151 9.34943e-07 15120 9.34943e-07
0.319599 9.13482e-07 13896 9.13482e-07
0.321058 9.67441e-07 16860 9.67441e-07
0.322645 1.00643e-06 16656 1.00643e-06
0.324166 1.00199e-06 15648 1.00199e-06
0.32568 1.02407e-06 16320 1.02407e-06
0.327167 1.05353e-06 16060 1.05353e-06
0.328774 1.08968e-06 18744 1.08968e-06
0.330313 1.07313e-06 15936 1.07313e-06
0.331826 1.13871e-06 17136 1.13871e-06
0.333427 1.12875e-06 17868 1.12875e-06
0.334947 1.1688e-06 17904 1.1688e-06
0.336524 1.17052e-06 17760 1.17052e-06
0.338146 1.12421e-06 19096 1.12421e-06
0.339739 1.21587e-06 18252 1.21587e-06
0.341313 1.23041e-06 18768 1.23041e-06
0.342874 1.2454e-06 18576 1.2454e-06
0.344468 1.25017e-06 19584 1.25017e-06
0.346116 1.3546e-06 19140 1.3546e-06
0.34771 1.37429e-06 20752 1.37429e-06
0.349362 1.37918e-06 20304 1.37918e-06
0.351033 1.34327e-06 19920 1.34327e-06
0.352646 1.37761e-06 21564 1.37761e-06
0.354377 1.45849e-06 21984 1.45849e-06
0.356063 1.41735e-06 20904 1.41735e-06
0.357696 1.44187e-06 21612 1.44187e-06
0.359426 1.53596e-06 22624 1.53596e-06
0.361079 1.51497e-06 22224 1.51497e-06
0.362754 1.54924e-06 21696 1.54924e-06
0.364449 1.63116e-06 22788 1.63116e-06
0.366133 1.64755e-06 23904 1.64755e-06
0.367846 1.69239e-06 22704 1.69239e-06
0.369601 1.63321e-06 25168 1.63321e-06
0.371397 1.72057e-06 24780 1.72057e-06
0.373143 1.73596e-06 24504 1.73596e-06
0.374848 1.7327e-06 24480 1.7327e-06
0.37663 1.83729e-06 24972 1.83729e-06
0.378363 1.85318e-06 26160 1.85318e-06
0.380139 1.8999e-06 25936 1.8999e-06
0.381916 1.84026e-06 25224 1.84026e-06
0.38369 1.95934e-06 27948 1.95934e-06
0.385541 1.93181e-06 27888 1.93181e-06
0.387327 2.03051e-06 25680 2.03051e-06
0.3891 1.96968e-06 28716 1.96968e-06
0.390994 2.15698e-06 29176 2.15698e-06
0.392843 2.09357e-06 29376 2.09357e-06
0.394661 2.11482e-06 27120 2.11482e-06
0.396505 2.21286e-06 31164 2.21286e-06
0.398367 2.2574e-06 29088 2.2574e-06
0.400233 2.17711e-06 30840 2.17711e-06
0.402152 2.33359e-06 31228 2.33359e-06
0.40399 2.3608e-06 29760 2.3608e-06
0.405874 2.36023e-06 33456 2.36023e-06
0.407843 2.41794e-06 31380 2.41794e-06
0.409716 2.542e-06 32496 2.542e-06
0.411602 2.55864e-06 33168 2.55864e-06
0.413596 2.50143e-06 33808 2.50143e-06
0.415548 2.66044e-06 34860 2.66044e-06
0.417499 2.64825e-06 33816 2.64825e-06
0.419429 2.67561e-06 35280 2.67561e-06
0.421439 2.78788e-06 35100 2.78788e-06
0.4234 2.81297e-06 37392 2.81297e-06
0.425408 2.76532e-06 35584 2.76532e-06
0.42739 2.87211e-06 36276 2.87211e-06
0.42937 2.91627e-06 38784 2.91627e-06
0.431414 2.96397e-06 37536 2.96397e-06
0.433421 3.01836e-06 38076 3.01836e-06
0.435438 3.11758e-06 38920 3.11758e-06
0.437444 3.10228e-06 39984 3.10228e-06
0.4396 3.21968e-06 42348 3.21968e-06
0.441671 3.25116e-06 40080 3.25116e-06
0.443727 3.35984e-06 41256 3.35984e-06
0.445802 3.39839e-06 41596 3.39839e-06
0.447878 3.45994e-06 42960 3.45994e-06
0.449991 3.36004e-06 43584 3.36004e-06
0.452114 3.55873e-06 42828 3.55873e-06
0.454235 3.64943e-06 46200 3.64943e-06
0.456374 3.69921e-06 43984 3.69921e-06
0.458534 3.67911e-06 46812 3.67911e-06
0.460666 3.84451e-06 45072 3.84451e-06
0.46284 3.82262e-06 48696 3.82262e-06
0.465042 4.00736e-06 47196 4.00736e-06
0.467214 4.09265e-06 48448 4.09265e-06
0.469406 4.03954e-06 49296 4.03954e-06
0.471626 4.23351e-06 49236 4.23351e-06
0.473743 4.28076e-06 48384 4.28076e-06
0.475977 4.16261e-06 52416 4.16261e-06
0.478226 4.5529e-06 51580 4.5529e-06
0.480485 4.53958e-06 53832 4.53958e-06
0.482752 4.46709e-06 52428 4.46709e-06
0.485019 4.69207e-06 55056 4.69207e-06
0.487306 4.66389e-06 55440 4.66389e-06
0.48961 4.78647e-06 54244 4.78647e-06
0.491868 4.93747e-06 57264 4.93747e-06
0.494198 4.801e-06 57360 4.801e-06
0.496522 5.02461e-06 57444 5.02461e-06
0.498833 5.1771e-06 60000 5.1771e-06
0.501204 5.14427e-06 58816 5.14427e-06
0.50355 5.40213e-06 61356 5.40213e-06
0.505916 5.3175e-06 61320 5.3175e-06
0.508313 5.46115e-06 62988 5.46115e-06
0.510704 5.69709e-06 62896 5.69709e-06
0.513084 5.53394e-06 64320 5.53394e-06
0.515543 5.76226e-06 66180 5.76226e-06
0.51795 6.08329e-06 65328 6.08329e-06
0.520364 5.87194e-06 65436 5.87194e-06
0.522793 6.13674e-06 68944 6.13674e-06
0.52526 6.16798e-06 68520 6.16798e-06
0.527713 6.30004e-06 68604 6.30004e-06
0.530156 6.36191e-06 70944 6.36191e-06
0.532669 6.44218e-06 72040 6.44218e-06
0.535188 6.61244e-06 73884 6.61244e-06
0.5377 6.65387e-06 72720 6.65387e-06
0.540241 6.82525e-06 76332 6.82525e-06
0.542756 6.97402e-06 73608 6.97402e-06
0.545284 6.94944e-06 77728 6.94944e-06
0.54787 7.21997e-06 78732 7.21997e-06
0.550466 7.2653e-06 80136 7.2653e-06
0.553028 7.3731e-06 77820 7.3731e-06
0.555606 7.49242e-06 82720 7.49242e-06
0.558224 7.64559e-06 81564 7.64559e-06
0.56083 7.76151e-06 84408 7.76151e-06
0.56345 7.95917e-06 83088 7.95917e-06
0.566114 8.18776e-06 89020 8.18776e-06
0.568794 8.13263e-06 85896 8.13263e-06
0.57145 8.37417e-06 88956 8.37417e-06
0.574166 8.32856e-06 92064 8.32856e-06
0.576877 8.55763e-06 88804 8.55763e-06
0.57954 8.84445e-06 92640 8.84445e-06
0.582264 8.7947e-06 93696 8.7947e-06
0.585017 9.17309e-06 95628 9.17309e-06
0.587762 8.96525e-06 96520 8.96525e-06
0.590569 9.43019e-06 99516 9.43019e-06
0.593327 9.47764e-06 98064 9.47764e-06
0.596104 9.44191e-06 99540 9.44191e-06
0.598885 9.76903e-06 102112 9.76903e-06
0.601688 9.87291e-06 103008 9.87291e-06
0.60453 1.00437e-05 105732 1.00437e-05
0.607362 1.02862e-05 105696 1.02862e-05
0.610229 1.04632e-05 109084 1.04632e-05
0.613094 1.04565e-05 108552 1.04565e-05
0.615957 1.0803e-05 110124 1.0803e-05
0.618839 1.08032e-05 113136 1.08032e-05
0.62177 1.0968e-05 114532 1.0968e-05
0.624688 1.12068e-05 116112 1.12068e-05
0.627616 1.1259e-05 115500 1.1259e-05
0.630554 1.14311e-05 120760 1.14311e-05
0.633541 1.17835e-05 120780 1.17835e-05
0.63652 1.19069e-05 123216 1.19069e-05
0.639512 1.21755e-05 122724 1.21755e-05
0.64251 1.25298e-05 127504 1.25298e-05
0.64554 1.25575e-05 127056 1.25575e-05
0.648554 1.28846e-05 128100 1.28846e-05
0.651549 1.28581e-05 129568 1.28581e-05
0.654649 1.33028e-05 137628 1.33028e-05
0.657741 1.31735e-05 132312 1.31735e-05
0.66081 1.36225e-05 137436 1.36225e-05
0.663899 1.36073e-05 138208 1.36073e-05
0.667047 1.40461e-05 143364 1.40461e-05
0.670183 1.4097e-05 141024 1.4097e-05
0.673306 1.46531e-05 144556 1.46531e-05
0.676483 1.44522e-05 149064 1.44522e-05
0.679687 1.50459e-05 148908 1.50459e-05
0.682871 1.51294e-05 151080 1.51294e-05
0.686079 1.52267e-05 153052 1.52267e-05
0.689314 1.55016e-05 157296 1.55016e-05
0.692548 1.59991e-05 154740 1.59991e-05
0.695723 1.59748e-05 156544 1.59748e-05
0.698997 1.65378e-05 165420 1.65378e-05
0.702314 1.6557e-05 164292 1.6557e-05
0.705609 1.67893e-05 167424 1.67893e-05
0.708938 1.68488e-05 169420 1.68488e-05
0.712273 1.71323e-05 172344 1.71323e-05
0.715624 1.7369e-05 172812 1.7369e-05
0.718964 1.77962e-05 176488 1.77962e-05
0.722353 1.79757e-05 179340 1.79757e-05
0.725741 1.80456e-05 181584 1.80456e-05
0.729184 1.8512e-05 186388 1.8512e-05
0.732605 1.89081e-05 184704 1.89081e-05
0.736035 1.92991e-05 189828 1.92991e-05
0.739481 1.92879e-05 191008 1.92879e-05
0.742951 1.96188e-05 194460 1.96188e-05
0.746441 1.99857e-05 197604 1.99857e-05
0.749957 2.0467e-05 201904 2.0467e-05
0.753469 2.05207e-05 199980 2.05207e-05
0.756983 2.09398e-05 206712 2.09398e-05
0.760565 2.11015e-05 210028 2.11015e-05
0.764149 2.14676e-05 213096 2.14676e-05
0.767736 2.17831e-05 212604 2.17831e-05
0.771306 2.19142e-05 216004 2.19142e-05
0.774926 2.24487e-05 223392 2.24487e-05
0.778598 2.28204e-05 224316 2.28204e-05
0.782245 2.30099e-05 226600 2.30099e-05
0.785923 2.34553e-05 230604 2.34553e-05
0.789616 2.3499e-05 234792 2.3499e-05
0.793312 2.41399e-05 234316 2.41399e-05
0.797042 2.41672e-05 242940 2.41672e-05
0.800776 2.47569e-05 241320 2.47569e-05
0.804553 2.49926e-05 250060 2.49926e-05
0.808343 2.54525e-05 250776 2.54525e-05
0.812158 2.58567e-05 256188 2.58567e-05
0.815959 2.60505e-05 254116 2.60505e-05
0.819781 2.66369e-05 264672 2.66369e-05
0.823648 2.7028e-05 264012 2.7028e-05
0.827505 2.71434e-05 268324 2.71434e-05
0.8314 2.79478e-05 275520 2.79478e-05
0.835324 2.80529e-05 275604 2.80529e-05
0.839214 2.84819e-05 278032 2.84819e-05
0.843171 2.88082e-05 288708 2.88082e-05
0.847141 2.898e-05 285628 2.898e-05
0.851084 2.97532e-05 291864 2.97532e-05
0.855081 2.99532e-05 296412 2.99532e-05
0.859091 3.02441e-05 301132 3.02441e-05
0.863128 3.06884e-05 305640 3.06884e-05
0.867194 3.13427e-05 310284 3.13427e-05
0.87127 3.16643e-05 314440 3.16643e-05
0.875368 3.24144e-05 318396 3.24144e-05
0.879473 3.26718e-05 321988 3.26718e-05
0.883606 3.2951e-05 329088 3.2951e-05
0.887753 3.367e-05 330564 3.367e-05
0.891919 3.39821e-05 336700 3.39821e-05
0.896109 3.4633e-05 343320 3.4633e-05
0.900336 3.49756e-05 347244 3.49756e-05
0.904563 3.51866e-05 350068 3.51866e-05
0.908805 3.53963e-05 357024 3.53963e-05
0.913051 3.61624e-05 357292 3.61624e-05
0.917348 3.67073e-05 370932 3.67073e-05
0.921672 3.71046e-05 370764 3.71046e-05
0.925992 3.78733e-05 376504 3.78733e-05
0.930354 3.82575e-05 384252 3.82575e-05
0.93473 3.83196e-05 387124 3.83196e-05
0.939107 3.91864e-05 392352 3.91864e-05
0.943526 3.98955e-05 400260 3.98955e-05
0.947959 4.01987e-05 402652 4.01987e-05
0.952394 4.05797e-05 409944 4.05797e-05
0.956874 4.15909e-05 416812 4.15909e-05
0.961345 4.17351e-05 416724 4.17351e-05
0.965874 4.22448e-05 435324 4.22448e-05
0.970451 4.28444e-05 434248 4.28444e-05
0.974982 4.34428e-05 434892 4.34428e-05
0.979556 4.38555e-05 449380 4.38555e-05
0.984147 4.40874e-05 448116 4.40874e-05
0.988771 4.53223e-05 463696 4.53223e-05
0.993453 4.53765e-05 467988 4.53765e-05
0.998112 4.6287e-05 468396 4.6287e-05
1.00278 4.67273e-05 479416 4.67273e-05
1.00751 4.74025e-05 487260 4.74025e-05
1.01226 4.7987e-05 494020 4.7987e-05
1.01699 4.88741e-05 492828 4.88741e-05
1.02174 4.9138e-05 507544 4.9138e-05
1.02654 4.98869e-05 513804 4.98869e-05
1.03137 5.04992e-05 522132 5.04992e-05
1.03624 5.12301e-05 531916 5.12301e-05
1.0411 5.1723e-05 530196 5.1723e-05
1.04596 5.25517e-05 542848 5.25517e-05
1.05088 5.2917e-05 553716 5.2917e-05
1.05585 5.38153e-05 562372 5.38153e-05
1.06082 5.44965e-05 565836 5.44965e-05
1.06577 5.49643e-05 570292 5.49643e-05
1.07077 5.56271e-05 586560 5.56271e-05
1.07581 5.63869e-05 589204 5.63869e-05
1.08087 5.7209e-05 602556 5.7209e-05
1.08595 5.76746e-05 605908 5.76746e-05
1.09104 5.83421e-05 615348 5.83421e-05
1.09614 5.9165e-05 621120 5.9165e-05
1.1013 6.00062e-05 641668 6.00062e-05
1.1065 6.01968e-05 643164 6.01968e-05
1.1117 6.14686e-05 650452 6.14686e-05
1.11691 6.21355e-05 662844 6.21355e-05
1.12216 6.30542e-05 670132 6.30542e-05
1.12744 6.3599e-05 682680 6.3599e-05
1.13272 6.42876e-05 684076 6.42876e-05
1.13803 6.52066e-05 702708 6.52066e-05
1.14339 6.59956e-05 710956 6.59956e-05
1.14877 6.68508e-05 720132 6.68508e-05
1.15416 6.76742e-05 729268 6.76742e-05
1.15957 6.80938e-05 738144 6.80938e-05
1.16503 6.94788e-05 755284 6.94788e-05
1.17053 7.00615e-05 764148 7.00615e-05
1.17602 7.10136e-05 768028 7.10136e-05
1.18154 7.16688e-05 786132 7.16688e-05
1.18707 7.28358e-05 787900 7.28358e-05
1.19264 7.31566e-05 808308 7.31566e-05
1.19826 7.44055e-05 818356 7.44055e-05
1.20388 7.52054e-05 826668 7.52054e-05
1.20954 7.57778e-05 842392 7.57778e-05
1.21521 7.69362e-05 845316 7.69362e-05
1.22091 7.82435e-05 869980 7.82435e-05
1.22666 7.92677e-05 874884 7.92677e-05
1.23241 7.97604e-05 886132 7.97604e-05
1.2382 8.08853e-05 904300 8.08853e-05
1.24401 8.17252e-05 911076 8.17252e-05
1.24985 8.27848e-05 926764 8.27848e-05
1.25571 8.334e-05 937332 8.334e-05
1.26162 8.50876e-05 959284 8.50876e-05
1.26756 8.56302e-05 965628 8.56302e-05
1.2735 8.69949e-05 978772 8.69949e-05
1.27948 8.81191e-05 997284 8.81191e-05
1.2855 8.86337e-05 1006900 8.86337e-05
1.29154 8.99018e-05 1025676 8.99018e-05
1.29761 9.0739e-05 1035172 9.0739e-05
1.30369 9.19231e-05 1048744 9.19231e-05
1.3098 9.30558e-05 1068540 9.30558e-05
1.31596 9.41478e-05 1080772 9.41478e-05
1.32215 9.52489e-05 1101876 9.52489e-05
1.32836 9.63833e-05 1108540 9.63833e-05
1.33459 9.76193e-05 1129956 9.76193e-05
1.34087 9.87683e-05 1148740 9.87683e-05
1.34718 9.96035e-05 1159228 9.96035e-05
1.3535 0.000101009 1175556 0.000101009
1.35985 0.000102026 1193956 0.000102026
1.36624 0.000103602 1213140 0.000103602
1.37267 0.000104709 1227964 0.000104709
1.37911 0.000105763 1242400 0.000105763
1.38558 0.000107332 1262772 0.000107332
1.39208 0.000108377 1280836 0.000108377
1.39864 0.000109432 1303740 0.000109432
1.40521 0.0001112 1315540 0.0001112
1.4118 0.000112519 1334164 0.000112519
1.41842 0.000113643 1351620 0.000113643
1.42509 0.000115171 1378636 0.000115171
1.4318 0.000116694 1397508 0.000116694
1.43854 0.000118224 1413844 0.000118224
1.44529 0.000119206 1431124 0.000119206
1.45208 0.000120612 1455324 0.000120612
1.45889 0.000122216 1468852 0.000122216
1.46572 0.000123697 1491492 0.000123697
1.4726 0.000124976 1519396 0.000124976
1.47952 0.000126505 1536280 0.000126505
1.48647 0.000128196 1557540 0.000128196
1.49347 0.000129403 1591684 0.000129403
1.50049 0.000131229 1598884 0.000131229
1.50754 0.000132702 1632084 0.000132702
1.51462 0.000134058 1644076 0.000134058
1.52173 0.000136016 1675444 0.000136016
1.52887 0.000137538 1692660 0.000137538
1.53605 0.000139133 1721536 0.000139133
1.54327 0.000141144 1747444 0.000141144
1.55052 0.000143061 1770876 0.000143061
1.55781 0.000144661 1797460 0.000144661
1.56513 0.00014613 1816804 0.00014613
1.57247 0.000148096 1846452 0.000148096
1.57985 0.000149367 1867888 0.000149367
1.58727 0.000151496 1899460 0.000151496
1.59472 0.000153655 1922556 0.000153655
1.60222 0.000155187 1962436 0.000155187
1.60976 0.00015684 1978372 0.00015684
1.6173 0.00015909 2002032 0.00015909
1.62489 0.00016151 2038276 0.00016151
1.63253 0.000163235 2065684 0.000163235
1.64019 0.00016542 2090788 0.00016542
1.6479 0.000167558 2132460 0.000167558
1.65565 0.000169417 2150992 0.000169417
1.66341 0.000171635 2180308 0.000171635
1.67122 0.000173795 2220756 0.000173795
1.67908 0.000175305 2249332 0.000175305
1.68697 0.000177446 2279248 0.000177446
1.6949 0.00018016 2314228 0.00018016
1.70286 0.000182262 2342868 0.000182262
1.71085 0.000184989 2376988 0.000184989
1.71889 0.000187396 2411008 0.000187396
1.72697 0.00018967 2453188 0.00018967
1.73508 0.000192269 2471124 0.000192269
1.74322 0.000194127 2518240 0.000194127
1.75141 0.000197014 2548996 0.000197014
1.75964 0.000199278 2591188 0.000199278
1.76791 0.000201994 2616624 0.000201994
1.77621 0.000205103 2667844 0.000205103
1.78456 0.000207282 2696836 0.000207282
1.79294 0.000209759 2732224 0.000209759
1.80136 0.000212858 2779476 0.000212858
1.80982 0.000215663 2814916 0.000215663
1.81832 0.000218356 2853040 0.000218356
1.82687 0.000221214 2897620 0.000221214
1.83545 0.000224114 2931604 0.000224114
1.84406 0.000227418 2976912 0.000227418
1.85272 0.00023115 3021532 0.00023115
1.86142 0.000233446 3056596 0.000233446
1.87016 0.000236584 3105568 0.000236584
1.87895 0.0002395 3159076 0.0002395
1.88779 0.000242378 3191568 0.000242378
1.89665 0.000245528 3239860 0.000245528
1.90555 0.000249159 3274372 0.000249159
1.91449 0.000252976 3339232 0.000252976
1.9235 0.00025594 3383668 0.00025594
1.93253 0.000259637 3413904 0.000259637
1.94159 0.000263077 3479260 0.000263077
1.95073 0.000266753 3530128 0.000266753
1.95988 0.000270324 3567076 0.000270324
1.9691 0.000274137 3634960 0.000274137
1.97835 0.000278304 3674068 0.000278304
1.98765 0.00028219 3733024 0.00028219
1.99698 0.000285926 3776484 0.000285926
2.00636 0.000290398 3834112 0.000290398
2.01577 0.000294426 3883108 0.000294426
2.02525 0.000297827 3956080 0.000297827
2.03477 0.000302305 3994852 0.000302305
2.04433 0.000307212 4058512 0.000307212
2.05393 0.000311388 4112740 0.000311388
2.06357 0.00031582 4168000 0.00031582
2.07326 0.000320413 4235556 0.000320413
2.083 0.000325356 4287904 0.000325356
2.09278 0.000329603 4351228 0.000329603
2.10261 0.000334365 4412800 0.000334365
2.11248 0.000339285 4467940 0.000339285
2.12241 0.000344878 4552912 0.000344878
2.13239 0.000349693 4603696 0.000349693
2.1424 0.000355165 4665844 0.000355165
2.15246 0.000360648 4733920 0.000360648
2.16256 0.000365839 4795396 0.000365839
2.17272 0.000371486 4873288 0.000371486
2.18293 0.000376528 4945216 0.000376528
2.19319 0.00038272 5006100 0.00038272
2.20348 0.000388497 5070784 0.000388497
2.21383 0.000394764 5162176 0.000394764
2.22424 0.000400247 5225524 0.000400247
2.23469 0.000406448 5295928 0.000406448
2.24518 0.000412576 5374432 0.000412576
2.25573 0.000419482 5448868 0.000419482
2.26633 0.000427156 5531680 0.000427156
2.27697 0.000432359 5597008 0.000432359
2.28766 0.000439558 5682652 0.000439558
2.29841 0.000446119 5772256 0.000446119
2.30921 0.000453499 5841616 0.000453499
2.32005 0.000460767 5935072 0.000460767
2.33094 0.00046903 6001348 0.00046903
2.34188 0.000475701 6100648 0.000475701
2.35289 0.000483731 6189328 0.000483731
2.36395 0.000492049 6272032 0.000492049
2.37505 0.000499978 6359092 0.000499978
2.38621 0.000508224 6454120 0.000508224
2.39742 0.000516651 6543664 0.000516651
2.40868 0.00052554 6630880 0.00052554
2.41998 0.000534152 6727600 0.000534152
2.43135 0.000543364 6828316 0.000543364
2.44278 0.000552171 6919504 0.000552171
2.45425 0.000561573 7017728 0.000561573
2.46578 0.00057165 7121608 0.00057165
2.47736 0.000581827 7217824 0.000581827
2.489 0.000592198 7321216 0.000592198
2.50068 0.000602853 7415692 0.000602853
2.51243 0.000612691 7539328 0.000612691
2.52424 0.000624806 7645840 0.000624806
2.53609 0.000635132 7727128 0.000635132
2.548 0.000646636 7861408 0.000646636
2.55998 0.000657774 7972336 0.000657774
2.572 0.000670652 8068456 0.000670652
2.58406 0.000683055 8181632 0.000683055
2.5962 0.000695122 8320720 0.000695122
2.60841 0.00070833 8426872 0.00070833
2.62066 0.000721315 8541952 0.000721315
2.63296 0.000734874 8664616 0.000734874
2.64533 0.000749687 8791792 0.000749687
2.65775 0.000763041 8908756 0.000763041
2.67023 0.000779424 9034072 0.000779424
2.68278 0.000792685 9177104 0.000792685
2.69539 0.000808672 9302632 0.000808672
2.70805 0.000824825 9422380 0.000824825
2.72076 0.000842325 9565408 0.000842325
2.73355 0.000858481 9699928 0.000858481
2.74639 0.000875046 9834160 0.000875046
2.75928 0.000893413 9970520 0.000893413
2.77224 0.000911 10120912 0.000911
2.78527 0.000929798 10255576 0.000929798
2.79835 0.000949876 10403344 0.000949876
2.81149 0.000968717 10556392 0.000968717
2.8247 0.000991529 10700768 0.000991529
2.83797 0.00101021 10846984 0.00101021
2.8513 0.00103323 11009440 0.00103323
2.86469 0.00105345 11162536 0.00105345
2.87815 0.0010771 11318540 0.0010771
2.89166 0.00110179 11472664 0.00110179
2.90524 0.00112571 11646208 0.00112571
2.91889 0.00115015 11819800 0.00115015
2.93261 0.00117615 11972336 0.00117615
2.94637 0.00120303 12128068 0.00120303
2.96021 0.00123085 12324496 0.00123085
2.97412 0.00125881 12499864 0.00125881
2.9881 0.0012883 12663176 0.0012883
3.00213 0.00131863 12849472 0.00131863
3.01623 0.00134784 13030132 0.00134784
3.0304 0.00138155 13215104 0.00138155
3.04463 0.00141376 13382824 0.00141376
3.05892 0.00144936 13593352 0.00144936
3.0733 0.00148402 13789676 0.00148402
3.08773 0.00151882 13966648 0.00151882
3.10224 0.00155768 14188240 0.00155768
3.11681 0.0015982 14365268 0.0015982
3.13145 0.00163609 14591176 0.00163609
3.14616 0.00167902 14779984 0.00167902
3.16094 0.00172231 14998868 0.00172231
3.17579 0.00176567 15212488 0.00176567
3.1907 0.00181162 15407308 0.00181162
3.20568 0.00186112 15647816 0.00186112
3.22074 0.00190959 15866296 0.00190959
3.23587 0.00195957 16070420 0.00195957
3.25107 0.00201674 16337296 0.00201674
3.26635 0.00206869 16540804 0.00206869
3.28169 0.00212754 16792568 0.00212754
3.2971 0.00218419 16993216 0.00218419
3.31258 0.00224609 17272964 0.00224609
3.32814 0.00231373 17489560 0.00231373
3.34377 0.00238141 17756548 0.00238141
3.35948 0.0024451 17996576 0.0024451
3.37526 0.00252309 18254116 0.00252309
3.39111 0.00259464 18517352 0.00259464
3.40704 0.00267453 18789988 0.00267453
3.42305 0.00275678 19037060 0.00275678
3.43912 0.00284139 19304704 0.00284139
3.45528 0.00292922 19601012 0.00292922
3.47151 0.00302025 19858312 0.00302025
3.48782 0.00312024 20158004 0.00312024
3.5042 0.00321889 20405860 0.00321889
3.52065 0.00332956 20724296 0.00332956
3.53719 0.00344109 21016900 0.00344109
3.5538 0.00355908 21295568 0.00355908
3.5705 0.00368279 21635908 0.00368279
3.58727 0.00381385 21900068 0.00381385
3.60411 0.00394695 22232968 0.00394695
3.62105 0.0040942 22555220 0.0040942
3.63806 0.00424258 22860308 0.00424258
3.65514 0.00439832 23160148 0.00439832
3.6723 0.00457052 23518280 0.00457052
3.68955 0.00475158 23848756 0.00475158
3.70689 0.00493056 24199700 0.00493056
3.7243 0.0051329 24520100 0.0051329
3.7418 0.00534377 24878968 0.00534377
3.75937 0.00557348 25212452 0.00557348
3.77703 0.00580924 25600948 0.00580924
3.79477 0.00605814 25928516 0.00605814
3.81259 0.00632847 26311748 0.00632847
3.8305 0.00660597 26690788 0.00660597
3.84849 0.00690526 27051080 0.00690526
3.86657 0.00723965 27460244 0.00723965
3.88473 0.00757973 27835780 0.00757973
3.90298 0.00793972 28229876 0.00793972
3.92131 0.00833541 28633364 0.00833541
3.93974 0.00873772 29041252 0.00873772
3.95824 0.00919036 29417924 0.00919036
3.97682 0.00965778 29872004 0.00965778
3.9955 0.0101556 30283972 0.0101556
4.01428 0.0106934 30733988 0.0106934
4.03313 0.011267 31126484 0.011267
4.05207 0.0118782 31589228 0.0118782
4.07111 0.0125238 32042452 0.0125238
4.09023 0.0132197 32476676 0.0132197
4.10944 0.0139516 32953412 0.0139516
4.12874 0.0147245 33434564 0.0147245
4.14814 0.0155571 33871460 0.0155571
4.16762 0.0164443 34366540 0.0164443
4.18719 0.0173571 34863092 0.0173571
4.20686 0.0183453 35344256 0.0183453
4.22662 0.0193909 35858900 0.0193909
4.24648 0.0204956 36362492 0.0204956
4.26643 0.021659 36872308 0.021659
4.28646 0.0228617 37376132 0.0228617
4.30659 0.0241547 37932320 0.0241547
4.32682 0.0255135 38456684 0.0255135
4.34714 0.0269038 38995988 0.0269038
4.36756 0.0283743 39578804 0.0283743
4.38808 0.0299177 40096448 0.0299177
4.40868 0.0315111 40681388 0.0315111
4.42939 0.0331835 41263396 0.0331835
4.4502 0.03491 41841476 0.03491
4.4711 0.0366749 42449528 0.0366749
4.49211 0.0385023 43049588 0.0385023
4.51321 0.0403903 43639388 0.0403903
4.53441 0.042338 44273552 0.042338
4.55571 0.0443297 44892980 0.0443297
4.5771 0.0463379 45507416 0.0463379
4.5986 0.0484088 46185860 0.0484088
4.6202 0.050517 46810040 0.050517
4.6419 0.0527045 47489828 0.0527045
4.66371 0.0547984 48180188 0.0547984
4.68561 0.0570808 48833168 0.0570808
4.70762 0.05919 49527644 0.05919
4.72973 0.0613926 50232224 0.0613926
4.75194 0.063519 50948696 0.063519
4.77427 0.065797 51679604 0.065797
4.79669 0.0679306 52383464 0.0679306
4.81921 124.166 53126678 124.166
4.84183 0.0699983 53356256 0.0699983
4.86457 0.0689859 53311656 0.0689859
4.88742 0.0681767 53350280 0.0681767
4.91038 0.0674851 53289728 0.0674851
4.93344 0.0669602 53263280 0.0669602
4.95661 0.0665055 53239808 0.0665055
4.9799 0.0661703 53192360 0.0661703
5.00329 0.0659005 53114120 0.0659005
5.02679 0.0657432 53065040 0.0657432
5.0504 0.0655706 52986480 0.0655706
5.07412 0.0655181 52907528 0.0655181
5.09795 0.065471 52825088 0.065471
5.1219 0.0655157 52720952 0.0655157
5.14595 0.0655756 52599200 0.0655756
5.17012 0.0657165 52508184 0.0657165
5.19441 0.0658678 52357832 0.0658678
5.21881 0.0660158 52232192 0.0660158
5.24332 0.0662447 52081856 0.0662447
5.26795 0.0664992 51935472 0.0664992
5.29269 0.0667141 51724520 0.0667141
5.31755 0.066996 51592832 0.066996
5.34253 0.0672867 51378792 0.0672867
5.36762 0.0675945 51154352 0.0675945
5.39283 0.0679158 50979176 0.0679158
5.41816 0.0682704 50746656 0.0682704
5.44362 0.0686095 50500448 0.0686095
5.46918 0.068977 50244248 0.068977
5.49487 0.0693289 49981320 0.0693289
5.52068 0.0697032 49712384 0.0697032
5.54661 0.0700779 49412456 0.0700779
5.57266 0.0705106 49116408 0.0705106
5.59883 0.0709687 48784136 0.0709687
5.62513 0.0713576 48474960 0.0713576
5.65155 0.0718288 48128672 0.0718288
5.67809 0.0722716 47753960 0.0722716
5.70476 0.0727455 47394648 0.0727455
5.73156 0.0731978 46996976 0.0731978
5.75848 0.0736604 46584648 0.0736604
5.78553 0.0741883 46201928 0.0741883
5.81271 0.07463 45725976 0.07463
5.84 0.0752532 45269696 0.0752532
5.86743 0.0757619 44820024 0.0757619
5.89499 0.0762997 44321144 0.0762997
5.92268 0.0768531 43831200 0.0768531
5.9505 0.0774083 43291032 0.0774083
5.97844 0.0779618 42744464 0.0779618
6.00652 0.078569 42202344 0.078569
6.03474 0.0791932 41631128 0.0791932
6.06308 0.0797539 41009256 0.0797539
6.09156 0.0803948 40409472 0.0803948
6.12017 0.0809888 39766712 0.0809888
6.14891 0.0816214 39105696 0.0816214
6.17779 0.0822879 38434392 0.0822879
6.20681 0.0828839 37723472 0.0828839
6.23596 0.0835324 37005672 0.0835324
6.26525 0.0841698 36271560 0.0841698
6.29467 0.0848083 35499200 0.0848083
6.32424 0.0854255 34708464 0.0854255
6.35394 0.0860826 33906456 0.0860826
6.38378 0.0865794 33059312 0.0865794
6.41376 0.0871595 32198328 0.0871595
6.44388 0.0877412 31318776 0.0877412
6.47415 0.0881984 30415728 0.0881984
6.50455 0.088785 29472264 0.088785
6.5351 0.0892128 28511192 0.0892128
6.56579 0.0896187 27524664 0.0896187
6.59662 0.0900569 26504592 0.0900569
6.6276 0.0904554 25462536 0.0904554
6.65872 0.0908381 24397440 0.0908381
6.68999 0.091199 23299320 0.091199
6.72141 0.0915578 22163904 0.0915578
6.75296 0.0917309 21001304 0.0917309
6.78467 0.0918277 19822752 0.0918277
6.81652 843.35 18602946 843.35
6.84856 0.0918687 17474436 0.0918687
6.88073 0.0922625 16479060 0.0922625
6.91305 0.0929657 15577944 0.0929657
6.94552 0.0939051 14714904 0.0939051
6.97814 0.0950923 13916868 0.0950923
7.01093 0.0963671 13144908 0.0963671
7.04385 0.0976968 12409932 0.0976968
7.07693 0.0992865 11703048 0.0992865
7.11016 0.101141 11037708 0.101141
7.14356 0.102931 10385856 0.102931
7.17711 0.104788 9767380 0.104788
7.21082 0.107083 9170244 0.107083
7.24468 0.109133 8588904 0.109133
7.27871 0.11166 8041740 0.11166
7.31289 0.1141 7501548 0.1141
7.34723 0.116769 6992244 0.116769
7.38174 0.119673 6500076 0.119673
7.41641 0.122337 6021808 0.122337
7.45123 0.125402 5567040 0.125402
7.48622 0.128272 5132964 0.128272
7.52138 0.131371 4711008 0.131371
7.55668 0.134261 4308700 0.134261
7.59215 0.137473 3928644 0.137473
7.62781 0.140278 3564360 0.140278
7.66364 0.143086 3216708 0.143086
7.69963 0.146112 2884024 0.146112
7.73577 0.148586 2571756 0.148586
7.77208 0.151329 2275272 0.151329
7.80856 0.153715 1998952 0.153715
7.84519 0.15612 1735692 0.15612
7.88195 0.158405 1493536 0.158405
7.91894 0.160591 1272552 0.160591
7.95615 0.161887 1065132 0.161887
7.99345 0.164128 870088 0.164128
8.03087 0.166125 703380 0.166125
8.06861 0.168634 551260 0.168634
8.1063 0.171973 409752 0.171973
8.14415 0.175483 301540 0.175483
8.18252 0.180889 201084 0.180889
8.22015 0.186361 118588 0.186361
8.25771 0.19159 65076 0.19159
8.29571 0.202279 23452 0.202279
8.32962 0.216409 3120 0.216409
8.35799 6.91974e+09 2 6.91974e+09
