# in Mpc/h Units 
# D1 = 0.0332681 
# k P N P(z=0)
0.00628319 0.202599 6 183.055
0.00888577 0.244355 12 220.783
0.0108828 0.264825 8 239.279
0.0125664 0.276782 6 250.082
0.0140496 0.281545 24 254.386
0.0153906 0.28392 24 256.532
0.0177715 0.28277 12 255.493
0.0188496 0.280176 30 253.149
0.0198692 0.277357 24 250.602
0.020839 0.273661 24 247.262
0.0217656 0.269668 8 243.654
0.0226543 0.265445 24 239.839
0.0235095 0.261 48 235.823
0.0251327 0.252427 6 228.077
0.0259062 0.247439 48 223.57
0.0266573 0.242913 36 219.481
0.0273878 0.238473 24 215.469
0.0280993 0.234024 24 211.449
0.0287932 0.229744 48 207.582
0.0294708 0.225485 24 203.733
0.0307812 0.217375 24 196.406
0.0314159 0.213574 30 192.972
0.0320381 0.209765 72 189.53
0.0326484 0.206086 32 186.206
0.033836 0.19914 72 179.93
0.0344144 0.195849 48 176.957
0.0355431 0.189572 12 171.285
0.0360942 0.186683 48 168.675
0.036637 0.183886 48 166.147
0.0371718 0.181125 48 163.653
0.0376991 0.178477 30 161.26
0.0382191 0.175985 24 159.008
0.0387322 0.173547 72 156.806
0.0397384 0.168896 24 152.604
0.040232 0.166757 96 150.671
0.0407197 0.164671 48 148.786
0.0412016 0.162663 24 146.971
0.0416779 0.160751 24 145.245
0.0421489 0.158898 72 143.57
0.0426146 0.15715 48 141.991
0.0435312 0.153914 8 139.067
0.0439823 0.15216 54 137.482
0.0444288 0.150727 84 136.187
0.0448709 0.149294 48 134.893
0.0453087 0.147831 24 133.57
0.0457423 0.146517 72 132.383
0.0461718 0.145254 96 131.242
0.0470191 0.142822 48 129.045
0.047437 0.14166 48 127.995
0.0478513 0.140606 24 127.043
0.0482621 0.139475 72 126.021
0.0490732 0.137512 72 124.247
0.0494739 0.136525 96 123.355
0.0502655 0.133951 6 121.029
0.0506567 0.133896 96 120.98
0.0510448 0.13306 96 120.224
0.0514301 0.132308 24 119.545
0.0518125 0.131584 48 118.891
0.0521921 0.130823 96 118.203
0.0525689 0.130059 48 117.513
0.0533146 0.128683 36 116.27
0.0536836 0.128042 48 115.69
0.05405 0.127356 120 115.071
0.054414 0.126797 56 114.566
0.0547755 0.126152 24 113.983
0.0551347 0.125606 96 113.49
0.0554916 0.125014 48 112.954
0.0561985 0.12395 24 111.993
0.0565487 0.123374 102 111.473
0.0568967 0.122917 48 111.06
0.0572425 0.122419 72 110.61
0.0575863 0.121883 48 110.126
0.0579281 0.121428 48 109.714
0.0582679 0.120886 120 109.224
0.0589415 0.119953 24 108.381
0.0592755 0.119523 144 107.993
0.0596075 0.119054 120 107.57
0.0599378 0.118565 48 107.128
0.0605928 0.117798 48 106.434
0.0609177 0.117356 96 106.035
0.0615624 0.116434 24 105.202
0.0618822 0.116109 48 104.909
0.0622004 0.115707 108 104.546
0.0625169 0.115273 72 104.153
0.0628319 0.114964 30 103.874
0.0631452 0.114449 168 103.409
0.0634571 0.114053 48 103.051
0.0640762 0.113208 72 102.287
0.0643835 0.112823 96 101.939
0.0646894 0.112469 72 101.62
0.0649938 0.112068 72 101.257
0.0652968 0.111599 32 100.834
0.0655984 0.111202 72 100.475
0.0658986 0.110854 144 100.161
0.0667912 0.109593 96 99.0207
0.0670861 0.109185 96 98.6521
0.0673797 0.108843 48 98.3431
0.067672 0.108419 72 97.9606
0.067963 0.108006 120 97.5869
0.0682529 0.107609 72 97.229
0.0688288 0.106815 48 96.5112
0.069115 0.106432 78 96.1654
0.0694001 0.105924 120 95.7058
0.0696839 0.1056 48 95.4133
0.0702481 0.1047 144 94.6
0.0705286 0.104311 144 94.2487
0.0710861 0.103455 12 93.4755
0.0713633 0.10305 144 93.109
0.0716393 0.102614 48 92.7152
0.0719926 0.1021 168 92.2505
0.0724612 0.101355 48 91.5775
0.0727331 0.100922 168 91.1869
0.0734532 0.0998184 144 90.1895
0.0738107 0.099199 96 89.6298
0.0740777 0.0988117 72 89.2799
0.0743437 0.0983287 48 88.8434
0.0746967 0.0977577 144 88.3275
0.0753982 0.0965214 30 87.2105
0.0758332 0.0958609 288 86.6137
0.0761796 0.0952828 56 86.0913
0.0766638 0.0944584 192 85.3465
0.076953 0.0939943 120 84.9272
0.0776339 0.0928004 216 83.8484
0.0779723 0.0922633 96 83.3631
0.078225 0.0917331 96 82.8841
0.0787281 0.0909471 72 82.174
0.0789784 0.0904689 96 81.7418
0.0794767 0.0895595 24 80.9202
0.0798137 0.0890145 300 80.4278
0.0802183 0.0883118 24 79.7928
0.0805865 0.0876639 192 79.2074
0.0809532 0.0869808 120 78.5902
0.0814394 0.0861843 48 77.8705
0.0818379 0.0854857 222 77.2394
0.0821633 0.0848201 120 76.6379
0.0826125 0.0840769 192 75.9665
0.0828809 0.0836212 144 75.5547
0.0833559 0.0827102 24 74.7316
0.0837495 0.0820993 144 74.1797
0.0840633 0.0815202 120 73.6564
0.0844439 0.080864 192 73.0635
0.0847648 0.0803351 144 72.5856
0.0852293 0.0795179 48 71.8473
0.0855594 0.0789204 336 71.3074
0.0859213 0.0782819 48 70.7305
0.0864252 0.0774625 240 69.9901
0.0870624 0.0764238 8 69.0516
0.0872888 0.0759452 48 68.6192
0.087579 0.075506 336 68.2223
0.0881192 0.0746326 174 67.4332
0.0884123 0.0741598 120 67.006
0.0889978 0.0731951 228 66.1343
0.089427 0.0724806 168 65.4888
0.0898883 0.0717942 144 64.8686
0.0901807 0.0712795 240 64.4035
0.0906174 0.0707255 24 63.903
0.090897 0.0702234 336 63.4493
0.0913765 0.0694788 144 62.7765
0.0917922 0.0688737 168 62.2299
0.0923436 0.0680356 96 61.4726
0.0926754 0.0675711 216 61.0528
0.0932651 0.0667482 288 60.3094
0.0936174 0.0662365 144 59.847
0.0941969 0.0654367 198 59.1243
0.094573 0.0649159 216 58.6538
0.0950225 0.0643534 168 58.1456
0.0952892 0.0639847 240 57.8125
0.0958792 0.0632206 168 57.1221
0.0962314 0.062789 336 56.7321
0.0968099 0.0620746 240 56.0866
0.097638 0.0611284 276 55.2317
0.0981837 0.0604785 344 54.6444
0.0985479 0.0601008 144 54.3032
0.0990673 0.0595116 240 53.7708
0.0994528 0.0591164 312 53.4137
0.100098 0.0584094 240 52.7749
0.100531 0.0577951 6 52.2199
0.100874 0.0576705 384 52.1074
0.101448 0.0571296 312 51.6186
0.101924 0.0567131 168 51.2423
0.102421 0.0562226 336 50.7991
0.102983 0.0557339 336 50.3575
0.103243 0.0555434 192 50.1855
0.103879 0.0549992 288 49.6937
0.104279 0.0547426 216 49.4618
0.104705 0.0543637 240 49.1195
0.105349 0.0538927 384 48.694
0.1057 0.0536066 72 48.4355
0.106152 0.0533248 336 48.1808
0.106914 0.052822 378 47.7265
0.107244 0.0525585 144 47.4885
0.107631 0.0523822 384 47.3291
0.10826 0.0519734 384 46.9598
0.108777 0.051672 344 46.6874
0.10919 0.0514387 144 46.4767
0.109816 0.0511071 456 46.177
0.110311 0.0508491 312 45.944
0.110746 0.0506004 144 45.7192
0.111354 0.0503147 552 45.4611
0.111965 0.050025 264 45.1993
0.112557 0.049758 264 44.9581
0.112926 0.0496106 294 44.825
0.113378 0.0494234 432 44.6558
0.113986 0.0491564 432 44.4146
0.114516 0.0489564 264 44.2338
0.114915 0.0487718 192 44.0671
0.115567 0.0485524 468 43.8688
0.116093 0.0483605 552 43.6954
0.116705 0.0481379 336 43.4943
0.117239 0.0479294 288 43.3059
0.117777 0.0477558 456 43.149
0.118366 0.0475477 432 42.961
0.118788 0.047375 168 42.805
0.119469 0.0471576 566 42.6086
0.120077 0.0469815 432 42.4495
0.120751 0.0467389 432 42.2302
0.121153 0.0465898 360 42.0956
0.121711 0.0464058 624 41.9293
0.122203 0.0462182 264 41.7597
0.122718 0.0460957 360 41.6491
0.123453 0.0458281 456 41.4073
0.123969 0.0456626 504 41.2578
0.12467 0.0454188 564 41.0375
0.12526 0.0452105 384 40.8493
0.125876 0.044983 462 40.6438
0.126429 0.0447964 624 40.4752
0.127121 0.0445263 432 40.231
0.127677 0.0442983 624 40.0251
0.128318 0.0440602 312 39.8099
0.128807 0.0438768 552 39.6442
0.129504 0.0436007 408 39.3948
0.129878 0.0434523 600 39.2607
0.130701 0.0430865 608 38.9302
0.131297 0.0428371 504 38.7049
0.131933 0.0425765 510 38.4694
0.13258 0.0422822 600 38.2035
0.133214 0.0419931 492 37.9422
0.133672 0.041789 552 37.7579
0.134446 0.0414243 696 37.4283
0.13492 0.0411726 504 37.2009
0.135589 0.040889 528 36.9446
0.136149 0.040603 624 36.6862
0.136788 0.0402912 504 36.4046
0.137489 0.0399345 552 36.0822
0.138157 0.0395696 654 35.7525
0.138792 0.0392322 840 35.4477
0.139482 0.038863 744 35.1141
0.140148 0.0385102 456 34.7954
0.140735 0.0382107 648 34.5247
0.141506 0.0377753 896 34.1313
0.142105 0.0374543 396 33.8412
0.142726 0.0370814 816 33.5043
0.14348 0.0366757 672 33.1378
0.144008 0.0363816 552 32.8721
0.14474 0.0359852 894 32.5139
0.145447 0.0355979 672 32.164
0.146112 0.0352392 624 31.8398
0.146784 0.034883 888 31.518
0.147376 0.0345498 720 31.217
0.148179 0.0341146 936 30.8237
0.148977 0.0336763 648 30.4277
0.149637 0.0333195 936 30.1053
0.150285 0.0329883 696 29.8061
0.151106 0.0325501 618 29.4102
0.151697 0.0322556 1008 29.1441
0.15237 0.0319294 872 28.8493
0.153147 0.0315275 960 28.4862
0.153934 0.0311504 888 28.1455
0.154569 0.0308441 648 27.8688
0.155288 0.030527 840 27.5822
0.155941 0.0301996 912 27.2864
0.156682 0.0298902 774 27.0068
0.157451 0.0295636 1272 26.7117
0.158249 0.0292242 912 26.4051
0.159019 0.0289088 864 26.1201
0.159745 0.0286227 924 25.8616
0.160428 0.0283637 1080 25.6276
0.161255 0.0280529 1008 25.3467
0.161989 0.0278057 1128 25.1235
0.162879 0.027496 768 24.8437
0.1635 0.0273086 1046 24.6742
0.164304 0.0270468 1152 24.4377
0.16512 0.026801 1272 24.2157
0.165918 0.026569 912 24.006
0.166638 0.0263727 1200 23.8286
0.167465 0.0261534 1080 23.6306
0.1681 0.0259806 840 23.4744
0.169017 0.0257673 1332 23.2817
0.169783 0.0255902 1062 23.1217
0.170536 0.0254313 1320 22.9781
0.17142 0.0252196 1248 22.7868
0.172167 0.0250755 1104 22.6566
0.173001 0.0249225 1392 22.5184
0.173739 0.0247731 776 22.3833
0.174601 0.0246405 1728 22.2635
0.175449 0.0244819 1224 22.1202
0.17633 0.0243452 1254 21.9968
0.177179 0.0242162 1368 21.8802
0.177982 0.0240897 1236 21.7659
0.178748 0.0239861 1608 21.6723
0.179662 0.0238333 1008 21.5342
0.180329 0.0237405 1488 21.4504
0.181298 0.0236031 1440 21.3262
0.182161 0.0234808 1158 21.2157
0.182962 0.0233963 1824 21.1394
0.183819 0.0232515 1464 21.0085
0.184763 0.0231349 1448 20.9032
0.18557 0.0230434 1560 20.8205
0.186484 0.0229043 1428 20.6948
0.187347 0.022781 1680 20.5834
0.188277 0.0226654 1494 20.479
0.189164 0.0225317 1944 20.3582
0.190083 0.0223896 1368 20.2298
0.190912 0.0222455 1584 20.0996
0.191791 0.022123 1776 19.9889
0.192627 0.0219829 1440 19.8623
0.19355 0.0218169 1968 19.7124
0.194476 0.0216693 1374 19.579
0.195383 0.0215204 2100 19.4444
0.196314 0.0213437 1640 19.2848
0.19731 0.0211553 2496 19.1146
0.198246 0.020993 1248 18.9679
0.198969 0.0208454 1512 18.8345
0.200004 0.0206444 2280 18.653
0.200981 0.0204468 1926 18.4744
0.201907 0.0202552 2064 18.3013
0.202923 0.0200333 1920 18.1008
0.203766 0.0198661 1944 17.9497
0.204817 0.0196512 2172 17.7556
0.205802 0.0194429 2256 17.5673
0.206744 0.0192528 1736 17.3956
0.207695 0.0190546 2094 17.2165
0.208661 0.0188319 2328 17.0153
0.209635 0.0186387 2256 16.8407
0.210605 0.0184298 1920 16.652
0.211552 0.0182115 2520 16.4548
0.212598 0.0180181 2088 16.28
0.213716 0.0177896 2634 16.0736
0.214685 0.0175881 2328 15.8915
0.215636 0.0173969 2304 15.7188
0.2167 0.0171905 2568 15.5322
0.217712 0.0169884 2024 15.3496
0.21856 0.0168175 2352 15.1952
0.21964 0.0166422 2718 15.0368
0.220689 0.0164653 2520 14.877
0.221792 0.016264 2772 14.6951
0.222806 0.0160978 2640 14.5449
0.223891 0.0159299 2880 14.3932
0.224992 0.0157614 2448 14.241
0.225967 0.0156068 2478 14.1013
0.226978 0.015471 2904 13.9786
0.228073 0.0153153 2816 13.8379
0.229091 0.0151828 3024 13.7182
0.230305 0.0150303 2952 13.5804
0.231358 0.0149006 2796 13.4632
0.232405 0.0147869 2982 13.3605
0.23355 0.0146683 3312 13.2533
0.234601 0.0145497 2688 13.1461
0.235688 0.014434 3144 13.0416
0.236855 0.0143224 3672 12.9408
0.237877 0.0142336 2328 12.8606
0.239086 0.014129 4046 12.766
0.240233 0.0140232 2844 12.6705
0.241291 0.0139329 3600 12.5888
0.242431 0.0138461 3264 12.5105
0.243572 0.0137553 3288 12.4284
0.244685 0.0136584 3198 12.3408
0.245798 0.0135798 3864 12.2699
0.246976 0.0134933 3456 12.1916
0.248127 0.0133994 3744 12.1069
0.24936 0.0133073 3876 12.0236
0.250523 0.0132232 3392 11.9476
0.251669 0.0131439 3918 11.876
0.252872 0.0130443 3864 11.7859
0.254083 0.0129568 4104 11.7069
0.255199 0.0128658 3480 11.6247
0.256387 0.0127816 4080 11.5486
0.257664 0.0126577 4170 11.4367
0.258855 0.0125759 4176 11.3627
0.26008 0.0124598 4560 11.2579
0.261336 0.0123547 3656 11.1629
0.262469 0.0122532 4344 11.0712
0.263809 0.012128 4830 10.9581
0.265071 0.0120183 4416 10.859
0.266256 0.0118988 3876 10.751
0.267421 0.0117993 4752 10.6611
0.268761 0.0116807 4968 10.5539
0.2701 0.0115524 4494 10.438
0.27124 0.0114385 4200 10.3351
0.272568 0.0113072 5792 10.2165
0.273851 0.0111994 4224 10.1191
0.275155 0.0110739 5220 10.0057
0.276427 0.0109514 4590 9.89495
0.277657 0.0108385 5328 9.79299
0.27902 0.0107094 5304 9.67636
0.280352 0.0105918 5040 9.57007
0.281565 0.0104798 4920 9.4689
0.282918 0.0103631 5750 9.36341
0.284302 0.0102487 5388 9.26007
0.285589 0.0101369 5784 9.15901
0.286971 0.0100429 5400 9.0741
0.288304 0.00992347 5640 8.96621
0.289695 0.00982336 5934 8.87575
0.291035 0.00972833 6120 8.78989
0.292425 0.00963691 5544 8.70729
0.293779 0.00953901 6164 8.61884
0.295153 0.00945666 5838 8.54443
0.296461 0.00938376 6144 8.47856
0.297907 0.00928809 6288 8.39211
0.299258 0.00920611 6576 8.31804
0.300748 0.0091224 6504 8.24241
0.302188 0.00904908 6594 8.17617
0.30361 0.00897706 7008 8.11109
0.305003 0.00889821 6200 8.03985
0.306412 0.00883457 6768 7.98235
0.307876 0.0087648 7182 7.9193
0.309298 0.00869401 6864 7.85534
0.310761 0.0086257 7308 7.79363
0.312204 0.00855711 6744 7.73165
0.313652 0.00850022 7686 7.68025
0.315175 0.00844026 7280 7.62608
0.31662 0.00836951 7920 7.56215
0.318151 0.00828541 7560 7.48616
0.319599 0.00822475 6948 7.43136
0.321058 0.00815753 8430 7.37062
0.322645 0.00808422 8328 7.30438
0.324166 0.00801548 7824 7.24227
0.32568 0.00793922 8160 7.17337
0.327167 0.00787442 8030 7.11482
0.328774 0.0077996 9372 7.04721
0.330313 0.00772609 7968 6.98079
0.331826 0.00764291 8568 6.90564
0.333427 0.00757434 8934 6.84368
0.334947 0.00749358 8952 6.77071
0.336524 0.00741741 8880 6.70189
0.338146 0.00733097 9548 6.62379
0.339739 0.00726616 9126 6.56523
0.341313 0.00718219 9384 6.48937
0.342874 0.00711268 9288 6.42656
0.344468 0.00703686 9792 6.35805
0.346116 0.00695904 9570 6.28774
0.34771 0.00688719 10376 6.22282
0.349362 0.00680875 10152 6.15194
0.351033 0.00674514 9960 6.09448
0.352646 0.00667809 10782 6.03389
0.354377 0.00661263 10992 5.97474
0.356063 0.0065427 10452 5.91156
0.357696 0.00647514 10806 5.85052
0.359426 0.00641028 11312 5.79191
0.361079 0.0063532 11112 5.74034
0.362754 0.00629067 10848 5.68384
0.364449 0.00622696 11394 5.62628
0.366133 0.00617961 11952 5.5835
0.367846 0.00613238 11352 5.54082
0.369601 0.00606712 12584 5.48185
0.371397 0.00601556 12390 5.43527
0.373143 0.00595636 12252 5.38178
0.374848 0.00590282 12240 5.3334
0.37663 0.00585778 12486 5.29271
0.378363 0.00580161 13080 5.24196
0.380139 0.00575539 12968 5.2002
0.381916 0.00570434 12612 5.15407
0.38369 0.00565589 13974 5.1103
0.385541 0.00560693 13944 5.06606
0.387327 0.00554624 12840 5.01122
0.3891 0.00549388 14358 4.96391
0.390994 0.00544677 14588 4.92135
0.392843 0.00539588 14688 4.87537
0.394661 0.00533652 13560 4.82173
0.396505 0.00529149 15582 4.78105
0.398367 0.00523373 14544 4.72886
0.400233 0.0051889 15420 4.68835
0.402152 0.00512925 15614 4.63446
0.40399 0.00508561 14880 4.59503
0.405874 0.00502757 16728 4.54259
0.407843 0.00497362 15690 4.49384
0.409716 0.00492113 16248 4.44641
0.411602 0.00488403 16584 4.41289
0.413596 0.00482488 16904 4.35945
0.415548 0.00478036 17430 4.31923
0.417499 0.00472437 16908 4.26864
0.419429 0.00467456 17640 4.22363
0.421439 0.00462724 17550 4.18087
0.4234 0.00458569 18696 4.14333
0.425408 0.00453705 17792 4.09938
0.42739 0.00449348 18138 4.06002
0.42937 0.00445072 19392 4.02138
0.431414 0.00440615 18768 3.98111
0.433421 0.00436229 19038 3.94149
0.435438 0.00432193 19460 3.90501
0.437444 0.00428633 19992 3.87285
0.4396 0.00423546 21174 3.82689
0.441671 0.00420189 20040 3.79655
0.443727 0.00416804 20628 3.76597
0.445802 0.00412447 20798 3.7266
0.447878 0.00409204 21480 3.69731
0.449991 0.00404669 21792 3.65633
0.452114 0.00400981 21414 3.623
0.454235 0.00397146 23100 3.58835
0.456374 0.00393567 21992 3.55602
0.458534 0.00389152 23406 3.51613
0.460666 0.00385596 22536 3.484
0.46284 0.00380971 24348 3.4422
0.465042 0.0037749 23598 3.41075
0.467214 0.00374386 24224 3.38271
0.469406 0.00369391 24648 3.33758
0.471626 0.00366539 24618 3.31181
0.473743 0.00362655 24192 3.27671
0.475977 0.00359105 26208 3.24464
0.478226 0.00355022 25790 3.20775
0.480485 0.00351872 26916 3.17929
0.482752 0.00348722 26214 3.15083
0.485019 0.00344953 27528 3.11677
0.487306 0.00341115 27720 3.0821
0.48961 0.00337576 27122 3.05011
0.491868 0.00335097 28632 3.02772
0.494198 0.00331876 28680 2.99861
0.496522 0.00328037 28722 2.96393
0.498833 0.00324869 30000 2.93531
0.501204 0.00321205 29408 2.9022
0.50355 0.00318588 30678 2.87856
0.505916 0.00315077 30660 2.84683
0.508313 0.00312162 31494 2.8205
0.510704 0.00308987 31448 2.79181
0.513084 0.00306258 32160 2.76715
0.515543 0.00303008 33090 2.73778
0.51795 0.00300237 32664 2.71275
0.520364 0.002968 32718 2.68169
0.522793 0.00294297 34472 2.65908
0.52526 0.00291758 34260 2.63613
0.527713 0.00289012 34302 2.61133
0.530156 0.00286292 35472 2.58675
0.532669 0.00282639 36020 2.55375
0.535188 0.00280712 36942 2.53633
0.5377 0.0027717 36360 2.50433
0.540241 0.00274697 38166 2.48198
0.542756 0.00271815 36804 2.45594
0.545284 0.00269079 38864 2.43122
0.54787 0.00265629 39366 2.40005
0.550466 0.00262834 40068 2.3748
0.553028 0.00260963 38910 2.35789
0.555606 0.00257835 41360 2.32963
0.558224 0.00255265 40782 2.30641
0.56083 0.00253302 42204 2.28867
0.56345 0.00251099 41544 2.26876
0.566114 0.00248075 44510 2.24145
0.568794 0.00245971 42948 2.22244
0.57145 0.00243161 44478 2.19704
0.574166 0.00240733 46032 2.1751
0.576877 0.00238257 44402 2.15274
0.57954 0.00235911 46320 2.13154
0.582264 0.00233639 46848 2.11101
0.585017 0.002314 47814 2.09078
0.587762 0.0022905 48260 2.06955
0.590569 0.00226476 49758 2.04629
0.593327 0.00224926 49032 2.03228
0.596104 0.00222426 49770 2.0097
0.598885 0.00220341 51056 1.99085
0.601688 0.00218154 51504 1.9711
0.60453 0.00215881 52866 1.95056
0.607362 0.00213749 52848 1.93129
0.610229 0.00212033 54542 1.91579
0.613094 0.00209451 54276 1.89246
0.615957 0.00207502 55062 1.87486
0.618839 0.00205666 56568 1.85826
0.62177 0.00203664 57266 1.84017
0.624688 0.00201512 58056 1.82073
0.627616 0.00199154 57750 1.79943
0.630554 0.00197595 60380 1.78534
0.633541 0.00195312 60390 1.76471
0.63652 0.00193416 61608 1.74759
0.639512 0.00191405 61362 1.72941
0.64251 0.00189789 63752 1.71481
0.64554 0.00188032 63528 1.69894
0.648554 0.00186262 64050 1.68294
0.651549 0.00184365 64784 1.66581
0.654649 0.00182675 68814 1.65053
0.657741 0.00180825 66156 1.63382
0.66081 0.00179446 68718 1.62136
0.663899 0.00177868 69104 1.6071
0.667047 0.00175507 71682 1.58576
0.670183 0.00173718 70512 1.56961
0.673306 0.00172047 72278 1.5545
0.676483 0.00170374 74532 1.53939
0.679687 0.00169121 74454 1.52807
0.682871 0.00167519 75540 1.5136
0.686079 0.00165289 76526 1.49345
0.689314 0.00164438 78648 1.48575
0.692548 0.0016251 77370 1.46834
0.695723 0.0016103 78272 1.45497
0.698997 0.00159756 82710 1.44345
0.702314 0.00157698 82146 1.42486
0.705609 0.00156633 83712 1.41523
0.708938 0.00154819 84710 1.39885
0.712273 0.001536 86172 1.38783
0.715624 0.00152149 86406 1.37472
0.718964 0.00150978 88244 1.36414
0.722353 0.00149109 89670 1.34725
0.725741 0.00147738 90792 1.33487
0.729184 0.00146635 93194 1.3249
0.732605 0.00144898 92352 1.3092
0.736035 0.00144147 94914 1.30242
0.739481 0.00142517 95504 1.28769
0.742951 0.00141456 97230 1.2781
0.746441 0.00139707 98802 1.2623
0.749957 0.00138802 100952 1.25413
0.753469 0.00137598 99990 1.24324
0.756983 0.0013598 103356 1.22863
0.760565 0.00134899 105014 1.21886
0.764149 0.00133544 106548 1.20661
0.767736 0.00132023 106302 1.19288
0.771306 0.00131274 108002 1.18611
0.774926 0.00130191 111696 1.17632
0.778598 0.00128767 112158 1.16346
0.782245 0.00127625 113300 1.15314
0.785923 0.00126763 115302 1.14535
0.789616 0.00125324 117396 1.13235
0.793312 0.00124344 117158 1.12349
0.797042 0.00123426 121470 1.1152
0.800776 0.00121983 120660 1.10216
0.804553 0.00121242 125030 1.09547
0.808343 0.00119762 125388 1.08209
0.812158 0.00119074 128094 1.07587
0.815959 0.00117815 127058 1.0645
0.819781 0.00116902 132336 1.05625
0.823648 0.00115491 132006 1.04351
0.827505 0.00114973 134162 1.03882
0.8314 0.00114024 137760 1.03025
0.835324 0.00113123 137802 1.0221
0.839214 0.00112199 139016 1.01376
0.843171 0.00111246 144354 1.00515
0.847141 0.00110353 142814 0.99708
0.851084 0.00109376 145932 0.988255
0.855081 0.0010854 148206 0.980701
0.859091 0.00107559 150566 0.971833
0.863128 0.00107009 152820 0.966861
0.867194 0.00106033 155142 0.958043
0.87127 0.00104925 157220 0.948032
0.875368 0.00104129 159198 0.940843
0.879473 0.00103601 160994 0.936075
0.883606 0.00102348 164544 0.924746
0.887753 0.0010192 165282 0.920882
0.891919 0.00101115 168350 0.91361
0.896109 0.00100618 171660 0.909122
0.900336 0.000994648 173622 0.8987
0.904563 0.000990675 175034 0.89511
0.908805 0.000980917 178512 0.886293
0.913051 0.000974541 178646 0.880532
0.917348 0.000968831 185466 0.875373
0.921672 0.000959759 185382 0.867176
0.925992 0.000953422 188252 0.86145
0.930354 0.000949404 192126 0.85782
0.93473 0.000940146 193562 0.849456
0.939107 0.000937296 196176 0.84688
0.943526 0.000928707 200130 0.839119
0.947959 0.000919336 201326 0.830653
0.952394 0.000920037 204972 0.831286
0.956874 0.000911008 208406 0.823128
0.961345 0.000902268 208362 0.815231
0.965874 0.000899107 217662 0.812375
0.970451 0.000895684 217124 0.809282
0.974982 0.000886867 217446 0.801316
0.979556 0.000882107 224690 0.797015
0.984147 0.000874681 224058 0.790305
0.988771 0.000873256 231848 0.789017
0.993453 0.000868422 233994 0.78465
0.998112 0.000863369 234198 0.780084
1.00278 0.000857392 239708 0.774684
1.00751 0.000851519 243630 0.769377
1.01226 0.000848338 247010 0.766503
1.01699 0.00084286 246414 0.761553
1.02174 0.000839083 253772 0.758142
1.02654 0.000837823 256902 0.757003
1.03137 0.00082987 261066 0.749816
1.03624 0.000827528 265958 0.747701
1.0411 0.00082491 265098 0.745335
1.04596 0.000814357 271424 0.7358
1.05088 0.000813298 276858 0.734843
1.05585 0.000812855 281186 0.734443
1.06082 0.000812556 282918 0.734173
1.06577 0.000804776 285146 0.727143
1.07077 0.000800232 293280 0.723038
1.07581 0.000799421 294602 0.722305
1.08087 0.000796642 301278 0.719794
1.08595 0.00079469 302954 0.71803
1.09104 0.000791205 307674 0.714882
1.09614 0.000786426 310560 0.710563
1.1013 0.000785535 320834 0.709759
1.1065 0.000781711 321582 0.706303
1.1117 0.000782488 325226 0.707006
1.11691 0.0007769 331422 0.701956
1.12216 0.000777725 335066 0.702702
1.12744 0.000775318 341340 0.700527
1.13272 0.000771673 342038 0.697234
1.13803 0.000770851 351354 0.696491
1.14339 0.000771028 355478 0.696651
1.14877 0.000768046 360066 0.693957
1.15416 0.000767474 364634 0.69344
1.15957 0.000768027 369072 0.69394
1.16503 0.000763139 377642 0.689523
1.17053 0.000764099 382074 0.69039
1.17602 0.000763548 384014 0.689892
1.18154 0.000763131 393066 0.689516
1.18707 0.000764055 393950 0.690351
1.19264 0.000764256 404154 0.690532
1.19826 0.000761395 409178 0.687947
1.20388 0.00076311 413334 0.689497
1.20954 0.000763356 421196 0.689719
1.21521 0.000762582 422658 0.68902
1.22091 0.000764473 434990 0.690729
1.22666 0.000765502 437442 0.691658
1.23241 0.000763889 443066 0.690201
1.2382 0.0007652 452150 0.691385
1.24401 0.000767618 455538 0.69357
1.24985 0.00076717 463382 0.693165
1.25571 0.000767352 468666 0.693329
1.26162 0.000769751 479642 0.695498
1.26756 0.000770473 482814 0.696149
1.2735 0.000770362 489386 0.69605
1.27948 0.000775167 498642 0.700391
1.2855 0.000772836 503450 0.698285
1.29154 0.000777393 512838 0.702402
1.29761 0.000778173 517586 0.703107
1.30369 0.00078081 524372 0.705489
1.3098 0.000781636 534270 0.706235
1.31596 0.000787392 540386 0.711437
1.32215 0.000790112 550938 0.713894
1.32836 0.000795893 554270 0.719117
1.33459 0.000796585 564978 0.719743
1.34087 0.000799149 574370 0.722059
1.34718 0.00080433 579614 0.726741
1.3535 0.000804252 587778 0.72667
1.35985 0.000808393 596978 0.730412
1.36624 0.000813887 606570 0.735376
1.37267 0.000816788 613982 0.737997
1.37911 0.000824219 621200 0.744711
1.38558 0.000829229 631386 0.749238
1.39208 0.000831691 640418 0.751462
1.39864 0.000836923 651870 0.75619
1.40521 0.000843114 657770 0.761783
1.4118 0.000847393 667082 0.76565
1.41842 0.000852971 675810 0.770689
1.42509 0.000856627 689318 0.773993
1.4318 0.000861455 698754 0.778355
1.43854 0.000871633 706922 0.787551
1.44529 0.000874831 715562 0.79044
1.45208 0.000881761 727662 0.796702
1.45889 0.000890125 734426 0.804259
1.46572 0.000893194 745746 0.807032
1.4726 0.000902731 759698 0.815649
1.47952 0.000912702 768140 0.824659
1.48647 0.000917521 778770 0.829013
1.49347 0.000923893 795842 0.83477
1.50049 0.000933525 799442 0.843473
1.50754 0.000942007 816042 0.851136
1.51462 0.000953501 822038 0.861522
1.52173 0.000957547 837722 0.865178
1.52887 0.000967545 846330 0.874211
1.53605 0.000973075 860768 0.879208
1.54327 0.000986671 873722 0.891492
1.55052 0.000992658 885438 0.896901
1.55781 0.00100784 898730 0.910617
1.56513 0.00101202 908402 0.9144
1.57247 0.0010218 923226 0.923237
1.57985 0.00103723 933944 0.937175
1.58727 0.00104464 949730 0.943869
1.59472 0.00105657 961278 0.954644
1.60222 0.00107221 981218 0.968775
1.60976 0.00108541 989186 0.980703
1.6173 0.00111579 1001016 1.00815
1.62489 0.00110132 1019138 0.995086
1.63253 0.00111376 1032842 1.00632
1.64019 0.0011296 1045394 1.02063
1.6479 0.00113702 1066230 1.02734
1.65565 0.00115173 1075496 1.04063
1.66341 0.00116856 1090154 1.05584
1.67122 0.00117989 1110378 1.06607
1.67908 0.00119397 1124666 1.0788
1.68697 0.00120606 1139624 1.08972
1.6949 0.00122224 1157114 1.10434
1.70286 0.00124167 1171434 1.12189
1.71085 0.00125191 1188494 1.13115
1.71889 0.00126868 1205504 1.14629
1.72697 0.00128584 1226594 1.1618
1.73508 0.00130161 1235562 1.17605
1.74322 0.0013165 1259120 1.18951
1.75141 0.00133724 1274498 1.20824
1.75964 0.00135418 1295594 1.22355
1.76791 0.00136888 1308312 1.23683
1.77621 0.00139286 1333922 1.2585
1.78456 0.00140688 1348418 1.27116
1.79294 0.00142311 1366112 1.28583
1.80136 0.0014438 1389738 1.30453
1.80982 0.00146196 1407458 1.32093
1.81832 0.00147956 1426520 1.33684
1.82687 0.00150388 1448810 1.3588
1.83545 0.00152669 1465802 1.37942
1.84406 0.00154304 1488456 1.39419
1.85272 0.00156708 1510766 1.41591
1.86142 0.00158683 1528298 1.43376
1.87016 0.00160718 1552784 1.45214
1.87895 0.00163376 1579538 1.47616
1.88779 0.00165511 1595784 1.49545
1.89665 0.00167848 1619930 1.51656
1.90555 0.00170112 1637186 1.53703
1.91449 0.00172807 1669616 1.56138
1.9235 0.00174922 1691834 1.58048
1.93253 0.00177851 1706952 1.60694
1.94159 0.00180579 1739630 1.6316
1.95073 0.00183244 1765064 1.65568
1.95988 0.00186096 1783538 1.68145
1.9691 0.00188823 1817480 1.70609
1.97835 0.0019152 1837034 1.73045
1.98765 0.0019394 1866512 1.75232
1.99698 0.00197009 1888242 1.78005
2.00636 0.00200267 1917056 1.80948
2.01577 0.00202939 1941554 1.83363
2.02525 0.00205836 1978040 1.8598
2.03477 0.00209029 1997426 1.88865
2.04433 0.00212348 2029256 1.91864
2.05393 0.00215854 2056370 1.95031
2.06357 0.00218908 2084000 1.97791
2.07326 0.00222764 2117778 2.01275
2.083 0.00226024 2143952 2.04221
2.09278 0.00228855 2175614 2.06778
2.10261 0.00232587 2206400 2.10151
2.11248 0.00236028 2233970 2.13259
2.12241 0.00240623 2276456 2.17411
2.13239 0.00243405 2301848 2.19925
2.1424 0.00247303 2332922 2.23447
2.15246 0.00251392 2366960 2.27142
2.16256 0.00254957 2397698 2.30363
2.17272 0.00259723 2436644 2.34669
2.18293 0.00263849 2472608 2.38397
2.19319 0.00267717 2503050 2.41892
2.20348 0.00271694 2535392 2.45485
2.21383 0.00276373 2581088 2.49712
2.22424 0.00280826 2612762 2.53736
2.23469 0.00285169 2647964 2.5766
2.24518 0.00289299 2687216 2.61392
2.25573 0.00294393 2724434 2.65994
2.26633 0.00299201 2765840 2.70339
2.27697 0.00303943 2798504 2.74623
2.28766 0.00308968 2841326 2.79163
2.29841 0.00314362 2886128 2.84037
2.30921 0.00319261 2920808 2.88464
2.32005 0.00324216 2967536 2.92941
2.33094 0.00329119 3000674 2.9737
2.34188 0.00334623 3050324 3.02344
2.35289 0.00340313 3094664 3.07485
2.36395 0.00346398 3136016 3.12983
2.37505 0.00352138 3179546 3.18169
2.38621 0.00357916 3227060 3.2339
2.39742 0.0036352 3271832 3.28453
2.40868 0.00369563 3315440 3.33914
2.41998 0.00375761 3363800 3.39513
2.43135 0.00382502 3414158 3.45604
2.44278 0.00388792 3459752 3.51287
2.45425 0.00395807 3508864 3.57626
2.46578 0.00401505 3560804 3.62774
2.47736 0.00408586 3608912 3.69172
2.489 0.00415904 3660608 3.75784
2.50068 0.00422955 3707846 3.82155
2.51243 0.00430105 3769664 3.88615
2.52424 0.00437578 3822920 3.95367
2.53609 0.00444665 3863564 4.0177
2.548 0.00452977 3930704 4.09281
2.55998 0.00460568 3986168 4.1614
2.572 0.00468553 4034228 4.23354
2.58406 0.0047682 4090816 4.30824
2.5962 0.00485497 4160360 4.38664
2.60841 0.00493149 4213436 4.45577
2.62066 0.00501697 4270976 4.53301
2.63296 0.0051108 4332308 4.61779
2.64533 0.00520739 4395896 4.70506
2.65775 0.0052958 4454378 4.78494
2.67023 0.00538396 4517036 4.8646
2.68278 0.00548398 4588552 4.95497
2.69539 0.00558227 4651316 5.04378
2.70805 0.00568372 4711190 5.13544
2.72076 0.00579004 4782704 5.2315
2.73355 0.00589819 4849964 5.32923
2.74639 0.00600746 4917080 5.42796
2.75928 0.00611102 4985260 5.52152
2.77224 0.00622324 5060456 5.62292
2.78527 0.00633727 5127788 5.72594
2.79835 0.00645815 5201672 5.83517
2.81149 0.00658487 5278196 5.94966
2.8247 0.00669588 5350384 6.04996
2.83797 0.00682849 5423492 6.16978
2.8513 0.00695875 5504720 6.28747
2.86469 0.00708194 5581268 6.39878
2.87815 0.00722763 5659270 6.53042
2.89166 0.00735968 5736332 6.64973
2.90524 0.00750056 5823104 6.77702
2.91889 0.00765803 5909900 6.9193
2.93261 0.00779846 5986168 7.04619
2.94637 0.00794988 6064034 7.183
2.96021 0.00810714 6162248 7.32509
2.97412 0.00826718 6249932 7.46969
2.9881 0.00843179 6331588 7.61842
3.00213 0.00858999 6424736 7.76136
3.01623 0.00876515 6515066 7.91962
3.0304 0.00894988 6607552 8.08654
3.04463 0.009129 6691412 8.24837
3.05892 0.00929831 6796676 8.40135
3.0733 0.00951331 6894838 8.59561
3.08773 0.00970313 6983324 8.76712
3.10224 0.0098929 7094120 8.93858
3.11681 0.0101096 7182634 9.13441
3.13145 0.0103127 7295588 9.31793
3.14616 0.0105327 7389992 9.5167
3.16094 0.010757 7499434 9.71933
3.17579 0.0109885 7606244 9.92854
3.1907 0.011216 7703654 10.1341
3.20568 0.011472 7823908 10.3654
3.22074 0.0117244 7933148 10.5934
3.23587 0.0119764 8035210 10.8211
3.25107 0.0122359 8168648 11.0556
3.26635 0.0124835 8270402 11.2792
3.28169 0.0127825 8396284 11.5494
3.2971 0.0130587 8496608 11.799
3.31258 0.0133637 8636482 12.0746
3.32814 0.0136558 8744780 12.3385
3.34377 0.0139896 8878274 12.6401
3.35948 0.0142958 8998288 12.9167
3.37526 0.014645 9127058 13.2323
3.39111 0.0149781 9258676 13.5333
3.40704 0.0153449 9394994 13.8646
3.42305 0.0157056 9518530 14.1905
3.43912 0.0160851 9652352 14.5335
3.45528 0.0164588 9800506 14.8711
3.47151 0.0168666 9929156 15.2396
3.48782 0.0172838 10079002 15.6166
3.5042 0.0177013 10202930 15.9937
3.52065 0.0181735 10362148 16.4204
3.53719 0.018637 10508450 16.8392
3.5538 0.0191067 10647784 17.2635
3.5705 0.0195992 10817954 17.7086
3.58727 0.0200897 10950034 18.1517
3.60411 0.0206193 11116484 18.6303
3.62105 0.0212163 11277610 19.1697
3.63806 0.0217383 11430154 19.6414
3.65514 0.0223234 11580074 20.17
3.6723 0.0229522 11759140 20.7381
3.68955 0.0235964 11924378 21.3202
3.70689 0.0242761 12099850 21.9343
3.7243 0.0249473 12260050 22.5408
3.7418 0.0256686 12439484 23.1925
3.75937 0.0264197 12606226 23.8712
3.77703 0.0271853 12800474 24.5629
3.79477 0.0280349 12964258 25.3305
3.81259 0.0288385 13155874 26.0566
3.8305 0.0297289 13345394 26.8611
3.84849 0.0306595 13525540 27.7019
3.86657 0.0316085 13730122 28.5594
3.88473 0.0326233 13917890 29.4763
3.90298 0.0336647 14114938 30.4172
3.92131 0.0347626 14316682 31.4093
3.93974 0.0359029 14520626 32.4395
3.95824 0.0370906 14708962 33.5126
3.97682 0.0383933 14936002 34.6897
3.9955 0.0396826 15141986 35.8546
4.01428 0.0410836 15366994 37.1205
4.03313 0.0425568 15563242 38.4515
4.05207 0.0440728 15794614 39.8213
4.07111 0.0457148 16021226 41.3049
4.09023 0.0474111 16238338 42.8376
4.10944 0.0492056 16476706 44.459
4.12874 0.0510226 16717282 46.1007
4.14814 0.0530272 16935730 47.912
4.16762 0.055077 17183270 49.764
4.18719 0.0572722 17431546 51.7475
4.20686 0.0596655 17672128 53.9099
4.22662 0.0620879 17929450 56.0986
4.24648 0.064667 18181246 58.429
4.26643 0.0673596 18436154 60.8617
4.28646 0.0701108 18688066 63.3476
4.30659 0.0732037 18966160 66.1421
4.32682 0.0764246 19228342 69.0523
4.34714 0.0796924 19497994 72.0049
4.36756 0.0831823 19789402 75.1582
4.38808 0.0867939 20048224 78.4214
4.40868 0.0909748 20340694 82.1989
4.42939 0.0951082 20631698 85.9336
4.4502 0.0993942 20920738 89.8062
4.4711 0.104387 21224764 94.3177
4.49211 0.109254 21524794 98.7147
4.51321 0.114277 21819694 103.253
4.53441 0.121186 22136776 109.496
4.55571 0.126808 22446490 114.576
4.5771 0.134663 22753708 121.673
4.5986 0.142638 23092930 128.878
4.6202 0.150918 23405020 136.359
4.6419 0.164946 23744914 149.035
4.66371 0.172696 24090094 156.037
4.68561 0.199011 24416584 179.814
4.70762 0.209203 24763822 189.022
4.72973 0.260434 25116112 235.312
4.75194 0.3184 25474348 287.685
4.77427 0.385592 25839802 348.396
4.79669 0.667093 26191732 602.742
4.81921 261.706 26563339 236460
4.84183 0.177421 26678128 160.306
4.86457 0.174541 26655828 157.704
4.88742 0.172496 26675140 155.856
4.91038 0.170905 26644864 154.419
4.93344 0.169892 26631640 153.504
4.95661 0.169159 26619904 152.841
4.9799 0.168798 26596180 152.515
5.00329 0.168868 26557060 152.578
5.02679 0.169111 26532520 152.798
5.0504 0.169575 26493240 153.217
5.07412 0.170268 26453764 153.843
5.09795 0.171193 26412544 154.679
5.1219 0.172347 26360476 155.721
5.14595 0.173636 26299600 156.887
5.17012 0.175329 26254092 158.416
5.19441 0.177005 26178916 159.931
5.21881 0.178941 26116096 161.68
5.24332 0.181114 26040928 163.643
5.26795 0.183394 25967736 165.703
5.29269 0.18577 25862260 167.85
5.31755 0.188475 25796416 170.294
5.34253 0.191173 25689396 172.731
5.36762 0.19432 25577176 175.575
5.39283 0.197482 25489588 178.432
5.41816 0.200965 25373328 181.579
5.44362 0.204612 25250224 184.875
5.46918 0.208505 25122124 188.392
5.49487 0.212623 24990660 192.112
5.52068 0.217054 24856192 196.116
5.54661 0.221782 24706228 200.388
5.57266 0.226684 24558204 204.817
5.59883 0.232248 24392068 209.844
5.62513 0.237786 24237480 214.848
5.65155 0.24394 24064336 220.408
5.67809 0.25044 23876980 226.281
5.70476 0.25727 23697324 232.452
5.73156 0.264876 23498488 239.325
5.75848 0.272737 23292324 246.427
5.78553 0.281161 23100964 254.039
5.81271 0.290298 22862988 262.294
5.84 0.300224 22634848 271.263
5.86743 0.310527 22410012 280.572
5.89499 0.321846 22160572 290.799
5.92268 0.333875 21915600 301.668
5.9505 0.34685 21645516 313.391
5.97844 0.360424 21372232 325.655
6.00652 0.374717 21101172 338.57
6.03474 0.390252 20815564 352.607
6.06308 0.406608 20504628 367.385
6.09156 0.424116 20204736 383.204
6.12017 0.442436 19883356 399.757
6.14891 0.461462 19552848 416.947
6.17779 0.481397 19217196 434.959
6.20681 0.502947 18861736 454.43
6.23596 0.524112 18502836 473.554
6.26525 0.547723 18135780 494.887
6.29467 0.571338 17749600 516.224
6.32424 0.595938 17354232 538.451
6.35394 0.622711 16953228 562.641
6.38378 0.650053 16529656 587.346
6.41376 0.678691 16099164 613.221
6.44388 0.713304 15659388 644.496
6.47415 0.750999 15207864 678.554
6.50455 0.793423 14736132 716.885
6.5351 0.845996 14255596 764.388
6.56579 0.912397 13762332 824.383
6.59662 1.00141 13252296 904.813
6.6276 1.13944 12731268 1029.53
6.65872 1.35208 12198720 1221.65
6.68999 1.72661 11649660 1560.05
6.72141 2.37721 11081952 2147.89
6.75296 3.86012 10500652 3487.75
6.78467 7.34641 9911376 6637.74
6.81652 2094.92 9301473 1.89284e+06
6.84856 0.750742 8737218 678.322
6.88073 0.770054 8239530 695.771
6.91305 0.797929 7788972 720.957
6.94552 0.831145 7357452 750.969
6.97814 0.871106 6958434 787.075
7.01093 0.916901 6572454 828.453
7.04385 0.970802 6204966 877.154
7.07693 1.02945 5851524 930.147
7.11016 1.09848 5518854 992.52
7.14356 1.17328 5192928 1060.1
7.17711 1.25867 4883690 1137.25
7.21082 1.35288 4585122 1222.38
7.24468 1.4597 4294452 1318.89
7.27871 1.57811 4020870 1425.88
7.31289 1.71009 3750774 1545.12
7.34723 1.85931 3496122 1679.95
7.38174 2.02649 3250038 1831
7.41641 2.20693 3010904 1994.04
7.45123 2.41143 2783520 2178.82
7.48622 2.63789 2566482 2383.42
7.52138 2.88514 2355504 2606.83
7.55668 3.1595 2154350 2854.72
7.59215 3.47124 1964322 3136.38
7.62781 3.80057 1782180 3433.95
7.66364 4.16832 1608354 3766.23
7.69963 4.56657 1442012 4126.06
7.73577 5.00856 1285878 4525.41
7.77208 5.48851 1137636 4959.06
7.80856 6.01871 999476 5438.11
7.84519 6.65283 867846 6011.07
7.88195 7.39746 746768 6683.87
7.91894 8.41654 636276 7604.64
7.95615 9.74349 532566 8803.58
7.99345 11.8341 435044 10692.6
8.03087 15.3174 351690 13839.8
8.06861 21.6017 275630 19517.9
8.1063 34.0289 204876 30746.3
8.14415 60.9904 150770 55107
8.18252 132.604 100542 119812
8.22015 333.961 59294 301746
8.25771 1145.71 32538 1.03519e+06
8.29571 6917.52 11726 6.25023e+06
8.32962 98652.5 1560 8.9136e+07
8.35799 1.8227e+10 1 1.64688e+13
