# in Mpc/h Units 
# D1 = 0.235002 
# k P N P(z=0)
0.00628319 10.0847 6 182.608
0.00888577 12.1402 12 219.826
0.0108828 13.1493 8 238.099
0.0125664 13.7772 6 249.469
0.0140496 13.9768 24 253.084
0.0153906 14.1013 24 255.338
0.0177715 14.0274 12 253.999
0.0188496 13.9033 30 251.752
0.0198692 13.7825 24 249.565
0.020839 13.5846 24 245.981
0.0217656 13.3793 8 242.265
0.0226543 13.1802 24 238.658
0.0235095 12.9573 48 234.623
0.0251327 12.6141 6 228.408
0.0259062 12.287 48 222.486
0.0266573 12.059 36 218.357
0.0273878 11.8425 24 214.436
0.0280993 11.6324 24 210.633
0.0287932 11.4212 48 206.808
0.0294708 11.1956 24 202.723
0.0307812 10.7781 24 195.163
0.0314159 10.5782 30 191.544
0.0320381 10.4109 72 188.514
0.0326484 10.2391 32 185.403
0.033836 9.87982 72 178.898
0.0344144 9.71422 48 175.899
0.0355431 9.4135 12 170.454
0.0360942 9.27423 48 167.932
0.036637 9.13087 48 165.336
0.0371718 8.99513 48 162.878
0.0376991 8.84718 30 160.199
0.0382191 8.76396 24 158.692
0.0387322 8.61549 72 156.004
0.0397384 8.37497 24 151.649
0.040232 8.27713 96 149.877
0.0407197 8.16615 48 147.868
0.0412016 8.08821 24 146.456
0.0416779 7.9886 24 144.653
0.0421489 7.87453 72 142.587
0.0426146 7.77888 48 140.855
0.0435312 7.68048 8 139.073
0.0439823 7.57136 54 137.097
0.0444288 7.48439 84 135.523
0.0448709 7.4132 48 134.234
0.0453087 7.33589 24 132.834
0.0457423 7.26493 72 131.549
0.0461718 7.21697 96 130.68
0.0470191 7.08166 48 128.23
0.047437 7.01664 48 127.053
0.0478513 6.99557 24 126.671
0.0482621 6.91581 72 125.227
0.0490732 6.82938 72 123.662
0.0494739 6.76891 96 122.567
0.0502655 6.50427 6 117.775
0.0506567 6.65641 96 120.53
0.0510448 6.60196 96 119.544
0.0514301 6.5589 24 118.764
0.0518125 6.53988 48 118.42
0.0521921 6.50084 96 117.713
0.0525689 6.46079 48 116.988
0.0533146 6.37663 36 115.464
0.0536836 6.36306 48 115.218
0.05405 6.30744 120 114.211
0.054414 6.31112 56 114.278
0.0547755 6.25331 24 113.231
0.0551347 6.22568 96 112.731
0.0554916 6.19893 48 112.246
0.0561985 6.16684 24 111.665
0.0565487 6.11749 102 110.772
0.0568967 6.08961 48 110.267
0.0572425 6.06888 72 109.892
0.0575863 6.03969 48 109.363
0.0579281 6.03563 48 109.289
0.0582679 5.97969 120 108.276
0.0589415 5.95008 24 107.74
0.0592755 5.93659 144 107.496
0.0596075 5.90096 120 106.851
0.0599378 5.86686 48 106.233
0.0605928 5.84601 48 105.856
0.0609177 5.81856 96 105.359
0.0615624 5.77613 24 104.591
0.0618822 5.76603 48 104.408
0.0622004 5.75674 108 104.239
0.0625169 5.72185 72 103.608
0.0628319 5.69722 30 103.162
0.0631452 5.67564 168 102.771
0.0634571 5.66243 48 102.532
0.0640762 5.61548 72 101.682
0.0643835 5.60767 96 101.54
0.0646894 5.59282 72 101.271
0.0649938 5.56857 72 100.832
0.0652968 5.52372 32 100.02
0.0655984 5.51637 72 99.8871
0.0658986 5.50191 144 99.6251
0.0667912 5.41434 96 98.0395
0.0670861 5.39718 96 97.7288
0.0673797 5.40158 48 97.8084
0.067672 5.38155 72 97.4457
0.067963 5.36086 120 97.071
0.0682529 5.32815 72 96.4789
0.0688288 5.31331 48 96.2101
0.069115 5.28633 78 95.7216
0.0694001 5.23166 120 94.7316
0.0696839 5.26037 48 95.2515
0.0702481 5.19729 144 94.1092
0.0705286 5.17575 144 93.7192
0.0710861 5.11543 12 92.627
0.0713633 5.11688 144 92.6533
0.0716393 5.09145 48 92.1927
0.0719926 5.06549 168 91.7228
0.0724612 5.02314 48 90.9558
0.0727331 5.00882 168 90.6965
0.0734532 4.96532 144 89.9089
0.0738107 4.91247 96 88.9519
0.0740777 4.9115 72 88.9343
0.0743437 4.86913 48 88.1672
0.0746967 4.84296 144 87.6933
0.0753982 4.7825 30 86.5986
0.0758332 4.74427 288 85.9063
0.0761796 4.70848 56 85.2582
0.0766638 4.6847 192 84.8276
0.076953 4.66899 120 84.5432
0.0776339 4.60237 216 83.3368
0.0779723 4.58967 96 83.1069
0.078225 4.54081 96 82.2222
0.0787281 4.49575 72 81.4063
0.0789784 4.49758 96 81.4393
0.0794767 4.46656 24 80.8777
0.0798137 4.41422 300 79.93
0.0802183 4.38399 24 79.3825
0.0805865 4.35687 192 78.8914
0.0809532 4.31658 120 78.162
0.0814394 4.27153 48 77.3462
0.0818379 4.24475 222 76.8612
0.0821633 4.19654 120 75.9884
0.0826125 4.1697 192 75.5024
0.0828809 4.15952 144 75.3181
0.0833559 4.07871 24 73.8547
0.0837495 4.08292 144 73.9309
0.0840633 4.05152 120 73.3624
0.0844439 4.01394 192 72.6818
0.0847648 3.98507 144 72.1591
0.0852293 3.93987 48 71.3408
0.0855594 3.9086 336 70.7745
0.0859213 3.88107 48 70.276
0.0864252 3.84121 240 69.5542
0.0870624 3.813 8 69.0434
0.0872888 3.7723 48 68.3065
0.087579 3.74451 336 67.8032
0.0881192 3.70789 174 67.1402
0.0884123 3.68708 120 66.7634
0.0889978 3.63764 228 65.868
0.089427 3.58818 168 64.9724
0.0898883 3.5624 144 64.5056
0.0901807 3.53597 240 64.0271
0.0906174 3.53005 24 63.9199
0.090897 3.49361 336 63.2602
0.0913765 3.43026 144 62.113
0.0917922 3.42558 168 62.0283
0.0923436 3.37206 96 61.0592
0.0926754 3.34812 216 60.6257
0.0932651 3.31068 288 59.9477
0.0936174 3.28858 144 59.5475
0.0941969 3.23993 198 58.6667
0.094573 3.21777 216 58.2653
0.0950225 3.19158 168 57.7911
0.0952892 3.17719 240 57.5306
0.0958792 3.12296 168 56.5486
0.0962314 3.12017 336 56.4982
0.0968099 3.0771 240 55.7182
0.097638 3.03516 276 54.9588
0.0981837 2.9964 344 54.2569
0.0985479 2.9895 144 54.132
0.0990673 2.95692 240 53.542
0.0994528 2.92904 312 53.0372
0.100098 2.88693 240 52.2748
0.100531 2.89687 6 52.4548
0.100874 2.8561 384 51.7164
0.101448 2.83792 312 51.3872
0.101924 2.81355 168 50.9461
0.102421 2.78335 336 50.3992
0.102983 2.76287 336 50.0284
0.103243 2.75869 192 49.9526
0.103879 2.73158 288 49.4618
0.104279 2.72083 216 49.2671
0.104705 2.71277 240 49.1211
0.105349 2.67555 384 48.4471
0.1057 2.64937 72 47.9731
0.106152 2.64515 336 47.8967
0.106914 2.60973 378 47.2554
0.107244 2.60126 144 47.1021
0.107631 2.59842 384 47.0506
0.10826 2.5735 384 46.5992
0.108777 2.55749 344 46.3094
0.10919 2.54522 144 46.0873
0.109816 2.53155 456 45.8398
0.110311 2.53275 312 45.8614
0.110746 2.51202 144 45.4861
0.111354 2.49436 552 45.1663
0.111965 2.4857 264 45.0095
0.112557 2.4649 264 44.6329
0.112926 2.45982 294 44.5409
0.113378 2.45671 432 44.4846
0.113986 2.4331 432 44.0571
0.114516 2.43532 264 44.0972
0.114915 2.41552 192 43.7387
0.115567 2.41045 468 43.6469
0.116093 2.39354 552 43.3407
0.116705 2.39199 336 43.3126
0.117239 2.37658 288 43.0336
0.117777 2.36255 456 42.7796
0.118366 2.35402 432 42.6252
0.118788 2.33719 168 42.3203
0.119469 2.33679 566 42.3132
0.120077 2.33081 432 42.2048
0.120751 2.31436 432 41.9071
0.121153 2.30414 360 41.7219
0.121711 2.29774 624 41.606
0.122203 2.27826 264 41.2534
0.122718 2.28814 360 41.4323
0.123453 2.26727 456 41.0543
0.123969 2.25855 504 40.8965
0.12467 2.24876 564 40.7191
0.12526 2.23345 384 40.442
0.125876 2.22693 462 40.3239
0.126429 2.21933 624 40.1863
0.127121 2.20998 432 40.017
0.127677 2.1933 624 39.715
0.128318 2.17657 312 39.4119
0.128807 2.17326 552 39.352
0.129504 2.15664 408 39.0511
0.129878 2.15242 600 38.9746
0.130701 2.13815 608 38.7163
0.131297 2.12202 504 38.4241
0.131933 2.10612 510 38.1363
0.13258 2.09388 600 37.9147
0.133214 2.08052 492 37.6727
0.133672 2.06679 552 37.4241
0.134446 2.05416 696 37.1954
0.13492 2.03156 504 36.7861
0.135589 2.0302 528 36.7616
0.136149 2.01421 624 36.472
0.136788 1.99506 504 36.1253
0.137489 1.97864 552 35.828
0.138157 1.96116 654 35.5115
0.138792 1.94723 840 35.2591
0.139482 1.92163 744 34.7957
0.140148 1.91293 456 34.6382
0.140735 1.89187 648 34.2569
0.141506 1.86901 896 33.8429
0.142105 1.86337 396 33.7407
0.142726 1.83334 816 33.197
0.14348 1.81585 672 32.8803
0.144008 1.80008 552 32.5947
0.14474 1.78218 894 32.2705
0.145447 1.76435 672 31.9478
0.146112 1.746 624 31.6156
0.146784 1.73019 888 31.3293
0.147376 1.71022 720 30.9676
0.148179 1.69362 936 30.667
0.148977 1.66437 648 30.1374
0.149637 1.64893 936 29.8577
0.150285 1.63061 696 29.526
0.151106 1.60586 618 29.0779
0.151697 1.59534 1008 28.8874
0.15237 1.57746 872 28.5636
0.153147 1.55772 960 28.2061
0.153934 1.54429 888 27.963
0.154569 1.52311 648 27.5795
0.155288 1.51311 840 27.3985
0.155941 1.49364 912 27.046
0.156682 1.4812 774 26.8207
0.157451 1.46516 1272 26.5302
0.158249 1.44813 912 26.2218
0.159019 1.42901 864 25.8756
0.159745 1.4154 924 25.6292
0.160428 1.4034 1080 25.4118
0.161255 1.38476 1008 25.0744
0.161989 1.37461 1128 24.8906
0.162879 1.36294 768 24.6793
0.1635 1.35404 1046 24.5181
0.164304 1.34291 1152 24.3166
0.16512 1.3269 1272 24.0267
0.165918 1.31415 912 23.7958
0.166638 1.30641 1200 23.6556
0.167465 1.29096 1080 23.3758
0.1681 1.28696 840 23.3034
0.169017 1.27522 1332 23.0909
0.169783 1.26664 1062 22.9355
0.170536 1.25846 1320 22.7875
0.17142 1.24614 1248 22.5643
0.172167 1.24522 1104 22.5476
0.173001 1.23589 1392 22.3787
0.173739 1.22728 776 22.2229
0.174601 1.21744 1728 22.0447
0.175449 1.21199 1224 21.9459
0.17633 1.20881 1254 21.8884
0.177179 1.20032 1368 21.7347
0.177982 1.18933 1236 21.5357
0.178748 1.18851 1608 21.5208
0.179662 1.17751 1008 21.3217
0.180329 1.17292 1488 21.2385
0.181298 1.1636 1440 21.0697
0.182161 1.15912 1158 20.9886
0.182962 1.15865 1824 20.9801
0.183819 1.15024 1464 20.8278
0.184763 1.14209 1448 20.6802
0.18557 1.14289 1560 20.6947
0.186484 1.13027 1428 20.4662
0.187347 1.12687 1680 20.4047
0.188277 1.12348 1494 20.3432
0.189164 1.11363 1944 20.1648
0.190083 1.10682 1368 20.0417
0.190912 1.09571 1584 19.8403
0.191791 1.09417 1776 19.8125
0.192627 1.08204 1440 19.5928
0.19355 1.07633 1968 19.4895
0.194476 1.06957 1374 19.367
0.195383 1.06614 2100 19.3049
0.196314 1.05216 1640 19.0519
0.19731 1.04506 2496 18.9232
0.198246 1.0388 1248 18.8099
0.198969 1.02882 1512 18.6292
0.200004 1.02018 2280 18.4728
0.200981 1.01002 1926 18.2888
0.201907 0.997477 2064 18.0617
0.202923 0.99035 1920 17.9326
0.203766 0.98106 1944 17.7644
0.204817 0.969362 2172 17.5526
0.205802 0.958823 2256 17.3618
0.206744 0.951838 1736 17.2353
0.207695 0.941822 2094 17.0539
0.208661 0.930258 2328 16.8445
0.209635 0.921908 2256 16.6933
0.210605 0.908104 1920 16.4434
0.211552 0.898682 2520 16.2728
0.212598 0.891168 2088 16.1367
0.213716 0.878346 2634 15.9045
0.214685 0.870608 2328 15.7644
0.215636 0.85699 2304 15.5178
0.2167 0.848746 2568 15.3686
0.217712 0.837223 2024 15.1599
0.21856 0.828867 2352 15.0086
0.21964 0.82165 2718 14.8779
0.220689 0.813893 2520 14.7375
0.221792 0.800702 2772 14.4986
0.222806 0.795797 2640 14.4098
0.223891 0.783771 2880 14.192
0.224992 0.779549 2448 14.1156
0.225967 0.770316 2478 13.9484
0.226978 0.763415 2904 13.8234
0.228073 0.755357 2816 13.6775
0.229091 0.749084 3024 13.564
0.230305 0.74231 2952 13.4413
0.231358 0.73393 2796 13.2895
0.232405 0.730151 2982 13.2211
0.23355 0.725903 3312 13.1442
0.234601 0.718187 2688 13.0045
0.235688 0.712253 3144 12.897
0.236855 0.706143 3672 12.7864
0.237877 0.70164 2328 12.7049
0.239086 0.696962 4046 12.6202
0.240233 0.690941 2844 12.5111
0.241291 0.687794 3600 12.4541
0.242431 0.684019 3264 12.3858
0.243572 0.678484 3288 12.2856
0.244685 0.673117 3198 12.1884
0.245798 0.669897 3864 12.1301
0.246976 0.666518 3456 12.0689
0.248127 0.661153 3744 11.9718
0.24936 0.653963 3876 11.8415
0.250523 0.651676 3392 11.8001
0.251669 0.648527 3918 11.7431
0.252872 0.643328 3864 11.649
0.254083 0.63858 4104 11.563
0.255199 0.633963 3480 11.4794
0.256387 0.629588 4080 11.4002
0.257664 0.622604 4170 11.2737
0.258855 0.61987 4176 11.2242
0.26008 0.613578 4560 11.1103
0.261336 0.608816 3656 11.0241
0.262469 0.602404 4344 10.908
0.263809 0.597448 4830 10.8182
0.265071 0.59285 4416 10.735
0.266256 0.58654 3876 10.6207
0.267421 0.579195 4752 10.4877
0.268761 0.574014 4968 10.3939
0.2701 0.567349 4494 10.2732
0.27124 0.562411 4200 10.1838
0.272568 0.557268 5792 10.0907
0.273851 0.550765 4224 9.97291
0.275155 0.544064 5220 9.85157
0.276427 0.540795 4590 9.79238
0.277657 0.532932 5328 9.65001
0.27902 0.526797 5304 9.53891
0.280352 0.520043 5040 9.41662
0.281565 0.514728 4920 9.32038
0.282918 0.5089 5750 9.21485
0.284302 0.504281 5388 9.1312
0.285589 0.499102 5784 9.03743
0.286971 0.495305 5400 8.96868
0.288304 0.487814 5640 8.83303
0.289695 0.482228 5934 8.73188
0.291035 0.478691 6120 8.66783
0.292425 0.471683 5544 8.54094
0.293779 0.469198 6164 8.49594
0.295153 0.466105 5838 8.43994
0.296461 0.461798 6144 8.36195
0.297907 0.456698 6288 8.2696
0.299258 0.452757 6576 8.19824
0.300748 0.445903 6504 8.07414
0.302188 0.4446 6594 8.05053
0.30361 0.440891 7008 7.98337
0.305003 0.436873 6200 7.91063
0.306412 0.433994 6768 7.85849
0.307876 0.430418 7182 7.79373
0.309298 0.427417 6864 7.7394
0.310761 0.423396 7308 7.66659
0.312204 0.420632 6744 7.61655
0.313652 0.417073 7686 7.5521
0.315175 0.415873 7280 7.53037
0.31662 0.41174 7920 7.45554
0.318151 0.40717 7560 7.37278
0.319599 0.402351 6948 7.28552
0.321058 0.399761 8430 7.23863
0.322645 0.395823 8328 7.16732
0.324166 0.393574 7824 7.12659
0.32568 0.389502 8160 7.05286
0.327167 0.386284 8030 6.99458
0.328774 0.383094 9372 6.93682
0.330313 0.378761 7968 6.85836
0.331826 0.374529 8568 6.78174
0.333427 0.372017 8934 6.73625
0.334947 0.367478 8952 6.65407
0.336524 0.363937 8880 6.58994
0.338146 0.358385 9548 6.48942
0.339739 0.356191 9126 6.44968
0.341313 0.351887 9384 6.37176
0.342874 0.348038 9288 6.30206
0.344468 0.345015 9792 6.24732
0.346116 0.341379 9570 6.18148
0.34771 0.337218 10376 6.10613
0.349362 0.333093 10152 6.03144
0.351033 0.330743 9960 5.98888
0.352646 0.327468 10782 5.92959
0.354377 0.324199 10992 5.87039
0.356063 0.320753 10452 5.808
0.357696 0.316443 10806 5.72996
0.359426 0.31463 11312 5.69712
0.361079 0.310687 11112 5.62573
0.362754 0.307774 10848 5.57298
0.364449 0.304473 11394 5.51321
0.366133 0.302151 11952 5.47117
0.367846 0.300532 11352 5.44186
0.369601 0.296298 12584 5.36518
0.371397 0.294479 12390 5.33224
0.373143 0.291208 12252 5.27301
0.374848 0.289036 12240 5.23368
0.37663 0.286501 12486 5.18778
0.378363 0.284075 13080 5.14385
0.380139 0.281791 12968 5.1025
0.381916 0.27795 12612 5.03295
0.38369 0.276738 13974 5.011
0.385541 0.274067 13944 4.96264
0.387327 0.270604 12840 4.89992
0.3891 0.269237 14358 4.87518
0.390994 0.266375 14588 4.82336
0.392843 0.263072 14688 4.76355
0.394661 0.26005 13560 4.70882
0.396505 0.258471 15582 4.68023
0.398367 0.255448 14544 4.62549
0.400233 0.253568 15420 4.59144
0.402152 0.250368 15614 4.53351
0.40399 0.248682 14880 4.50297
0.405874 0.245618 16728 4.4475
0.407843 0.242998 15690 4.40005
0.409716 0.239887 16248 4.34372
0.411602 0.239203 16584 4.33134
0.413596 0.235224 16904 4.25929
0.415548 0.233298 17430 4.22442
0.417499 0.231005 16908 4.1829
0.419429 0.227922 17640 4.12706
0.421439 0.225737 17550 4.08751
0.4234 0.223756 18696 4.05164
0.425408 0.220833 17792 3.9987
0.42739 0.218885 18138 3.96344
0.42937 0.216672 19392 3.92335
0.431414 0.214437 18768 3.8829
0.433421 0.213045 19038 3.85768
0.435438 0.21102 19460 3.82103
0.437444 0.209149 19992 3.78714
0.4396 0.206035 21174 3.73075
0.441671 0.204091 20040 3.69555
0.443727 0.203035 20628 3.67643
0.445802 0.200443 20798 3.6295
0.447878 0.199813 21480 3.61808
0.449991 0.196504 21792 3.55817
0.452114 0.19552 21414 3.54035
0.454235 0.193326 23100 3.50062
0.456374 0.191027 21992 3.459
0.458534 0.189147 23406 3.42496
0.460666 0.188056 22536 3.4052
0.46284 0.185123 24348 3.35208
0.465042 0.184162 23598 3.33469
0.467214 0.181949 24224 3.29462
0.469406 0.179404 24648 3.24853
0.471626 0.178186 24618 3.22649
0.473743 0.176878 24192 3.2028
0.475977 0.174514 26208 3.16
0.478226 0.172838 25790 3.12964
0.480485 0.171312 26916 3.10201
0.482752 0.169473 26214 3.0687
0.485019 0.167614 27528 3.03506
0.487306 0.165754 27720 3.00138
0.48961 0.163735 27122 2.96481
0.491868 0.16249 28632 2.94227
0.494198 0.161175 28680 2.91845
0.496522 0.159404 28722 2.88639
0.498833 0.157765 30000 2.85672
0.501204 0.156211 29408 2.82858
0.50355 0.154748 30678 2.80207
0.505916 0.15253 30660 2.76193
0.508313 0.151293 31494 2.73951
0.510704 0.149694 31448 2.71057
0.513084 0.148361 32160 2.68642
0.515543 0.146735 33090 2.65699
0.51795 0.145532 32664 2.63521
0.520364 0.143806 32718 2.60394
0.522793 0.142813 34472 2.58598
0.52526 0.141406 34260 2.56049
0.527713 0.140517 34302 2.5444
0.530156 0.138587 35472 2.50945
0.532669 0.137007 36020 2.48083
0.535188 0.135709 36942 2.45733
0.5377 0.134318 36360 2.43215
0.540241 0.13307 38166 2.40955
0.542756 0.131858 36804 2.38759
0.545284 0.129904 38864 2.35221
0.54787 0.128566 39366 2.32799
0.550466 0.12746 40068 2.30796
0.553028 0.126648 38910 2.29326
0.555606 0.124745 41360 2.25881
0.558224 0.123566 40782 2.23746
0.56083 0.122925 42204 2.22585
0.56345 0.121502 41544 2.20008
0.566114 0.120096 44510 2.17462
0.568794 0.119227 42948 2.15889
0.57145 0.117737 44478 2.1319
0.574166 0.116337 46032 2.10655
0.576877 0.115361 44402 2.08889
0.57954 0.11416 46320 2.06714
0.582264 0.113398 46848 2.05335
0.585017 0.112112 47814 2.03005
0.587762 0.110745 48260 2.0053
0.590569 0.10956 49758 1.98385
0.593327 0.108559 49032 1.96572
0.596104 0.107357 49770 1.94396
0.598885 0.106555 51056 1.92944
0.601688 0.105573 51504 1.91164
0.60453 0.10454 52866 1.89295
0.607362 0.103136 52848 1.86753
0.610229 0.102297 54542 1.85233
0.613094 0.10147 54276 1.83736
0.615957 0.100357 55062 1.81721
0.618839 0.0992208 56568 1.79663
0.62177 0.098348 57266 1.78083
0.624688 0.0974364 58056 1.76432
0.627616 0.09651 57750 1.74754
0.630554 0.0956447 60380 1.73187
0.633541 0.0944282 60390 1.70985
0.63652 0.0935714 61608 1.69433
0.639512 0.0923316 61362 1.67188
0.64251 0.0919784 63752 1.66549
0.64554 0.0910323 63528 1.64836
0.648554 0.0900844 64050 1.63119
0.651549 0.0890158 64784 1.61184
0.654649 0.0885251 68814 1.60296
0.657741 0.0874073 66156 1.58272
0.66081 0.0870253 68718 1.5758
0.663899 0.0858804 69104 1.55507
0.667047 0.0850562 71682 1.54015
0.670183 0.0842829 70512 1.52614
0.673306 0.0831504 72278 1.50564
0.676483 0.0823233 74532 1.49066
0.679687 0.0817416 74454 1.48013
0.682871 0.0810897 75540 1.46832
0.686079 0.080388 76526 1.45562
0.689314 0.0794803 78648 1.43918
0.692548 0.0788663 77370 1.42806
0.695723 0.0779684 78272 1.4118
0.698997 0.0773723 82710 1.40101
0.702314 0.0763007 82146 1.38161
0.705609 0.0758926 83712 1.37422
0.708938 0.0748733 84710 1.35576
0.712273 0.0742672 86172 1.34478
0.715624 0.0735597 86406 1.33197
0.718964 0.0730236 88244 1.32227
0.722353 0.0721778 89670 1.30695
0.725741 0.0713588 90792 1.29212
0.729184 0.0712296 93194 1.28978
0.732605 0.0700662 92352 1.26871
0.736035 0.0697192 94914 1.26243
0.739481 0.0690619 95504 1.25053
0.742951 0.0687118 97230 1.24419
0.746441 0.0678225 98802 1.22809
0.749957 0.0671304 100952 1.21556
0.753469 0.0668342 99990 1.21019
0.756983 0.0658561 103356 1.19248
0.760565 0.065502 105014 1.18607
0.764149 0.0648252 106548 1.17381
0.767736 0.0642955 106302 1.16422
0.771306 0.0638433 108002 1.15604
0.774926 0.0632208 111696 1.14476
0.778598 0.062769 112158 1.13658
0.782245 0.0621992 113300 1.12626
0.785923 0.0616458 115302 1.11624
0.789616 0.060699 117396 1.0991
0.793312 0.0605928 117158 1.09718
0.797042 0.0599629 121470 1.08577
0.800776 0.0593056 120660 1.07387
0.804553 0.0593225 125030 1.07417
0.808343 0.0584453 125388 1.05829
0.812158 0.0581667 128094 1.05325
0.815959 0.0575808 127058 1.04264
0.819781 0.0571563 132336 1.03495
0.823648 0.0563189 132006 1.01979
0.827505 0.0564215 134162 1.02165
0.8314 0.0557773 137760 1.00998
0.835324 0.055427 137802 1.00364
0.839214 0.054863 139016 0.993425
0.843171 0.0544731 144354 0.986365
0.847141 0.054151 142814 0.980533
0.851084 0.0536593 145932 0.971628
0.855081 0.0533886 148206 0.966728
0.859091 0.0527807 150566 0.95572
0.863128 0.0525084 152820 0.950789
0.867194 0.0522181 155142 0.945532
0.87127 0.0514706 157220 0.931997
0.875368 0.0511583 159198 0.926343
0.879473 0.0509936 160994 0.92336
0.883606 0.0503702 164544 0.912073
0.887753 0.0500908 165282 0.907013
0.891919 0.0497613 168350 0.901046
0.896109 0.0495713 171660 0.897606
0.900336 0.0491958 173622 0.890807
0.904563 0.0489356 175034 0.886096
0.908805 0.0483692 178512 0.87584
0.913051 0.0482227 178646 0.873187
0.917348 0.0479012 185466 0.867365
0.921672 0.0475208 185382 0.860478
0.925992 0.0472382 188252 0.855361
0.930354 0.0470381 192126 0.851736
0.93473 0.046518 193562 0.842318
0.939107 0.0465256 196176 0.842456
0.943526 0.0460281 200130 0.833448
0.947959 0.0455343 201326 0.824506
0.952394 0.0455924 204972 0.825558
0.956874 0.0453419 208406 0.821023
0.961345 0.0451226 208362 0.817052
0.965874 0.044675 217662 0.808948
0.970451 0.0446272 217124 0.808082
0.974982 0.0441589 217446 0.799601
0.979556 0.0441703 224690 0.799809
0.984147 0.0436234 224058 0.789905
0.988771 0.0436051 231848 0.789574
0.993453 0.0434313 233994 0.786428
0.998112 0.0432011 234198 0.782258
1.00278 0.0428877 239708 0.776584
1.00751 0.0426371 243630 0.772046
1.01226 0.042673 247010 0.772697
1.01699 0.0423548 246414 0.766934
1.02174 0.0421558 253772 0.76333
1.02654 0.0421682 256902 0.763556
1.03137 0.0416883 261066 0.754866
1.03624 0.041568 265958 0.752687
1.0411 0.0414951 265098 0.751368
1.04596 0.0411199 271424 0.744574
1.05088 0.0410068 276858 0.742526
1.05585 0.0411118 281186 0.744428
1.06082 0.0410311 282918 0.742966
1.06577 0.0407154 285146 0.73725
1.07077 0.0405089 293280 0.73351
1.07581 0.0404094 294602 0.731708
1.08087 0.0403271 301278 0.730218
1.08595 0.0402676 302954 0.729141
1.09104 0.0401141 307674 0.726362
1.09614 0.0399285 310560 0.723001
1.1013 0.0398864 320834 0.722237
1.1065 0.0398541 321582 0.721652
1.1117 0.0397977 325226 0.720631
1.11691 0.039559 331422 0.71631
1.12216 0.0396366 335066 0.717714
1.12744 0.0394152 341340 0.713705
1.13272 0.0392721 342038 0.711115
1.13803 0.0391958 351354 0.709733
1.14339 0.0393272 355478 0.712112
1.14877 0.0391672 360066 0.709215
1.15416 0.0391884 364634 0.7096
1.15957 0.0390748 369072 0.707543
1.16503 0.0390794 377642 0.707625
1.17053 0.0390227 382074 0.706598
1.17602 0.0390761 384014 0.707566
1.18154 0.0390406 393066 0.706923
1.18707 0.0391182 393950 0.708328
1.19264 0.0391324 404154 0.708585
1.19826 0.0388445 409178 0.703371
1.20388 0.0389838 413334 0.705894
1.20954 0.0388882 421196 0.704163
1.21521 0.0390203 422658 0.706555
1.22091 0.0390124 434990 0.706412
1.22666 0.0391288 437442 0.708519
1.23241 0.0391493 443066 0.708891
1.2382 0.0392173 452150 0.710123
1.24401 0.0391739 455538 0.709337
1.24985 0.0391545 463382 0.708985
1.25571 0.0392899 468666 0.711438
1.26162 0.0392963 479642 0.711552
1.26756 0.0394526 482814 0.714384
1.2735 0.0394071 489386 0.71356
1.27948 0.0395367 498642 0.715905
1.2855 0.0395327 503450 0.715834
1.29154 0.0397208 512838 0.719239
1.29761 0.0397895 517586 0.720483
1.30369 0.0398592 524372 0.721746
1.3098 0.0397819 534270 0.720346
1.31596 0.0401769 540386 0.727499
1.32215 0.0401961 550938 0.727845
1.32836 0.040407 554270 0.731664
1.33459 0.0405298 564978 0.733889
1.34087 0.0405396 574370 0.734065
1.34718 0.0408634 579614 0.739929
1.3535 0.0407894 587778 0.738588
1.35985 0.0409907 596978 0.742235
1.36624 0.0413126 606570 0.748063
1.37267 0.0412973 613982 0.747785
1.37911 0.0415443 621200 0.752259
1.38558 0.041767 631386 0.756291
1.39208 0.0420275 640418 0.761007
1.39864 0.0421996 651870 0.764124
1.40521 0.0423253 657770 0.7664
1.4118 0.0425088 667082 0.769723
1.41842 0.0427876 675810 0.774772
1.42509 0.0428563 689318 0.776015
1.4318 0.0431306 698754 0.780982
1.43854 0.0434985 706922 0.787644
1.44529 0.0435132 715562 0.787911
1.45208 0.0437982 727662 0.79307
1.45889 0.044127 734426 0.799025
1.46572 0.0442519 745746 0.801285
1.4726 0.0445519 759698 0.806719
1.47952 0.0450765 768140 0.816218
1.48647 0.0453295 778770 0.820799
1.49347 0.0454485 795842 0.822954
1.50049 0.045766 799442 0.828703
1.50754 0.0461443 816042 0.835552
1.51462 0.0465629 822038 0.843132
1.52173 0.0468285 837722 0.847942
1.52887 0.0471776 846330 0.854263
1.53605 0.0476349 860768 0.862543
1.54327 0.0481426 873722 0.871736
1.55052 0.0482531 885438 0.873737
1.55781 0.0488118 898730 0.883853
1.56513 0.0492907 908402 0.892526
1.57247 0.0495794 923226 0.897752
1.57985 0.0518823 933944 0.939452
1.58727 0.0513933 949730 0.930598
1.59472 0.053016 961278 0.959981
1.60222 0.0652103 981218 1.18079
1.60976 0.0881934 989186 1.59695
1.6173 0.0905922 1001016 1.64039
1.62489 0.0537805 1019138 0.973824
1.63253 0.0538019 1032842 0.974212
1.64019 0.0535349 1045394 0.969376
1.6479 0.0535684 1066230 0.969984
1.65565 0.054403 1075496 0.985096
1.66341 0.0541377 1090154 0.980292
1.67122 0.0546849 1110378 0.990201
1.67908 0.0548624 1124666 0.993413
1.68697 0.0554771 1139624 1.00454
1.6949 0.0558194 1157114 1.01074
1.70286 0.0562442 1171434 1.01843
1.71085 0.056681 1188494 1.02635
1.71889 0.0571618 1205504 1.03505
1.72697 0.0576342 1226594 1.0436
1.73508 0.0581126 1235562 1.05227
1.74322 0.0585647 1259120 1.06045
1.75141 0.0591498 1274498 1.07105
1.75964 0.059699 1295594 1.08099
1.76791 0.0601205 1308312 1.08862
1.77621 0.0606763 1333922 1.09869
1.78456 0.0610757 1348418 1.10592
1.79294 0.0617804 1366112 1.11868
1.80136 0.0623992 1389738 1.12989
1.80982 0.0628595 1407458 1.13822
1.81832 0.0634026 1426520 1.14805
1.82687 0.0640638 1448810 1.16003
1.83545 0.0646013 1465802 1.16976
1.84406 0.0652352 1488456 1.18124
1.85272 0.0658151 1510766 1.19174
1.86142 0.0664095 1528298 1.2025
1.87016 0.0669448 1552784 1.21219
1.87895 0.0676191 1579538 1.22441
1.88779 0.0682676 1595784 1.23615
1.89665 0.0689354 1619930 1.24824
1.90555 0.0695342 1637186 1.25908
1.91449 0.0703468 1669616 1.2738
1.9235 0.0707982 1691834 1.28197
1.93253 0.0714666 1706952 1.29407
1.94159 0.0722338 1739630 1.30796
1.95073 0.0729334 1765064 1.32063
1.95988 0.073621 1783538 1.33308
1.9691 0.0744062 1817480 1.3473
1.97835 0.0749914 1837034 1.3579
1.98765 0.0755895 1866512 1.36873
1.99698 0.0765669 1888242 1.38643
2.00636 0.0771602 1917056 1.39717
2.01577 0.0779156 1941554 1.41085
2.02525 0.0785378 1978040 1.42211
2.03477 0.0793949 1997426 1.43763
2.04433 0.0802179 2029256 1.45253
2.05393 0.0809431 2056370 1.46567
2.06357 0.0816165 2084000 1.47786
2.07326 0.0824431 2117778 1.49283
2.083 0.0833783 2143952 1.50976
2.09278 0.0838729 2175614 1.51872
2.10261 0.084842 2206400 1.53627
2.11248 0.0855574 2233970 1.54922
2.12241 0.086427 2276456 1.56497
2.13239 0.0871922 2301848 1.57882
2.1424 0.0881189 2332922 1.5956
2.15246 0.0888907 2366960 1.60958
2.16256 0.0897323 2397698 1.62482
2.17272 0.0906685 2436644 1.64177
2.18293 0.0915349 2472608 1.65746
2.19319 0.092315 2503050 1.67158
2.20348 0.0931357 2535392 1.68644
2.21383 0.0942669 2581088 1.70693
2.22424 0.0948914 2612762 1.71823
2.23469 0.0958995 2647964 1.73649
2.24518 0.0966948 2687216 1.75089
2.25573 0.0976944 2724434 1.76899
2.26633 0.100409 2765840 1.81815
2.27697 0.100914 2798504 1.82729
2.28766 0.100714 2841326 1.82367
2.29841 0.101414 2886128 1.83634
2.30921 0.102172 2920808 1.85007
2.32005 0.103189 2967536 1.86848
2.33094 0.104084 3000674 1.88469
2.34188 0.104954 3050324 1.90044
2.35289 0.106001 3094664 1.91939
2.36395 0.106834 3136016 1.93449
2.37505 0.107856 3179546 1.95298
2.38621 0.108936 3227060 1.97255
2.39742 0.109829 3271832 1.98871
2.40868 0.110847 3315440 2.00714
2.41998 0.111697 3363800 2.02255
2.43135 0.112863 3414158 2.04366
2.44278 0.114025 3459752 2.0647
2.45425 0.114809 3508864 2.07889
2.46578 0.116084 3560804 2.10197
2.47736 0.116954 3608912 2.11773
2.489 0.117974 3660608 2.1362
2.50068 0.119094 3707846 2.15648
2.51243 0.120325 3769664 2.17877
2.52424 0.12126 3822920 2.1957
2.53609 0.122128 3863564 2.21142
2.548 0.12351 3930704 2.23643
2.55998 0.124327 3986168 2.25123
2.572 0.125508 4034228 2.27262
2.58406 0.126675 4090816 2.29376
2.5962 0.127869 4160360 2.31537
2.60841 0.129045 4213436 2.33666
2.62066 0.130022 4270976 2.35436
2.63296 0.131159 4332308 2.37495
2.64533 0.132364 4395896 2.39677
2.65775 0.133293 4454378 2.41359
2.67023 0.134646 4517036 2.43809
2.68278 0.135827 4588552 2.45948
2.69539 0.136971 4651316 2.48018
2.70805 0.138312 4711190 2.50446
2.72076 0.139561 4782704 2.52709
2.73355 0.140727 4849964 2.54819
2.74639 0.14203 4917080 2.57178
2.75928 0.143258 4985260 2.59403
2.77224 0.144399 5060456 2.61469
2.78527 0.14565 5127788 2.63734
2.79835 0.146928 5201672 2.66047
2.81149 0.148445 5278196 2.68795
2.8247 0.149407 5350384 2.70536
2.83797 0.150799 5423492 2.73057
2.8513 0.152265 5504720 2.75712
2.86469 0.15352 5581268 2.77985
2.87815 0.15493 5659270 2.80537
2.89166 0.156205 5736332 2.82846
2.90524 0.157643 5823104 2.8545
2.91889 0.159204 5909900 2.88277
2.93261 0.160295 5986168 2.90251
2.94637 0.161977 6064034 2.93298
2.96021 0.163294 6162248 2.95683
2.97412 0.164892 6249932 2.98576
2.9881 0.166293 6331588 3.01114
3.00213 0.167618 6424736 3.03513
3.01623 0.169375 6515066 3.06693
3.0304 0.170785 6607552 3.09247
3.04463 0.172405 6691412 3.12181
3.05892 0.173821 6796676 3.14744
3.0733 0.175631 6894838 3.18021
3.08773 0.177154 6983324 3.20779
3.10224 0.178737 7094120 3.23645
3.11681 0.180727 7182634 3.27249
3.13145 0.182087 7295588 3.29712
3.14616 0.183991 7389992 3.33159
3.16094 0.186251 7499434 3.37252
3.17579 0.188337 7606244 3.41029
3.1907 0.191219 7703654 3.46247
3.20568 0.2089 7823908 3.78263
3.22074 0.211387 7933148 3.82767
3.23587 0.198062 8035210 3.58638
3.25107 0.19696 8168648 3.56643
3.26635 0.198762 8270402 3.59905
3.28169 0.200173 8396284 3.62462
3.2971 0.201911 8496608 3.65608
3.31258 0.204108 8636482 3.69586
3.32814 0.205476 8744780 3.72063
3.34377 0.207637 8878274 3.75976
3.35948 0.209412 8998288 3.7919
3.37526 0.211694 9127058 3.83322
3.39111 0.213614 9258676 3.86799
3.40704 0.215689 9394994 3.90557
3.42305 0.217779 9518530 3.94341
3.43912 0.220057 9652352 3.98465
3.45528 0.222244 9800506 4.02425
3.47151 0.224453 9929156 4.06426
3.48782 0.226796 10079002 4.10669
3.5042 0.229277 10202930 4.15161
3.52065 0.231901 10362148 4.19911
3.53719 0.234502 10508450 4.24622
3.5538 0.236705 10647784 4.2861
3.5705 0.239512 10817954 4.33693
3.58727 0.242238 10950034 4.3863
3.60411 0.244996 11116484 4.43624
3.62105 0.247678 11277610 4.4848
3.63806 0.250222 11430154 4.53087
3.65514 0.253167 11580074 4.58418
3.6723 0.25632 11759140 4.64128
3.68955 0.25927 11924378 4.6947
3.70689 0.262923 12099850 4.76085
3.7243 0.265624 12260050 4.80975
3.7418 0.269112 12439484 4.87291
3.75937 0.272624 12606226 4.9365
3.77703 0.275953 12800474 4.99678
3.79477 0.279876 12964258 5.06781
3.81259 0.283297 13155874 5.12976
3.8305 0.287437 13345394 5.20474
3.84849 0.291578 13525540 5.27972
3.86657 0.295792 13730122 5.35602
3.88473 0.30018 13917890 5.43547
3.90298 0.304663 14114938 5.51664
3.92131 0.309378 14316682 5.60202
3.93974 0.314312 14520626 5.69136
3.95824 0.319336 14708962 5.78234
3.97682 0.324747 14936002 5.88032
3.9955 0.330054 15141986 5.9764
4.01428 0.335947 15366994 6.08312
4.03313 0.342335 15563242 6.19879
4.05207 0.348541 15794614 6.31117
4.07111 0.355384 16021226 6.43507
4.09023 0.362577 16238338 6.56533
4.10944 0.369941 16476706 6.69865
4.12874 0.37805 16717282 6.8455
4.14814 0.386663 16935730 7.00145
4.16762 0.395675 17183270 7.16464
4.18719 0.405119 17431546 7.33564
4.20686 0.416498 17672128 7.54169
4.22662 0.428012 17929450 7.75017
4.24648 0.439865 18181246 7.96481
4.26643 0.45276 18436154 8.1983
4.28646 0.467008 18688066 8.45629
4.30659 0.481496 18966160 8.71863
4.32682 0.502237 19228342 9.09419
4.34714 0.520381 19497994 9.42273
4.36756 0.539511 19789402 9.76913
4.38808 0.561857 20048224 10.1738
4.40868 0.596426 20340694 10.7997
4.42939 0.623026 20631698 11.2814
4.4502 0.650784 20920738 11.784
4.4711 0.704621 21224764 12.7588
4.49211 0.745448 21524794 13.4981
4.51321 0.784982 21819694 14.214
4.53441 0.886813 22136776 16.0579
4.55571 0.936592 22446490 16.9592
4.5771 1.0493 22753708 19.0001
4.5986 1.16588 23092930 21.111
4.6202 1.28133 23405020 23.2016
4.6419 1.57769 23744914 28.5678
4.66371 1.64254 24090094 29.7421
4.68561 2.2933 24416584 41.5256
4.70762 2.35084 24763822 42.5676
4.72973 3.64692 25116112 66.0362
4.75194 4.76154 25474348 86.219
4.77427 5.76629 25839802 104.412
4.79669 10.423 26191732 188.733
4.81921 204.096 26563339 3695.65
4.84183 0.557155 26678128 10.0886
4.86457 0.538668 26655828 9.75386
4.88742 0.535964 26675140 9.7049
4.91038 0.535868 26644864 9.70315
4.93344 0.537353 26631640 9.73006
4.95661 0.539543 26619904 9.76972
4.9799 0.542414 26596180 9.8217
5.00329 0.546295 26557060 9.89196
5.02679 0.550293 26532520 9.96436
5.0504 0.555525 26493240 10.0591
5.07412 0.564276 26453764 10.2176
5.09795 0.576297 26412544 10.4352
5.1219 0.571139 26360476 10.3418
5.14595 0.577383 26299600 10.4549
5.17012 0.583916 26254092 10.5732
5.19441 0.59118 26178916 10.7047
5.21881 0.598982 26116096 10.846
5.24332 0.606927 26040928 10.9899
5.26795 0.615784 25967736 11.1502
5.29269 0.624077 25862260 11.3004
5.31755 0.6345 25796416 11.4891
5.34253 0.644541 25689396 11.671
5.36762 0.654524 25577176 11.8517
5.39283 0.66592 25489588 12.0581
5.41816 0.677397 25373328 12.2659
5.44362 0.689082 25250224 12.4775
5.46918 0.702314 25122124 12.7171
5.49487 0.715801 24990660 12.9613
5.52068 0.730785 24856192 13.2326
5.54661 0.745447 24706228 13.4981
5.57266 0.76192 24558204 13.7964
5.59883 0.778796 24392068 14.102
5.62513 0.797239 24237480 14.4359
5.65155 0.816112 24064336 14.7776
5.67809 0.836824 23876980 15.1527
5.70476 0.85931 23697324 15.5599
5.73156 0.882855 23498488 15.9862
5.75848 0.9109 23292324 16.494
5.78553 0.962801 23100964 17.4338
5.81271 0.989154 22862988 17.911
5.84 0.990563 22634848 17.9365
5.86743 1.02064 22410012 18.4812
5.89499 1.05362 22160572 19.0782
5.92268 1.08976 21915600 19.7327
5.9505 1.12903 21645516 20.4437
5.97844 1.17206 21372232 21.223
6.00652 1.21865 21101172 22.0665
6.03474 1.27018 20815564 22.9997
6.06308 1.32492 20504628 23.9908
6.09156 1.38621 20204736 25.1006
6.12017 1.45365 19883356 26.3217
6.14891 1.52966 19552848 27.6981
6.17779 1.61679 19217196 29.2758
6.20681 1.71454 18861736 31.0459
6.23596 1.82352 18502836 33.0192
6.26525 1.95783 18135780 35.4511
6.29467 2.10932 17749600 38.1942
6.32424 2.2962 17354232 41.5781
6.35394 2.52392 16953228 45.7017
6.38378 2.79305 16529656 50.5749
6.41376 3.11634 16099164 56.4287
6.44388 3.59217 15659388 65.0448
6.47415 4.16617 15207864 75.4384
6.50455 4.93155 14736132 89.2974
6.5351 5.95001 14255596 107.739
6.56579 7.37627 13762332 133.565
6.59662 9.40565 13252296 170.312
6.6276 12.4781 12731268 225.946
6.65872 17.1747 12198720 310.988
6.68999 24.8712 11649660 450.352
6.72141 36.9041 11081952 668.236
6.75296 59.6311 10500652 1079.76
6.78467 101.189 9911376 1832.26
6.81652 1117.08 9301473 20227.4
6.84856 1.99956 8737218 36.2068
6.88073 2.04257 8239530 36.9856
6.91305 2.10391 7788972 38.0964
6.94552 2.17468 7357452 39.3777
6.97814 2.25948 6958434 40.9133
7.01093 2.39925 6572454 43.4441
7.04385 2.44288 6204966 44.2342
7.07693 2.55607 5851524 46.2836
7.11016 2.68525 5518854 48.6228
7.14356 2.82478 5192928 51.1493
7.17711 2.98023 4883690 53.9641
7.21082 3.16003 4585122 57.2199
7.24468 3.36472 4294452 60.9263
7.27871 3.58904 4020870 64.988
7.31289 3.84551 3750774 69.6321
7.34723 4.14917 3496122 75.1306
7.38174 4.48796 3250038 81.2651
7.41641 4.8977 3010904 88.6845
7.45123 5.36351 2783520 97.119
7.48622 5.94689 2566482 107.683
7.52138 6.72129 2355504 121.705
7.55668 7.79057 2154350 141.067
7.59215 8.26711 1964322 149.696
7.62781 9.44292 1782180 170.987
7.66364 10.9655 1608354 198.556
7.69963 12.9633 1442012 234.731
7.73577 15.5183 1285878 280.996
7.77208 19.135 1137636 346.484
7.80856 24.0609 999476 435.68
7.84519 31.226 867846 565.421
7.88195 41.4136 746768 749.892
7.91894 57.3634 636276 1038.7
7.95615 82.3661 532566 1491.43
7.99345 122.628 435044 2220.47
8.03087 193.25 351690 3499.25
8.06861 321.158 275630 5815.33
8.1063 565.538 204876 10240.4
8.14415 1081.27 150770 19579
8.18252 2313.27 100542 41887.2
8.22015 5495.93 59294 99516.9
8.25771 16686.5 32538 302148
8.29571 79198.4 11726 1.43408e+06
8.32962 803914 1560 1.45568e+07
8.35799 5.70758e+09 1 1.03349e+11
