# in Mpc/h Units 
# D1 = 0.0184132 
# k P N P(z=0)
0.00628319 6.1461 6 18127.7
0.00888577 7.45139 12 21977.6
0.0108828 8.08642 8 23850.6
0.0125664 8.42645 6 24853.5
0.0140496 8.60181 24 25370.7
0.0153906 8.68074 24 25603.5
0.0177715 8.64152 12 25487.9
0.0188496 8.57462 30 25290.5
0.0198692 8.48387 24 25022.9
0.020839 8.36917 24 24684.6
0.0217656 8.24427 8 24316.2
0.0226543 8.11816 24 23944.2
0.0235095 7.97928 48 23534.6
0.0251327 7.71799 6 22763.9
0.0259062 7.5623 48 22304.7
0.0266573 7.42424 36 21897.5
0.0273878 7.28605 24 21490
0.0280993 7.15962 24 21117
0.0287932 7.02572 48 20722.1
0.0294708 6.89325 24 20331.4
0.0307812 6.63677 24 19574.9
0.0314159 6.51126 30 19204.7
0.0320381 6.40422 72 18889
0.0326484 6.30046 32 18583
0.033836 6.08153 72 17937.3
0.0344144 5.9795 48 17636.3
0.0355431 5.7948 12 17091.5
0.0360942 5.70532 48 16827.6
0.036637 5.61737 48 16568.2
0.0371718 5.53416 48 16322.8
0.0376991 5.44587 30 16062.4
0.0382191 5.38693 24 15888.6
0.0387322 5.29773 72 15625.5
0.0397384 5.15657 24 15209.1
0.040232 5.09229 96 15019.5
0.0407197 5.02621 48 14824.6
0.0412016 4.97311 24 14668
0.0416779 4.91441 24 14494.9
0.0421489 4.84771 72 14298.1
0.0426146 4.78837 48 14123.1
0.0435312 4.72066 8 13923.4
0.0439823 4.6602 54 13745.1
0.0444288 4.60516 84 13582.7
0.0448709 4.56091 48 13452.2
0.0453087 4.5151 24 13317.1
0.0457423 4.47231 72 13190.9
0.0461718 4.44177 96 13100.8
0.0470191 4.35998 48 12859.6
0.047437 4.32121 48 12745.3
0.0478513 4.30537 24 12698.5
0.0482621 4.25909 72 12562
0.0490732 4.20487 72 12402.1
0.0494739 4.17052 96 12300.8
0.0502655 4.13421 6 12193.7
0.0506567 4.09991 96 12092.6
0.0510448 4.06845 96 11999.8
0.0514301 4.04015 24 11916.3
0.0518125 4.02746 48 11878.9
0.0521921 4.00259 96 11805.5
0.0525689 3.98306 48 11747.9
0.0533146 3.92948 36 11589.8
0.0536836 3.91958 48 11560.7
0.05405 3.89015 120 11473.9
0.054414 3.88623 56 11462.3
0.0547755 3.85601 24 11373.2
0.0551347 3.83734 96 11318.1
0.0554916 3.8247 48 11280.8
0.0561985 3.79785 24 11201.6
0.0565487 3.77314 102 11128.7
0.0568967 3.75234 48 11067.4
0.0572425 3.74114 72 11034.4
0.0575863 3.72508 48 10987
0.0579281 3.72142 48 10976.2
0.0582679 3.69133 120 10887.4
0.0589415 3.66844 24 10819.9
0.0592755 3.66217 144 10801.4
0.0596075 3.64208 120 10742.2
0.0599378 3.62202 48 10683
0.0605928 3.60571 48 10634.9
0.0609177 3.59043 96 10589.8
0.0615624 3.56666 24 10519.7
0.0618822 3.55783 48 10493.7
0.0622004 3.54842 108 10465.9
0.0625169 3.5302 72 10412.2
0.0628319 3.51751 30 10374.8
0.0631452 3.50296 168 10331.9
0.0634571 3.49479 48 10307.8
0.0640762 3.46701 72 10225.8
0.0643835 3.46041 96 10206.4
0.0646894 3.44934 72 10173.7
0.0649938 3.43487 72 10131
0.0652968 3.41045 32 10059
0.0655984 3.40665 72 10047.8
0.0658986 3.3931 144 10007.8
0.0667912 3.34545 96 9867.29
0.0670861 3.33618 96 9839.93
0.0673797 3.33326 48 9831.32
0.067672 3.32144 72 9796.45
0.067963 3.31034 120 9763.72
0.0682529 3.29051 72 9705.23
0.0688288 3.27632 48 9663.39
0.069115 3.25905 78 9612.46
0.0694001 3.2334 120 9536.81
0.0696839 3.24299 48 9565.09
0.0702481 3.21046 144 9469.14
0.0705286 3.19329 144 9418.49
0.0710861 3.15614 12 9308.91
0.0713633 3.16042 144 9321.55
0.0716393 3.14384 48 9272.66
0.0719926 3.12751 168 9224.48
0.0724612 3.10419 48 9155.7
0.0727331 3.09102 168 9116.86
0.0734532 3.06153 144 9029.87
0.0738107 3.03511 96 8951.95
0.0740777 3.02925 72 8934.65
0.0743437 3.00673 48 8868.24
0.0746967 2.99104 144 8821.95
0.0753982 2.95839 30 8725.68
0.0758332 2.93063 288 8643.8
0.0761796 2.91068 56 8584.95
0.0766638 2.89163 192 8528.77
0.076953 2.87972 120 8493.64
0.0776339 2.84057 216 8378.15
0.0779723 2.82938 96 8345.15
0.078225 2.80756 96 8280.78
0.0787281 2.77408 72 8182.03
0.0789784 2.7775 96 8192.14
0.0794767 2.75751 24 8133.17
0.0798137 2.72477 300 8036.62
0.0802183 2.70589 24 7980.93
0.0805865 2.68892 192 7930.86
0.0809532 2.66421 120 7857.98
0.0814394 2.63523 48 7772.51
0.0818379 2.61809 222 7721.96
0.0821633 2.59303 120 7648.04
0.0826125 2.57406 192 7592.08
0.0828809 2.56463 144 7564.28
0.0833559 2.52187 24 7438.17
0.0837495 2.51678 144 7423.14
0.0840633 2.49906 120 7370.89
0.0844439 2.4763 192 7303.76
0.0847648 2.45727 144 7247.62
0.0852293 2.43089 48 7169.82
0.0855594 2.41178 336 7113.46
0.0859213 2.395 48 7063.96
0.0864252 2.37049 240 6991.67
0.0870624 2.35149 8 6935.65
0.0872888 2.32843 48 6867.62
0.087579 2.30915 336 6810.75
0.0881192 2.28361 174 6735.43
0.0884123 2.27284 120 6703.66
0.0889978 2.24159 228 6611.5
0.089427 2.21537 168 6534.15
0.0898883 2.19737 144 6481.08
0.0901807 2.18149 240 6434.23
0.0906174 2.17386 24 6411.73
0.090897 2.15222 336 6347.88
0.0913765 2.11798 144 6246.91
0.0917922 2.11034 168 6224.36
0.0923436 2.0802 96 6135.49
0.0926754 2.06467 216 6089.67
0.0932651 2.04043 288 6018.17
0.0936174 2.02659 144 5977.35
0.0941969 2.00073 198 5901.09
0.094573 1.985 216 5854.69
0.0950225 1.96831 168 5805.46
0.0952892 1.95832 240 5775.98
0.0958792 1.92664 168 5682.57
0.0962314 1.92344 336 5673.11
0.0968099 1.89622 240 5592.84
0.097638 1.86922 276 5513.19
0.0981837 1.84794 344 5450.42
0.0985479 1.83974 144 5426.25
0.0990673 1.82088 240 5370.62
0.0994528 1.80519 312 5324.34
0.100098 1.78184 240 5255.47
0.100531 1.79381 6 5290.79
0.100874 1.7604 384 5192.23
0.101448 1.74721 312 5153.35
0.101924 1.73258 168 5110.17
0.102421 1.71662 336 5063.11
0.102983 1.70433 336 5026.87
0.103243 1.70015 192 5014.53
0.103879 1.68478 288 4969.2
0.104279 1.67504 216 4940.46
0.104705 1.67176 240 4930.78
0.105349 1.64982 384 4866.08
0.1057 1.63724 72 4828.97
0.106152 1.63124 336 4811.28
0.106914 1.61018 378 4749.18
0.107244 1.60632 144 4737.77
0.107631 1.60069 384 4721.17
0.10826 1.58678 384 4680.15
0.108777 1.57866 344 4656.2
0.10919 1.57186 144 4636.15
0.109816 1.56083 456 4603.61
0.110311 1.56014 312 4601.58
0.110746 1.55013 144 4572.06
0.111354 1.53884 552 4538.76
0.111965 1.53345 264 4522.87
0.112557 1.5227 264 4491.15
0.112926 1.51598 294 4471.32
0.113378 1.51463 432 4467.36
0.113986 1.5015 432 4428.61
0.114516 1.50188 264 4429.75
0.114915 1.49159 192 4399.39
0.115567 1.48702 468 4385.9
0.116093 1.4773 552 4357.25
0.116705 1.47562 336 4352.3
0.117239 1.46739 288 4328.01
0.117777 1.45853 456 4301.88
0.118366 1.45446 432 4289.87
0.118788 1.44474 168 4261.2
0.119469 1.44339 566 4257.24
0.120077 1.43876 432 4243.58
0.120751 1.43 432 4217.74
0.121153 1.4245 360 4201.5
0.121711 1.41972 624 4187.42
0.122203 1.41049 264 4160.18
0.122718 1.41307 360 4167.8
0.123453 1.4011 456 4132.5
0.123969 1.39708 504 4120.63
0.12467 1.38983 564 4099.26
0.12526 1.38167 384 4075.19
0.125876 1.37755 462 4063.05
0.126429 1.37192 624 4046.42
0.127121 1.36493 432 4025.81
0.127677 1.35714 624 4002.84
0.128318 1.34734 312 3973.92
0.128807 1.34352 552 3962.68
0.129504 1.33454 408 3936.17
0.129878 1.33055 600 3924.42
0.130701 1.32284 608 3901.65
0.131297 1.31232 504 3870.65
0.131933 1.30333 510 3844.13
0.13258 1.29623 600 3823.18
0.133214 1.28616 492 3793.47
0.133672 1.27735 552 3767.5
0.134446 1.27102 696 3748.83
0.13492 1.25774 504 3709.64
0.135589 1.2532 528 3696.27
0.136149 1.24513 624 3672.46
0.136788 1.23361 504 3638.48
0.137489 1.22265 552 3606.17
0.138157 1.21171 654 3573.9
0.138792 1.20303 840 3548.3
0.139482 1.18882 744 3506.37
0.140148 1.18238 456 3487.39
0.140735 1.16948 648 3449.34
0.141506 1.15636 896 3410.64
0.142105 1.15123 396 3395.51
0.142726 1.13539 816 3348.79
0.14348 1.12339 672 3313.38
0.144008 1.11317 552 3283.27
0.14474 1.10161 894 3249.17
0.145447 1.08961 672 3213.77
0.146112 1.07853 624 3181.07
0.146784 1.06895 888 3152.83
0.147376 1.05767 720 3119.56
0.148179 1.04558 936 3083.9
0.148977 1.02929 648 3035.85
0.149637 1.0196 936 3007.27
0.150285 1.00832 696 2973.99
0.151106 0.993429 618 2930.08
0.151697 0.986453 1008 2909.51
0.15237 0.974091 872 2873.05
0.153147 0.963098 960 2840.62
0.153934 0.953882 888 2813.44
0.154569 0.941979 648 2778.33
0.155288 0.93412 840 2755.15
0.155941 0.923754 912 2724.58
0.156682 0.914496 774 2697.27
0.157451 0.904477 1272 2667.72
0.158249 0.894765 912 2639.08
0.159019 0.883268 864 2605.17
0.159745 0.875267 924 2581.57
0.160428 0.867568 1080 2558.86
0.161255 0.856543 1008 2526.34
0.161989 0.849672 1128 2506.08
0.162879 0.842045 768 2483.58
0.1635 0.835614 1046 2464.61
0.164304 0.829062 1152 2445.29
0.16512 0.819695 1272 2417.66
0.165918 0.812069 912 2395.17
0.166638 0.806632 1200 2379.13
0.167465 0.797973 1080 2353.59
0.1681 0.795665 840 2346.78
0.169017 0.787835 1332 2323.69
0.169783 0.783502 1062 2310.91
0.170536 0.777985 1320 2294.64
0.17142 0.770704 1248 2273.16
0.172167 0.769746 1104 2270.34
0.173001 0.76388 1392 2253.04
0.173739 0.75915 776 2239.09
0.174601 0.753373 1728 2222.05
0.175449 0.750209 1224 2212.71
0.17633 0.746704 1254 2202.38
0.177179 0.742296 1368 2189.38
0.177982 0.736162 1236 2171.28
0.178748 0.73487 1608 2167.47
0.179662 0.729208 1008 2150.77
0.180329 0.726873 1488 2143.88
0.181298 0.721004 1440 2126.57
0.182161 0.718849 1158 2120.22
0.182962 0.716607 1824 2113.61
0.183819 0.712775 1464 2102.3
0.184763 0.708309 1448 2089.13
0.18557 0.707136 1560 2085.67
0.186484 0.700553 1428 2066.26
0.187347 0.698346 1680 2059.75
0.188277 0.695645 1494 2051.78
0.189164 0.689781 1944 2034.49
0.190083 0.685621 1368 2022.21
0.190912 0.678922 1584 2002.46
0.191791 0.677979 1776 1999.68
0.192627 0.671356 1440 1980.14
0.19355 0.668153 1968 1970.69
0.194476 0.663682 1374 1957.5
0.195383 0.660146 2100 1947.08
0.196314 0.652745 1640 1925.25
0.19731 0.647993 2496 1911.23
0.198246 0.643488 1248 1897.94
0.198969 0.638041 1512 1881.88
0.200004 0.632735 2280 1866.23
0.200981 0.62604 1926 1846.48
0.201907 0.619241 2064 1826.43
0.202923 0.614127 1920 1811.34
0.203766 0.608781 1944 1795.58
0.204817 0.601504 2172 1774.11
0.205802 0.594976 2256 1754.86
0.206744 0.589918 1736 1739.94
0.207695 0.583533 2094 1721.11
0.208661 0.576504 2328 1700.38
0.209635 0.571406 2256 1685.34
0.210605 0.563542 1920 1662.15
0.211552 0.557962 2520 1645.69
0.212598 0.55239 2088 1629.25
0.213716 0.544508 2634 1606.01
0.214685 0.539177 2328 1590.28
0.215636 0.531765 2304 1568.42
0.2167 0.525485 2568 1549.9
0.217712 0.519783 2024 1533.08
0.21856 0.515016 2352 1519.02
0.21964 0.509603 2718 1503.06
0.220689 0.504033 2520 1486.63
0.221792 0.496912 2772 1465.62
0.222806 0.493406 2640 1455.28
0.223891 0.486372 2880 1434.54
0.224992 0.483195 2448 1425.17
0.225967 0.477608 2478 1408.69
0.226978 0.473308 2904 1396.01
0.228073 0.468791 2816 1382.68
0.229091 0.464936 3024 1371.31
0.230305 0.460724 2952 1358.89
0.231358 0.455734 2796 1344.17
0.232405 0.452824 2982 1335.59
0.23355 0.449664 3312 1326.27
0.234601 0.445527 2688 1314.06
0.235688 0.442027 3144 1303.74
0.236855 0.438074 3672 1292.08
0.237877 0.43548 2328 1284.43
0.239086 0.432534 4046 1275.74
0.240233 0.429269 2844 1266.11
0.241291 0.426893 3600 1259.11
0.242431 0.424599 3264 1252.34
0.243572 0.420903 3288 1241.44
0.244685 0.418351 3198 1233.91
0.245798 0.416016 3864 1227.02
0.246976 0.414108 3456 1221.4
0.248127 0.410924 3744 1212.01
0.24936 0.406647 3876 1199.39
0.250523 0.405297 3392 1195.41
0.251669 0.403008 3918 1188.66
0.252872 0.39995 3864 1179.64
0.254083 0.39686 4104 1170.52
0.255199 0.394433 3480 1163.37
0.256387 0.390969 4080 1153.15
0.257664 0.387517 4170 1142.97
0.258855 0.385313 4176 1136.47
0.26008 0.381719 4560 1125.87
0.261336 0.378514 3656 1116.41
0.262469 0.374885 4344 1105.71
0.263809 0.371453 4830 1095.59
0.265071 0.368238 4416 1086.1
0.266256 0.365459 3876 1077.91
0.267421 0.360556 4752 1063.45
0.268761 0.356986 4968 1052.92
0.2701 0.353579 4494 1042.87
0.27124 0.350192 4200 1032.88
0.272568 0.347051 5792 1023.61
0.273851 0.342518 4224 1010.25
0.275155 0.338737 5220 999.091
0.276427 0.336115 4590 991.36
0.277657 0.331575 5328 977.967
0.27902 0.328118 5304 967.773
0.280352 0.323987 5040 955.589
0.281565 0.320768 4920 946.093
0.282918 0.316921 5750 934.746
0.284302 0.313745 5388 925.381
0.285589 0.310777 5784 916.625
0.286971 0.307792 5400 907.82
0.288304 0.303892 5640 896.32
0.289695 0.300572 5934 886.526
0.291035 0.298094 6120 879.217
0.292425 0.294206 5544 867.75
0.293779 0.292478 6164 862.652
0.295153 0.289888 5838 855.013
0.296461 0.287171 6144 847.002
0.297907 0.284568 6288 839.324
0.299258 0.282218 6576 832.392
0.300748 0.278366 6504 821.031
0.302188 0.276936 6594 816.813
0.30361 0.274594 7008 809.905
0.305003 0.272553 6200 803.885
0.306412 0.270532 6768 797.923
0.307876 0.268464 7182 791.825
0.309298 0.266493 6864 786.011
0.310761 0.263923 7308 778.431
0.312204 0.262601 6744 774.533
0.313652 0.260023 7686 766.929
0.315175 0.258912 7280 763.652
0.31662 0.256579 7920 756.77
0.318151 0.254389 7560 750.311
0.319599 0.251424 6948 741.566
0.321058 0.24958 8430 736.128
0.322645 0.247263 8328 729.292
0.324166 0.245587 7824 724.349
0.32568 0.243245 8160 717.442
0.327167 0.240901 8030 710.529
0.328774 0.239117 9372 705.266
0.330313 0.236475 7968 697.475
0.331826 0.234281 8568 691.002
0.333427 0.231947 8934 684.119
0.334947 0.229526 8952 676.978
0.336524 0.227226 8880 670.196
0.338146 0.224211 9548 661.303
0.339739 0.222419 9126 656.017
0.341313 0.220208 9384 649.495
0.342874 0.21763 9288 641.891
0.344468 0.215942 9792 636.912
0.346116 0.213435 9570 629.519
0.34771 0.210858 10376 621.918
0.349362 0.208486 10152 614.922
0.351033 0.206883 9960 610.193
0.352646 0.204519 10782 603.223
0.354377 0.202372 10992 596.89
0.356063 0.200487 10452 591.331
0.357696 0.198251 10806 584.734
0.359426 0.196474 11312 579.491
0.361079 0.194519 11112 573.725
0.362754 0.192483 10848 567.723
0.364449 0.190779 11394 562.695
0.366133 0.189153 11952 557.9
0.367846 0.187647 11352 553.459
0.369601 0.185742 12584 547.839
0.371397 0.183956 12390 542.571
0.373143 0.182671 12252 538.781
0.374848 0.180982 12240 533.801
0.37663 0.179222 12486 528.61
0.378363 0.178008 13080 525.028
0.380139 0.176423 12968 520.353
0.381916 0.174124 12612 513.573
0.38369 0.173344 13974 511.271
0.385541 0.171521 13944 505.896
0.387327 0.169897 12840 501.106
0.3891 0.168793 14358 497.849
0.390994 0.166792 14588 491.946
0.392843 0.164981 14688 486.605
0.394661 0.163404 13560 481.953
0.396505 0.161906 15582 477.535
0.398367 0.160137 14544 472.319
0.400233 0.158665 15420 467.977
0.402152 0.156976 15614 462.995
0.40399 0.155689 14880 459.198
0.405874 0.154021 16728 454.278
0.407843 0.152358 15690 449.376
0.409716 0.150662 16248 444.372
0.411602 0.149686 16584 441.495
0.413596 0.147631 16904 435.433
0.415548 0.146046 17430 430.757
0.417499 0.144631 16908 426.583
0.419429 0.143218 17640 422.416
0.421439 0.141817 17550 418.284
0.4234 0.140265 18696 413.707
0.425408 0.138897 17792 409.671
0.42739 0.137391 18138 405.231
0.42937 0.136161 19392 401.601
0.431414 0.134574 18768 396.92
0.433421 0.13392 19038 394.991
0.435438 0.132493 19460 390.785
0.437444 0.131331 19992 387.357
0.4396 0.129746 21174 382.68
0.441671 0.128409 20040 378.738
0.443727 0.127325 20628 375.54
0.445802 0.125985 20798 371.589
0.447878 0.125224 21480 369.344
0.449991 0.123707 21792 364.869
0.452114 0.122695 21414 361.885
0.454235 0.121523 23100 358.429
0.456374 0.120074 21992 354.154
0.458534 0.118997 23406 350.976
0.460666 0.11799 22536 348.006
0.46284 0.11651 24348 343.641
0.465042 0.115581 23598 340.902
0.467214 0.114243 24224 336.956
0.469406 0.113225 24648 333.952
0.471626 0.111949 24618 330.189
0.473743 0.111072 24192 327.603
0.475977 0.109812 26208 323.886
0.478226 0.108597 25790 320.302
0.480485 0.107589 26916 317.329
0.482752 0.1064 26214 313.824
0.485019 0.10545 27528 311.022
0.487306 0.104224 27720 307.405
0.48961 0.103054 27122 303.955
0.491868 0.101967 28632 300.747
0.494198 0.101126 28680 298.267
0.496522 0.100157 28722 295.41
0.498833 0.0989899 30000 291.967
0.501204 0.098249 29408 289.782
0.50355 0.0970332 30678 286.196
0.505916 0.0960506 30660 283.298
0.508313 0.0951813 31494 280.734
0.510704 0.0941954 31448 277.826
0.513084 0.0932164 32160 274.938
0.515543 0.0923436 33090 272.364
0.51795 0.0914255 32664 269.656
0.520364 0.0906095 32718 267.249
0.522793 0.0897397 34472 264.684
0.52526 0.0886802 34260 261.559
0.527713 0.0879772 34302 259.485
0.530156 0.0869979 35472 256.597
0.532669 0.0861092 36020 253.976
0.535188 0.0850262 36942 250.782
0.5377 0.0842596 36360 248.521
0.540241 0.0833391 38166 245.805
0.542756 0.0826629 36804 243.811
0.545284 0.0815706 38864 240.589
0.54787 0.0808011 39366 238.32
0.550466 0.0800461 40068 236.093
0.553028 0.079291 38910 233.866
0.555606 0.0783935 41360 231.219
0.558224 0.0775864 40782 228.838
0.56083 0.0768126 42204 226.556
0.56345 0.0759629 41544 224.05
0.566114 0.0752587 44510 221.973
0.568794 0.0744394 42948 219.556
0.57145 0.0736616 44478 217.262
0.574166 0.0729481 46032 215.158
0.576877 0.0722269 44402 213.031
0.57954 0.0714813 46320 210.831
0.582264 0.0708798 46848 209.057
0.585017 0.0700896 47814 206.727
0.587762 0.069271 48260 204.312
0.590569 0.0685716 49758 202.249
0.593327 0.0679276 49032 200.35
0.596104 0.0670961 49770 197.898
0.598885 0.0665269 51056 196.219
0.601688 0.06576 51504 193.957
0.60453 0.0651031 52866 192.019
0.607362 0.0644227 52848 190.012
0.610229 0.0636869 54542 187.842
0.613094 0.0631172 54276 186.162
0.615957 0.0624738 55062 184.264
0.618839 0.061824 56568 182.348
0.62177 0.0610888 57266 180.179
0.624688 0.0604689 58056 178.351
0.627616 0.0598423 57750 176.503
0.630554 0.0592506 60380 174.757
0.633541 0.0586673 60390 173.037
0.63652 0.0580121 61608 171.105
0.639512 0.0573785 61362 169.236
0.64251 0.0568436 63752 167.658
0.64554 0.0563007 63528 166.057
0.648554 0.0556497 64050 164.137
0.651549 0.0550629 64784 162.406
0.654649 0.0544878 68814 160.71
0.657741 0.0538901 66156 158.947
0.66081 0.053419 68718 157.557
0.663899 0.052799 69104 155.729
0.667047 0.0521811 71682 153.906
0.670183 0.051713 70512 152.525
0.673306 0.0510818 72278 150.664
0.676483 0.0506148 74532 149.287
0.679687 0.0499614 74454 147.359
0.682871 0.0495017 75540 146.003
0.686079 0.0490354 76526 144.628
0.689314 0.0484319 78648 142.848
0.692548 0.0480229 77370 141.642
0.695723 0.0474805 78272 140.042
0.698997 0.0469758 82710 138.553
0.702314 0.0464432 82146 136.983
0.705609 0.0459185 83712 135.435
0.708938 0.0454968 84710 134.191
0.712273 0.0449098 86172 132.46
0.715624 0.0444556 86406 131.12
0.718964 0.0440793 88244 130.01
0.722353 0.0435611 89670 128.482
0.725741 0.0430743 90792 127.046
0.729184 0.0426701 93194 125.854
0.732605 0.0421243 92352 124.244
0.736035 0.0417655 94914 123.186
0.739481 0.0412854 95504 121.77
0.742951 0.0409019 97230 120.639
0.746441 0.0404471 98802 119.297
0.749957 0.0399461 100952 117.82
0.753469 0.039561 99990 116.684
0.756983 0.0391274 103356 115.405
0.760565 0.0387349 105014 114.247
0.764149 0.0383023 106548 112.971
0.767736 0.0378762 106302 111.714
0.771306 0.0374935 108002 110.586
0.774926 0.0370728 111696 109.345
0.778598 0.0366721 112158 108.163
0.782245 0.036306 113300 107.083
0.785923 0.0359157 115302 105.932
0.789616 0.0354976 117396 104.699
0.793312 0.0351613 117158 103.707
0.797042 0.0347174 121470 102.398
0.800776 0.0343454 120660 101.301
0.804553 0.0340689 125030 100.485
0.808343 0.033631 125388 99.1935
0.812158 0.0332996 128094 98.2159
0.815959 0.0328684 127058 96.9442
0.819781 0.0325543 132336 96.0179
0.823648 0.0321661 132006 94.8727
0.827505 0.0318455 134162 93.9272
0.8314 0.0314832 137760 92.8586
0.835324 0.0311673 137802 91.9269
0.839214 0.0307897 139016 90.8132
0.843171 0.0305014 144354 89.9628
0.847141 0.0302088 142814 89.0999
0.851084 0.02983 145932 87.9824
0.855081 0.029509 148206 87.0358
0.859091 0.0291562 150566 85.9953
0.863128 0.0288276 152820 85.0261
0.867194 0.0285549 155142 84.2218
0.87127 0.0282369 157220 83.2837
0.875368 0.0278915 159198 82.265
0.879473 0.0275989 160994 81.4018
0.883606 0.0272978 164544 80.5137
0.887753 0.0270006 165282 79.6372
0.891919 0.0267602 168350 78.9283
0.896109 0.0264452 171660 77.999
0.900336 0.0261188 173622 77.0366
0.904563 0.0258664 175034 76.2919
0.908805 0.0255584 178512 75.3836
0.913051 0.025306 178646 74.639
0.917348 0.0250126 185466 73.7738
0.921672 0.0247568 185382 73.0194
0.925992 0.0244904 188252 72.2336
0.930354 0.0242064 192126 71.3959
0.93473 0.0239079 193562 70.5153
0.939107 0.0236874 196176 69.8653
0.943526 0.0234171 200130 69.0679
0.947959 0.0231433 201326 68.2604
0.952394 0.022872 204972 67.46
0.956874 0.0225962 208406 66.6466
0.961345 0.0223761 208362 65.9975
0.965874 0.0221349 217662 65.2861
0.970451 0.0219002 217124 64.5937
0.974982 0.0216403 217446 63.8272
0.979556 0.0213959 224690 63.1066
0.984147 0.0211794 224058 62.4678
0.988771 0.0209184 231848 61.6979
0.993453 0.0206967 233994 61.0441
0.998112 0.0204779 234198 60.3988
1.00278 0.0202352 239708 59.683
1.00751 0.0200257 243630 59.0652
1.01226 0.01978 247010 58.3404
1.01699 0.0195748 246414 57.7352
1.02174 0.0193731 253772 57.1402
1.02654 0.0191496 256902 56.4809
1.03137 0.0189469 261066 55.8833
1.03624 0.0187059 265958 55.1724
1.0411 0.018525 265098 54.6388
1.04596 0.0182729 271424 53.8953
1.05088 0.0180992 276858 53.383
1.05585 0.0178818 281186 52.7417
1.06082 0.0176748 282918 52.1312
1.06577 0.0174757 285146 51.5439
1.07077 0.0172897 293280 50.9952
1.07581 0.0170924 294602 50.4134
1.08087 0.0168925 301278 49.8239
1.08595 0.0167255 302954 49.3311
1.09104 0.0165136 307674 48.7062
1.09614 0.0163402 310560 48.1948
1.1013 0.0161695 320834 47.6913
1.1065 0.0159881 321582 47.1563
1.1117 0.0157922 325226 46.5784
1.11691 0.0156208 331422 46.0729
1.12216 0.0154347 335066 45.524
1.12744 0.0152754 341340 45.0541
1.13272 0.015103 342038 44.5457
1.13803 0.0149215 351354 44.0105
1.14339 0.014764 355478 43.5458
1.14877 0.0146152 360066 43.1069
1.15416 0.0144211 364634 42.5346
1.15957 0.0142758 369072 42.1059
1.16503 0.0141025 377642 41.5947
1.17053 0.0139406 382074 41.1174
1.17602 0.0137905 384014 40.6747
1.18154 0.0136338 393066 40.2123
1.18707 0.0134759 393950 39.7467
1.19264 0.0133227 404154 39.295
1.19826 0.0131669 409178 38.8353
1.20388 0.0130211 413334 38.4053
1.20954 0.0128862 421196 38.0074
1.21521 0.0127318 422658 37.552
1.22091 0.0125884 434990 37.1291
1.22666 0.0124391 437442 36.6888
1.23241 0.0123072 443066 36.2997
1.2382 0.0121544 452150 35.8489
1.24401 0.0120281 455538 35.4764
1.24985 0.0118987 463382 35.0947
1.25571 0.0117535 468666 34.6665
1.26162 0.0116219 479642 34.2783
1.26756 0.0114914 482814 33.8933
1.2735 0.0113609 489386 33.5087
1.27948 0.011228 498642 33.1167
1.2855 0.0111043 503450 32.7518
1.29154 0.0109746 512838 32.3692
1.29761 0.0108541 517586 32.0137
1.30369 0.010725 524372 31.6331
1.3098 0.0106004 534270 31.2654
1.31596 0.0104982 540386 30.9639
1.32215 0.0103737 550938 30.5969
1.32836 0.0102589 554270 30.2583
1.33459 0.010127 564978 29.8693
1.34087 0.0100208 574370 29.5559
1.34718 0.0099118 579614 29.2345
1.3535 0.00978526 587778 28.8613
1.35985 0.00968313 596978 28.56
1.36624 0.00957181 606570 28.2317
1.37267 0.00946367 613982 27.9128
1.37911 0.00935592 621200 27.5949
1.38558 0.00925423 631386 27.295
1.39208 0.00915302 640418 26.9965
1.39864 0.00905016 651870 26.6931
1.40521 0.0089394 657770 26.3664
1.4118 0.00884136 667082 26.0773
1.41842 0.00874357 675810 25.7888
1.42509 0.00863872 689318 25.4796
1.4318 0.00853909 698754 25.1857
1.43854 0.00845036 706922 24.924
1.44529 0.00834855 715562 24.6237
1.45208 0.00826437 727662 24.3755
1.45889 0.00816027 734426 24.0684
1.46572 0.00807323 745746 23.8117
1.4726 0.00798128 759698 23.5405
1.47952 0.00789502 768140 23.2861
1.48647 0.00779904 778770 23.003
1.49347 0.00771213 795842 22.7466
1.50049 0.00763842 799442 22.5292
1.50754 0.00754186 816042 22.2444
1.51462 0.00746677 822038 22.023
1.52173 0.00738292 837722 21.7757
1.52887 0.00729762 846330 21.5241
1.53605 0.00722035 860768 21.2962
1.54327 0.00714058 873722 21.0609
1.55052 0.00706095 885438 20.826
1.55781 0.00698486 898730 20.6016
1.56513 0.00691198 908402 20.3866
1.57247 0.00684259 923226 20.182
1.57985 0.00675642 933944 19.9278
1.58727 0.00669383 949730 19.7432
1.59472 0.00661682 961278 19.5161
1.60222 0.00653059 981218 19.2618
1.60976 0.00647138 989186 19.0871
1.6173 0.00640044 1001016 18.8779
1.62489 0.00633745 1019138 18.6921
1.63253 0.00626352 1032842 18.474
1.64019 0.00619796 1045394 18.2807
1.6479 0.00612677 1066230 18.0707
1.65565 0.00606146 1075496 17.8781
1.66341 0.00600217 1090154 17.7032
1.67122 0.00593778 1110378 17.5133
1.67908 0.00587253 1124666 17.3208
1.68697 0.00580942 1139624 17.1347
1.6949 0.00575374 1157114 16.9704
1.70286 0.00569739 1171434 16.8042
1.71085 0.00564264 1188494 16.6428
1.71889 0.00558127 1205504 16.4617
1.72697 0.0055208 1226594 16.2834
1.73508 0.00546855 1235562 16.1293
1.74322 0.00541994 1259120 15.9859
1.75141 0.00535608 1274498 15.7976
1.75964 0.00529871 1295594 15.6283
1.76791 0.00525424 1308312 15.4972
1.77621 0.00520344 1333922 15.3474
1.78456 0.00514627 1348418 15.1787
1.79294 0.00509539 1366112 15.0287
1.80136 0.00504596 1389738 14.8829
1.80982 0.00500631 1407458 14.7659
1.81832 0.00495984 1426520 14.6289
1.82687 0.00490904 1448810 14.479
1.83545 0.00485819 1465802 14.329
1.84406 0.00481881 1488456 14.2129
1.85272 0.00477843 1510766 14.0938
1.86142 0.00472526 1528298 13.937
1.87016 0.00468875 1552784 13.8293
1.87895 0.00464329 1579538 13.6952
1.88779 0.00460464 1595784 13.5812
1.89665 0.00456671 1619930 13.4693
1.90555 0.00453042 1637186 13.3623
1.91449 0.00448312 1669616 13.2228
1.9235 0.004447 1691834 13.1163
1.93253 0.00440917 1706952 13.0047
1.94159 0.00437656 1739630 12.9085
1.95073 0.00434188 1765064 12.8062
1.95988 0.00431292 1783538 12.7208
1.9691 0.00427212 1817480 12.6005
1.97835 0.00424167 1837034 12.5107
1.98765 0.00421329 1866512 12.427
1.99698 0.00417591 1888242 12.3167
2.00636 0.00414822 1917056 12.235
2.01577 0.0041194 1941554 12.15
2.02525 0.00408592 1978040 12.0513
2.03477 0.00406351 1997426 11.9852
2.04433 0.00403484 2029256 11.9006
2.05393 0.00400771 2056370 11.8206
2.06357 0.00398302 2084000 11.7478
2.07326 0.00396062 2117778 11.6817
2.083 0.00393708 2143952 11.6123
2.09278 0.00391324 2175614 11.542
2.10261 0.00389523 2206400 11.4888
2.11248 0.00386212 2233970 11.3912
2.12241 0.00385068 2276456 11.3574
2.13239 0.00382936 2301848 11.2946
2.1424 0.00380823 2332922 11.2322
2.15246 0.00379377 2366960 11.1896
2.16256 0.00377216 2397698 11.1258
2.17272 0.00376347 2436644 11.1002
2.18293 0.00374064 2472608 11.0329
2.19319 0.00373247 2503050 11.0088
2.20348 0.00372143 2535392 10.9762
2.21383 0.00370542 2581088 10.929
2.22424 0.00369084 2612762 10.886
2.23469 0.00368023 2647964 10.8547
2.24518 0.00367216 2687216 10.8309
2.25573 0.00366113 2724434 10.7984
2.26633 0.00365657 2765840 10.7849
2.27697 0.00365056 2798504 10.7672
2.28766 0.00364492 2841326 10.7506
2.29841 0.00364029 2886128 10.7369
2.30921 0.00363931 2920808 10.734
2.32005 0.00363801 2967536 10.7302
2.33094 0.00362886 3000674 10.7032
2.34188 0.0036301 3050324 10.7069
2.35289 0.0036272 3094664 10.6983
2.36395 0.00363091 3136016 10.7093
2.37505 0.00362869 3179546 10.7027
2.38621 0.00363925 3227060 10.7338
2.39742 0.0036379 3271832 10.7299
2.40868 0.00364325 3315440 10.7456
2.41998 0.00365129 3363800 10.7693
2.43135 0.00366146 3414158 10.7993
2.44278 0.00367428 3459752 10.8372
2.45425 0.00367732 3508864 10.8461
2.46578 0.00369636 3560804 10.9023
2.47736 0.00370267 3608912 10.9209
2.489 0.00370885 3660608 10.9391
2.50068 0.00372934 3707846 10.9995
2.51243 0.00375018 3769664 11.061
2.52424 0.00376949 3822920 11.118
2.53609 0.0037862 3863564 11.1673
2.548 0.00381008 3930704 11.2377
2.55998 0.00383086 3986168 11.299
2.572 0.0038569 4034228 11.3758
2.58406 0.00387832 4090816 11.439
2.5962 0.00390709 4160360 11.5238
2.60841 0.0039316 4213436 11.5961
2.62066 0.00396538 4270976 11.6958
2.63296 0.00399379 4332308 11.7796
2.64533 0.00403312 4395896 11.8955
2.65775 0.00406478 4454378 11.9889
2.67023 0.00410529 4517036 12.1084
2.68278 0.00414394 4588552 12.2224
2.69539 0.00418217 4651316 12.3352
2.70805 0.00423413 4711190 12.4884
2.72076 0.00427164 4782704 12.599
2.73355 0.00432156 4849964 12.7463
2.74639 0.00437001 4917080 12.8892
2.75928 0.00442251 4985260 13.044
2.77224 0.00447859 5060456 13.2094
2.78527 0.00453065 5127788 13.363
2.79835 0.00458699 5201672 13.5292
2.81149 0.00464853 5278196 13.7107
2.8247 0.00470865 5350384 13.888
2.83797 0.00477896 5423492 14.0954
2.8513 0.00485537 5504720 14.3207
2.86469 0.00491944 5581268 14.5097
2.87815 0.00500308 5659270 14.7564
2.89166 0.00508015 5736332 14.9837
2.90524 0.00515926 5823104 15.2171
2.91889 0.00524703 5909900 15.4759
2.93261 0.00533718 5986168 15.7418
2.94637 0.00542467 6064034 15.9999
2.96021 0.00552602 6162248 16.2988
2.97412 0.0056244 6249932 16.589
2.9881 0.00572743 6331588 16.8928
3.00213 0.00582902 6424736 17.1925
3.01623 0.00594992 6515066 17.5491
3.0304 0.00607171 6607552 17.9083
3.04463 0.00619313 6691412 18.2664
3.05892 0.00631048 6796676 18.6125
3.0733 0.00644598 6894838 19.0122
3.08773 0.00659449 6983324 19.4502
3.10224 0.0067228 7094120 19.8287
3.11681 0.00688522 7182634 20.3077
3.13145 0.00704042 7295588 20.7655
3.14616 0.00719835 7389992 21.2313
3.16094 0.00737145 7499434 21.7418
3.17579 0.00754013 7606244 22.2393
3.1907 0.00771009 7703654 22.7406
3.20568 0.00792279 7823908 23.368
3.22074 0.00811753 7933148 23.9424
3.23587 0.00831657 8035210 24.5294
3.25107 0.00854358 8168648 25.199
3.26635 0.00876354 8270402 25.8477
3.28169 0.00900082 8396284 26.5476
3.2971 0.00923681 8496608 27.2436
3.31258 0.00950106 8636482 28.023
3.32814 0.00976879 8744780 28.8127
3.34377 0.0100639 8878274 29.6831
3.35948 0.0103394 8998288 30.4956
3.37526 0.0106634 9127058 31.4514
3.39111 0.0109609 9258676 32.3288
3.40704 0.0113167 9394994 33.3782
3.42305 0.0116449 9518530 34.3462
3.43912 0.0120518 9652352 35.5465
3.45528 0.0123991 9800506 36.5707
3.47151 0.0128171 9929156 37.8035
3.48782 0.0132498 10079002 39.0798
3.5042 0.0136561 10202930 40.2782
3.52065 0.0141773 10362148 41.8155
3.53719 0.0146503 10508450 43.2105
3.5538 0.0151584 10647784 44.7091
3.5705 0.0157405 10817954 46.4259
3.58727 0.0162655 10950034 47.9745
3.60411 0.016856 11116484 49.7162
3.62105 0.0175532 11277610 51.7725
3.63806 0.0181783 11430154 53.6162
3.65514 0.0188456 11580074 55.5844
3.6723 0.0196725 11759140 58.0232
3.68955 0.0204613 11924378 60.35
3.70689 0.0212752 12099850 62.7506
3.7243 0.0221509 12260050 65.3333
3.7418 0.023107 12439484 68.1531
3.75937 0.0241482 12606226 71.2242
3.77703 0.0251813 12800474 74.2714
3.79477 0.0262698 12964258 77.4818
3.81259 0.0274384 13155874 80.9286
3.8305 0.0287441 13345394 84.7796
3.84849 0.030135 13525540 88.8821
3.86657 0.0316355 13730122 93.3078
3.88473 0.0331538 13917890 97.786
3.90298 0.0348619 14114938 102.824
3.92131 0.0365658 14316682 107.849
3.93974 0.0384458 14520626 113.394
3.95824 0.0405062 14708962 119.471
3.97682 0.0426047 14936002 125.661
3.9955 0.0449152 15141986 132.476
4.01428 0.0474796 15366994 140.039
4.03313 0.0501946 15563242 148.047
4.05207 0.0531433 15794614 156.744
4.07111 0.0563598 16021226 166.231
4.09023 0.0597668 16238338 176.28
4.10944 0.0635128 16476706 187.329
4.12874 0.0673609 16717282 198.678
4.14814 0.0718097 16935730 211.8
4.16762 0.0765592 17183270 225.809
4.18719 0.0814922 17431546 240.358
4.20686 0.0877623 17672128 258.852
4.22662 0.0940315 17929450 277.343
4.24648 0.101025 18181246 297.971
4.26643 0.108177 18436154 319.063
4.28646 0.116382 18688066 343.264
4.30659 0.125139 18966160 369.094
4.32682 0.13783 19228342 406.524
4.34714 0.148895 19497994 439.16
4.36756 0.160264 19789402 472.693
4.38808 0.174106 20048224 513.519
4.40868 0.196457 20340694 579.444
4.42939 0.212981 20631698 628.181
4.4502 0.230784 20920738 680.689
4.4711 0.264969 21224764 781.515
4.49211 0.291416 21524794 859.52
4.51321 0.317411 21819694 936.193
4.53441 0.383722 22136776 1131.77
4.55571 0.415949 22446490 1226.83
4.5771 0.490531 22753708 1446.8
4.5986 0.569356 23092930 1679.29
4.6202 0.645324 23405020 1903.36
4.6419 0.840753 23744914 2479.77
4.66371 0.891324 24090094 2628.93
4.68561 1.32952 24416584 3921.37
4.70762 1.38138 24763822 4074.34
4.72973 2.28287 25116112 6733.25
4.75194 3.11073 25474348 9174.99
4.77427 3.95934 25839802 11677.9
4.79669 7.88984 26191732 23270.8
4.81921 195.219 26563339 575791
4.84183 0.154366 26678128 455.297
4.86457 0.140383 26655828 414.053
4.88742 0.136376 26675140 402.236
4.91038 0.134218 26644864 395.872
4.93344 0.132786 26631640 391.646
4.95661 0.1319 26619904 389.033
4.9799 0.131539 26596180 387.969
5.00329 0.13148 26557060 387.795
5.02679 0.131657 26532520 388.317
5.0504 0.13214 26493240 389.743
5.07412 0.13294 26453764 392.101
5.09795 0.133756 26412544 394.509
5.1219 0.134909 26360476 397.91
5.14595 0.136264 26299600 401.905
5.17012 0.137799 26254092 406.435
5.19441 0.139608 26178916 411.768
5.21881 0.14146 26116096 417.231
5.24332 0.143472 26040928 423.164
5.26795 0.145754 25967736 429.897
5.29269 0.148223 25862260 437.178
5.31755 0.150797 25796416 444.77
5.34253 0.153615 25689396 453.081
5.36762 0.15663 25577176 461.974
5.39283 0.160023 25489588 471.982
5.41816 0.163347 25373328 481.787
5.44362 0.167002 25250224 492.568
5.46918 0.17097 25122124 504.27
5.49487 0.175293 24990660 517.019
5.52068 0.17996 24856192 530.786
5.54661 0.184718 24706228 544.819
5.57266 0.190115 24558204 560.737
5.59883 0.195635 24392068 577.019
5.62513 0.20189 24237480 595.467
5.65155 0.208365 24064336 614.564
5.67809 0.215725 23876980 636.272
5.70476 0.223534 23697324 659.306
5.73156 0.231811 23498488 683.718
5.75848 0.241449 23292324 712.144
5.78553 0.251395 23100964 741.48
5.81271 0.26289 22862988 775.386
5.84 0.275042 22634848 811.225
5.86743 0.288786 22410012 851.764
5.89499 0.303663 22160572 895.643
5.92268 0.320858 21915600 946.359
5.9505 0.33966 21645516 1001.81
5.97844 0.360831 21372232 1064.26
6.00652 0.38444 21101172 1133.89
6.03474 0.411864 20815564 1214.78
6.06308 0.441096 20504628 1301
6.09156 0.477126 20204736 1407.27
6.12017 0.515856 19883356 1521.5
6.14891 0.562745 19552848 1659.8
6.17779 0.615524 19217196 1815.47
6.20681 0.679379 18861736 2003.8
6.23596 0.751413 18502836 2216.27
6.26525 0.842386 18135780 2484.59
6.29467 0.9462 17749600 2790.78
6.32424 1.0792 17354232 3183.06
6.35394 1.24388 16953228 3668.78
6.38378 1.44249 16529656 4254.58
6.41376 1.68168 16099164 4960.06
6.44388 2.0412 15659388 6020.45
6.47415 2.47993 15207864 7314.45
6.50455 3.07261 14736132 9062.55
6.5351 3.87223 14255596 11421
6.56579 5.00457 13762332 14760.8
6.59662 6.62405 13252296 19537.4
6.6276 9.10346 12731268 26850.3
6.65872 12.9594 12198720 38223.3
6.68999 19.4258 11649660 57295.7
6.72141 29.8431 11081952 88021.2
6.75296 50.6155 10500652 149289
6.78467 92.7791 9911376 273649
6.81652 1303.98 9301473 3.84603e+06
6.84856 0.486221 8737218 1434.09
6.88073 0.500601 8239530 1476.5
6.91305 0.522006 7788972 1539.64
6.94552 0.549394 7357452 1620.42
6.97814 0.580617 6958434 1712.51
7.01093 0.617189 6572454 1820.38
7.04385 0.660181 6204966 1947.18
7.07693 0.710442 5851524 2095.42
7.11016 0.768221 5518854 2265.84
7.14356 0.834914 5192928 2462.55
7.17711 0.911719 4883690 2689.08
7.21082 1.0027 4585122 2957.43
7.24468 1.10819 4294452 3268.57
7.27871 1.23405 4020870 3639.8
7.31289 1.38104 3750774 4073.33
7.34723 1.55839 3496122 4596.41
7.38174 1.7692 3250038 5218.2
7.41641 2.02272 3010904 5965.94
7.45123 2.32741 2783520 6864.61
7.48622 2.71818 2566482 8017.17
7.52138 3.18853 2355504 9404.46
7.55668 3.77574 2154350 11136.4
7.59215 4.53274 1964322 13369.1
7.62781 5.50676 1782180 16242
7.66364 6.76938 1608354 19966
7.69963 8.49097 1442012 25043.8
7.73577 10.7634 1285878 31746.2
7.77208 13.9568 1137636 41165.1
7.80856 18.4674 999476 54468.8
7.84519 25.022 867846 73801.4
7.88195 34.5703 746768 101964
7.91894 49.6548 636276 146455
7.95615 73.1854 532566 215858
7.99345 111.816 435044 329796
8.03087 180.338 351690 531901
8.06861 302.897 275630 893385
8.1063 541.384 204876 1.59679e+06
8.14415 1049.07 150770 3.09421e+06
8.18252 2277.04 100542 6.71606e+06
8.22015 5531.43 59294 1.63147e+07
8.25771 17303.7 32538 5.10367e+07
8.29571 87465.6 11726 2.57977e+08
8.32962 990410 1560 2.92118e+09
8.35799 8.29479e+09 1 2.44652e+13
