# in Mpc/h Units 
# D1 = 0.0860699 
# k P N P(z=0)
0.00628319 1.35753 6 183.252
0.00888577 1.63454 12 220.644
0.0108828 1.77072 8 239.028
0.0125664 1.85409 6 250.281
0.0140496 1.88224 24 254.08
0.0153906 1.89823 24 256.239
0.0177715 1.88967 12 255.083
0.0188496 1.87203 30 252.702
0.0198692 1.85477 24 250.373
0.020839 1.82915 24 246.914
0.0217656 1.80228 8 243.288
0.0226543 1.77455 24 239.544
0.0235095 1.74458 48 235.499
0.0251327 1.69231 6 228.443
0.0259062 1.65441 48 223.326
0.0266573 1.62387 36 219.203
0.0273878 1.59443 24 215.23
0.0280993 1.56481 24 211.231
0.0287932 1.5365 48 207.409
0.0294708 1.50724 24 203.46
0.0307812 1.45278 24 196.109
0.0314159 1.42693 30 192.62
0.0320381 1.40249 72 189.32
0.0326484 1.37794 32 186.006
0.033836 1.33113 72 179.687
0.0344144 1.30893 48 176.69
0.0355431 1.26751 12 171.099
0.0360942 1.24845 48 168.527
0.036637 1.22956 48 165.976
0.0371718 1.21085 48 163.451
0.0376991 1.19252 30 160.977
0.0382191 1.1777 24 158.976
0.0387322 1.16032 72 156.63
0.0397384 1.12883 24 152.379
0.040232 1.11477 96 150.482
0.0407197 1.10064 48 148.574
0.0412016 1.08818 24 146.892
0.0416779 1.07481 24 145.087
0.0421489 1.06188 72 143.341
0.0426146 1.04961 48 141.685
0.0435312 1.03041 8 139.094
0.0439823 1.01778 54 137.388
0.0444288 1.00783 84 136.045
0.0448709 0.998357 48 134.767
0.0453087 0.988203 24 133.396
0.0457423 0.979091 72 132.166
0.0461718 0.971199 96 131.101
0.0470191 0.95436 48 128.828
0.047437 0.946379 48 127.75
0.0478513 0.940385 24 126.941
0.0482621 0.931961 72 125.804
0.0490732 0.919399 72 124.108
0.0494739 0.912189 96 123.135
0.0502655 0.88434 6 119.376
0.0506567 0.895335 96 120.86
0.0510448 0.889149 96 120.025
0.0514301 0.884415 24 119.386
0.0518125 0.879863 48 118.771
0.0521921 0.874881 96 118.099
0.0525689 0.869538 48 117.378
0.0533146 0.859739 36 116.055
0.0536836 0.85599 48 115.549
0.05405 0.850605 120 114.822
0.054414 0.84821 56 114.499
0.0547755 0.84298 24 113.793
0.0551347 0.83929 96 113.294
0.0554916 0.835217 48 112.745
0.0561985 0.82882 24 111.881
0.0565487 0.824113 102 111.246
0.0568967 0.821114 48 110.841
0.0572425 0.817835 72 110.398
0.0575863 0.81417 48 109.904
0.0579281 0.811821 48 109.587
0.0582679 0.807084 120 108.947
0.0589415 0.801927 24 108.251
0.0592755 0.798793 144 107.828
0.0596075 0.795219 120 107.345
0.0599378 0.791563 48 106.852
0.0605928 0.787051 48 106.243
0.0609177 0.783997 96 105.831
0.0615624 0.777682 24 104.978
0.0618822 0.776039 48 104.756
0.0622004 0.773674 108 104.437
0.0625169 0.770262 72 103.976
0.0628319 0.767608 30 103.618
0.0631452 0.764485 168 103.197
0.0634571 0.762293 48 102.901
0.0640762 0.756308 72 102.093
0.0643835 0.754046 96 101.788
0.0646894 0.751838 72 101.489
0.0649938 0.749151 72 101.127
0.0652968 0.745253 32 100.601
0.0655984 0.742989 72 100.295
0.0658986 0.740907 144 100.014
0.0667912 0.731414 96 98.7325
0.0670861 0.728724 96 98.3694
0.0673797 0.727472 48 98.2004
0.067672 0.724346 72 97.7784
0.067963 0.721604 120 97.4082
0.0682529 0.718644 72 97.0088
0.0688288 0.714108 48 96.3964
0.069115 0.711368 78 96.0265
0.0694001 0.706616 120 95.3851
0.0696839 0.706512 48 95.371
0.0702481 0.699695 144 94.4509
0.0705286 0.697112 144 94.1021
0.0710861 0.691042 12 93.2828
0.0713633 0.688564 144 92.9483
0.0716393 0.685639 48 92.5534
0.0719926 0.681993 168 92.0612
0.0724612 0.676694 48 91.3459
0.0727331 0.674292 168 91.0216
0.0734532 0.667455 144 90.0987
0.0738107 0.662438 96 89.4216
0.0740777 0.660522 72 89.1628
0.0743437 0.656725 48 88.6504
0.0746967 0.652768 144 88.1162
0.0753982 0.644442 30 86.9923
0.0758332 0.639993 288 86.3917
0.0761796 0.635744 56 85.8182
0.0766638 0.631214 192 85.2067
0.076953 0.628402 120 84.827
0.0776339 0.619924 216 83.6826
0.0779723 0.616835 96 83.2656
0.078225 0.612558 96 82.6883
0.0787281 0.606954 72 81.9318
0.0789784 0.604857 96 81.6487
0.0794767 0.598832 24 80.8355
0.0798137 0.594514 300 80.2525
0.0802183 0.590136 24 79.6616
0.0805865 0.586002 192 79.1036
0.0809532 0.581208 120 78.4564
0.0814394 0.576109 48 77.768
0.0818379 0.571321 222 77.1218
0.0821633 0.566255 120 76.4379
0.0826125 0.561665 192 75.8183
0.0828809 0.559002 144 75.4589
0.0833559 0.551678 24 74.4703
0.0837495 0.54894 144 74.1007
0.0840633 0.544846 120 73.5479
0.0844439 0.54046 192 72.9559
0.0847648 0.536764 144 72.4569
0.0852293 0.531143 48 71.6982
0.0855594 0.527056 336 71.1465
0.0859213 0.522764 48 70.5671
0.0864252 0.517371 240 69.8392
0.0870624 0.511255 8 69.0136
0.0872888 0.507627 48 68.5238
0.087579 0.504542 336 68.1074
0.0881192 0.499133 174 67.3772
0.0884123 0.495727 120 66.9174
0.0889978 0.489342 228 66.0556
0.089427 0.484043 168 65.3403
0.0898883 0.479919 144 64.7836
0.0901807 0.476466 240 64.3175
0.0906174 0.473233 24 63.8811
0.090897 0.469638 336 63.3957
0.0913765 0.463543 144 62.573
0.0917922 0.460432 168 62.153
0.0923436 0.454301 96 61.3254
0.0926754 0.451368 216 60.9295
0.0932651 0.445888 288 60.1898
0.0936174 0.442806 144 59.7738
0.0941969 0.436804 198 58.9635
0.094573 0.433712 216 58.5461
0.0950225 0.429978 168 58.042
0.0952892 0.427729 240 57.7385
0.0958792 0.421899 168 56.9515
0.0962314 0.41964 336 56.6466
0.0968099 0.414892 240 56.0056
0.097638 0.408656 276 55.1638
0.0981837 0.403971 344 54.5314
0.0985479 0.401961 144 54.2601
0.0990673 0.397838 240 53.7035
0.0994528 0.394889 312 53.3054
0.100098 0.389791 240 52.6173
0.100531 0.386709 6 52.2012
0.100874 0.385169 384 51.9933
0.101448 0.381944 312 51.5581
0.101924 0.379071 168 51.1702
0.102421 0.375473 336 50.6845
0.102983 0.372238 336 50.2479
0.103243 0.37127 192 50.1172
0.103879 0.367621 288 49.6246
0.104279 0.36606 216 49.414
0.104705 0.363821 240 49.1117
0.105349 0.360156 384 48.6169
0.1057 0.357606 72 48.2727
0.106152 0.356179 336 48.08
0.106914 0.352508 378 47.5845
0.107244 0.350933 144 47.3719
0.107631 0.350247 384 47.2794
0.10826 0.347144 384 46.8605
0.108777 0.345041 344 46.5766
0.10919 0.343418 144 46.3575
0.109816 0.341438 456 46.0902
0.110311 0.3402 312 45.9231
0.110746 0.338086 144 45.6378
0.111354 0.336169 552 45.3789
0.111965 0.334259 264 45.1211
0.112557 0.332207 264 44.8441
0.112926 0.33142 294 44.7379
0.113378 0.330431 432 44.6044
0.113986 0.3282 432 44.3033
0.114516 0.327333 264 44.1862
0.114915 0.325591 192 43.9511
0.115567 0.324493 468 43.8029
0.116093 0.322852 552 43.5813
0.116705 0.3217 336 43.4259
0.117239 0.320099 288 43.2097
0.117777 0.318838 456 43.0395
0.118366 0.317501 432 42.859
0.118788 0.316035 168 42.6611
0.119469 0.314904 566 42.5084
0.120077 0.313856 432 42.367
0.120751 0.312074 432 42.1264
0.121153 0.311029 360 41.9853
0.121711 0.309811 624 41.8209
0.122203 0.307953 264 41.5701
0.122718 0.307945 360 41.569
0.123453 0.305865 456 41.2883
0.123969 0.30464 504 41.1229
0.12467 0.303257 564 40.9362
0.12526 0.301607 384 40.7135
0.125876 0.300181 462 40.521
0.126429 0.299056 624 40.3691
0.127121 0.297552 432 40.1661
0.127677 0.295637 624 39.9076
0.128318 0.293822 312 39.6626
0.128807 0.292915 552 39.5402
0.129504 0.290802 408 39.2549
0.129878 0.290037 600 39.1517
0.130701 0.287758 608 38.844
0.131297 0.28602 504 38.6094
0.131933 0.284152 510 38.3573
0.13258 0.282262 600 38.1022
0.133214 0.280374 492 37.8472
0.133672 0.278999 552 37.6617
0.134446 0.276616 696 37.34
0.13492 0.274493 504 37.0533
0.135589 0.273267 528 36.888
0.136149 0.271044 624 36.5879
0.136788 0.268936 504 36.3033
0.137489 0.266721 552 36.0043
0.138157 0.264202 654 35.6642
0.138792 0.262025 840 35.3703
0.139482 0.259342 744 35.0083
0.140148 0.257185 456 34.7171
0.140735 0.255032 648 34.4264
0.141506 0.252027 896 34.0208
0.142105 0.250286 396 33.7858
0.142726 0.247323 816 33.3858
0.14348 0.244831 672 33.0494
0.144008 0.242841 552 32.7808
0.14474 0.240227 894 32.4279
0.145447 0.237789 672 32.0988
0.146112 0.235319 624 31.7654
0.146784 0.23297 888 31.4483
0.147376 0.230548 720 31.1213
0.148179 0.227896 936 30.7633
0.148977 0.224694 648 30.3311
0.149637 0.222384 936 30.0194
0.150285 0.220054 696 29.7048
0.151106 0.217055 618 29.3
0.151697 0.215224 1008 29.0527
0.15237 0.213061 872 28.7608
0.153147 0.210278 960 28.3851
0.153934 0.207967 888 28.0731
0.154569 0.205683 648 27.7648
0.155288 0.203828 840 27.5145
0.155941 0.201535 912 27.205
0.156682 0.199611 774 26.9452
0.157451 0.197434 1272 26.6513
0.158249 0.195099 912 26.3361
0.159019 0.192956 864 26.0469
0.159745 0.190984 924 25.7806
0.160428 0.189306 1080 25.5541
0.161255 0.187062 1008 25.2513
0.161989 0.18552 1128 25.043
0.162879 0.183638 768 24.789
0.1635 0.182314 1046 24.6104
0.164304 0.180759 1152 24.4003
0.16512 0.178937 1272 24.1544
0.165918 0.177348 912 23.94
0.166638 0.176159 1200 23.7794
0.167465 0.174469 1080 23.5513
0.1681 0.173454 840 23.4142
0.169017 0.17198 1332 23.2154
0.169783 0.170731 1062 23.0468
0.170536 0.169686 1320 22.9056
0.17142 0.168261 1248 22.7133
0.172167 0.167485 1104 22.6086
0.173001 0.166403 1392 22.4625
0.173739 0.165383 776 22.3248
0.174601 0.164271 1728 22.1748
0.175449 0.163356 1224 22.0512
0.17633 0.162686 1254 21.9607
0.177179 0.161733 1368 21.832
0.177982 0.160641 1236 21.6846
0.178748 0.160136 1608 21.6166
0.179662 0.158946 1008 21.4559
0.180329 0.158316 1488 21.3709
0.181298 0.157295 1440 21.233
0.182161 0.156558 1158 21.1335
0.182962 0.156149 1824 21.0783
0.183819 0.155061 1464 20.9315
0.184763 0.154203 1448 20.8157
0.18557 0.153876 1560 20.7714
0.186484 0.152684 1428 20.6106
0.187347 0.151934 1680 20.5093
0.188277 0.151235 1494 20.415
0.189164 0.150315 1944 20.2908
0.190083 0.149329 1368 20.1577
0.190912 0.148305 1584 20.0194
0.191791 0.147543 1776 19.9166
0.192627 0.146434 1440 19.7669
0.19355 0.145398 1968 19.627
0.194476 0.144326 1374 19.4824
0.195383 0.143671 2100 19.3939
0.196314 0.142307 1640 19.2098
0.19731 0.141037 2496 19.0384
0.198246 0.140091 1248 18.9107
0.198969 0.138947 1512 18.7563
0.200004 0.137649 2280 18.581
0.200981 0.136317 1926 18.4013
0.201907 0.134864 2064 18.2051
0.202923 0.133593 1920 18.0336
0.203766 0.13242 1944 17.8752
0.204817 0.130945 2172 17.676
0.205802 0.129553 2256 17.4881
0.206744 0.128424 1736 17.3358
0.207695 0.127125 2094 17.1605
0.208661 0.125572 2328 16.9508
0.209635 0.124295 2256 16.7785
0.210605 0.122785 1920 16.5746
0.211552 0.121367 2520 16.3832
0.212598 0.120145 2088 16.2182
0.213716 0.118565 2634 16.0049
0.214685 0.117301 2328 15.8342
0.215636 0.115907 2304 15.6462
0.2167 0.114676 2568 15.4799
0.217712 0.113108 2024 15.2683
0.21856 0.112048 2352 15.1252
0.21964 0.110932 2718 14.9746
0.220689 0.109795 2520 14.8211
0.221792 0.108333 2772 14.6237
0.222806 0.107362 2640 14.4926
0.223891 0.106062 2880 14.3171
0.224992 0.105094 2448 14.1865
0.225967 0.104001 2478 14.039
0.226978 0.103128 2904 13.9211
0.228073 0.101987 2816 13.7671
0.229091 0.101173 3024 13.6572
0.230305 0.100167 2952 13.5214
0.231358 0.0992733 2796 13.4008
0.232405 0.0986016 2982 13.3101
0.23355 0.0978462 3312 13.2081
0.234601 0.0969723 2688 13.0902
0.235688 0.0962556 3144 12.9934
0.236855 0.0954665 3672 12.8869
0.237877 0.0947837 2328 12.7947
0.239086 0.0941236 4046 12.7056
0.240233 0.0933791 2844 12.6051
0.241291 0.0928633 3600 12.5355
0.242431 0.0923004 3264 12.4595
0.243572 0.0917307 3288 12.3826
0.244685 0.0909476 3198 12.2769
0.245798 0.0904891 3864 12.215
0.246976 0.0899261 3456 12.139
0.248127 0.0892321 3744 12.0453
0.24936 0.088586 3876 11.9581
0.250523 0.0880623 3392 11.8874
0.251669 0.0875394 3918 11.8168
0.252872 0.0868499 3864 11.7237
0.254083 0.0863062 4104 11.6503
0.255199 0.0856449 3480 11.5611
0.256387 0.0851103 4080 11.4889
0.257664 0.0842373 4170 11.3711
0.258855 0.0837335 4176 11.3031
0.26008 0.0829057 4560 11.1913
0.261336 0.0822761 3656 11.1063
0.262469 0.0815343 4344 11.0062
0.263809 0.0807841 4830 10.9049
0.265071 0.0800494 4416 10.8058
0.266256 0.0792061 3876 10.6919
0.267421 0.0784632 4752 10.5916
0.268761 0.0777318 4968 10.4929
0.2701 0.0768343 4494 10.3717
0.27124 0.0761007 4200 10.2727
0.272568 0.075278 5792 10.1617
0.273851 0.0745355 4224 10.0614
0.275155 0.0736352 5220 9.93991
0.276427 0.0729609 4590 9.84889
0.277657 0.0721413 5328 9.73825
0.27902 0.0712464 5304 9.61745
0.280352 0.0704022 5040 9.50349
0.281565 0.0697092 4920 9.40994
0.282918 0.0689449 5750 9.30677
0.284302 0.0681953 5388 9.20559
0.285589 0.0674636 5784 9.10682
0.286971 0.0669115 5400 9.03229
0.288304 0.0660357 5640 8.91407
0.289695 0.0652861 5934 8.81287
0.291035 0.0647134 6120 8.73556
0.292425 0.064014 5544 8.64115
0.293779 0.0634795 6164 8.569
0.295153 0.0629662 5838 8.49971
0.296461 0.0624448 6144 8.42933
0.297907 0.0618027 6288 8.34266
0.299258 0.0612424 6576 8.26702
0.300748 0.0605871 6504 8.17856
0.302188 0.0602111 6594 8.12781
0.30361 0.0596896 7008 8.05741
0.305003 0.0591523 6200 7.98488
0.306412 0.0587751 6768 7.93396
0.307876 0.0582799 7182 7.86711
0.309298 0.0578082 6864 7.80344
0.310761 0.0573749 7308 7.74495
0.312204 0.0569036 6744 7.68133
0.313652 0.0564832 7686 7.62458
0.315175 0.0561774 7280 7.5833
0.31662 0.0556779 7920 7.51588
0.318151 0.055084 7560 7.43571
0.319599 0.0546126 6948 7.37207
0.321058 0.0541834 8430 7.31414
0.322645 0.0536956 8328 7.24829
0.324166 0.0533069 7824 7.19582
0.32568 0.0527728 8160 7.12372
0.327167 0.0523295 8030 7.06388
0.328774 0.0518361 9372 6.99728
0.330313 0.0513175 7968 6.92728
0.331826 0.0507596 8568 6.85197
0.333427 0.050359 8934 6.79788
0.334947 0.0498028 8952 6.72281
0.336524 0.0493126 8880 6.65664
0.338146 0.0486718 9548 6.57013
0.339739 0.0482784 9126 6.51704
0.341313 0.0476878 9384 6.43731
0.342874 0.0472204 9288 6.37422
0.344468 0.0467321 9792 6.3083
0.346116 0.0462236 9570 6.23966
0.34771 0.0457307 10376 6.17312
0.349362 0.0452093 10152 6.10274
0.351033 0.044789 9960 6.046
0.352646 0.0443833 10782 5.99123
0.354377 0.0439503 10992 5.93278
0.356063 0.0434659 10452 5.86739
0.357696 0.0429691 10806 5.80034
0.359426 0.0425991 11312 5.75039
0.361079 0.0421462 11112 5.68926
0.362754 0.0417698 10848 5.63844
0.364449 0.0413299 11394 5.57907
0.366133 0.041005 11952 5.53521
0.367846 0.0407324 11352 5.49841
0.369601 0.040228 12584 5.43032
0.371397 0.0399685 12390 5.39529
0.373143 0.0394954 12252 5.33143
0.374848 0.0391857 12240 5.28962
0.37663 0.0388758 12486 5.24778
0.378363 0.038509 13080 5.19827
0.380139 0.0381946 12968 5.15583
0.381916 0.0378215 12612 5.10548
0.38369 0.0375258 13974 5.06556
0.385541 0.0371989 13944 5.02142
0.387327 0.0367586 12840 4.962
0.3891 0.0364836 14358 4.92487
0.390994 0.0361466 14588 4.87938
0.392843 0.035763 14688 4.8276
0.394661 0.0353554 13560 4.77258
0.396505 0.035088 15582 4.73647
0.398367 0.034713 14544 4.68585
0.400233 0.0344398 15420 4.64897
0.402152 0.0340215 15614 4.59251
0.40399 0.0337442 14880 4.55508
0.405874 0.0333503 16728 4.50191
0.407843 0.0329966 15690 4.45416
0.409716 0.032617 16248 4.40293
0.411602 0.0324313 16584 4.37785
0.413596 0.0319788 16904 4.31677
0.415548 0.0317054 17430 4.27986
0.417499 0.0313761 16908 4.23541
0.419429 0.030968 17640 4.18033
0.421439 0.0306537 17550 4.1379
0.4234 0.0304137 18696 4.10551
0.425408 0.0300671 17792 4.05871
0.42739 0.0297726 18138 4.01896
0.42937 0.0294749 19392 3.97877
0.431414 0.0292158 18768 3.9438
0.433421 0.0289133 19038 3.90296
0.435438 0.0286676 19460 3.8698
0.437444 0.0284149 19992 3.83569
0.4396 0.0280413 21174 3.78525
0.441671 0.0278052 20040 3.75339
0.443727 0.0276297 20628 3.72969
0.445802 0.0273074 20798 3.68619
0.447878 0.0271299 21480 3.66222
0.449991 0.0267547 21792 3.61158
0.452114 0.0265739 21414 3.58718
0.454235 0.0263095 23100 3.55148
0.456374 0.026042 21992 3.51537
0.458534 0.025754 23406 3.47649
0.460666 0.0255542 22536 3.44952
0.46284 0.0252226 24348 3.40476
0.465042 0.0250294 23598 3.37868
0.467214 0.0247886 24224 3.34618
0.469406 0.0244374 24648 3.29877
0.471626 0.0242659 24618 3.27562
0.473743 0.0240498 24192 3.24645
0.475977 0.0237588 26208 3.20717
0.478226 0.0235255 25790 3.17567
0.480485 0.0232979 26916 3.14495
0.482752 0.0230941 26214 3.11744
0.485019 0.0228272 27528 3.08141
0.487306 0.0225987 27720 3.05057
0.48961 0.0223427 27122 3.01601
0.491868 0.0221818 28632 2.99429
0.494198 0.021966 28680 2.96516
0.496522 0.0217251 28722 2.93264
0.498833 0.0215243 30000 2.90553
0.501204 0.0212712 29408 2.87137
0.50355 0.0210863 30678 2.84641
0.505916 0.0208252 30660 2.81117
0.508313 0.0206587 31494 2.78869
0.510704 0.0204265 31448 2.75735
0.513084 0.0202718 32160 2.73647
0.515543 0.020034 33090 2.70436
0.51795 0.019864 32664 2.68141
0.520364 0.0196261 32718 2.6493
0.522793 0.0194806 34472 2.62966
0.52526 0.0193054 34260 2.606
0.527713 0.0191412 34302 2.58385
0.530156 0.0189222 35472 2.55428
0.532669 0.0187042 36020 2.52485
0.535188 0.0185583 36942 2.50516
0.5377 0.0183631 36360 2.4788
0.540241 0.0181802 38166 2.45412
0.542756 0.0180165 36804 2.43203
0.545284 0.0177845 38864 2.40071
0.54787 0.0175701 39366 2.37176
0.550466 0.0173982 40068 2.34856
0.553028 0.0172891 38910 2.33383
0.555606 0.0170519 41360 2.30181
0.558224 0.0168936 40782 2.28044
0.56083 0.0167879 42204 2.26617
0.56345 0.0166245 41544 2.24412
0.566114 0.0164059 44510 2.2146
0.568794 0.0162984 42948 2.2001
0.57145 0.0161039 44478 2.17384
0.574166 0.0159127 46032 2.14803
0.576877 0.015773 44402 2.12917
0.57954 0.0156016 46320 2.10604
0.582264 0.015496 46848 2.09178
0.585017 0.0153266 47814 2.06892
0.587762 0.0151647 48260 2.04706
0.590569 0.0149829 49758 2.02252
0.593327 0.0148692 49032 2.00717
0.596104 0.0147092 49770 1.98557
0.598885 0.0145823 51056 1.96844
0.601688 0.0144527 51504 1.95095
0.60453 0.0143079 52866 1.93141
0.607362 0.0141325 52848 1.90772
0.610229 0.0140314 54542 1.89408
0.613094 0.0138892 54276 1.87489
0.615957 0.0137431 55062 1.85516
0.618839 0.0136032 56568 1.83627
0.62177 0.0134972 57266 1.82197
0.624688 0.0133604 58056 1.8035
0.627616 0.0132186 57750 1.78436
0.630554 0.0131064 60380 1.76922
0.633541 0.0129424 60390 1.74708
0.63652 0.0128306 61608 1.73198
0.639512 0.0126658 61362 1.70974
0.64251 0.0126035 63752 1.70133
0.64554 0.0124739 63528 1.68383
0.648554 0.0123476 64050 1.66678
0.651549 0.0122124 64784 1.64853
0.654649 0.0121374 68814 1.63841
0.657741 0.0120069 66156 1.62079
0.66081 0.0119304 68718 1.61047
0.663899 0.0118009 69104 1.59298
0.667047 0.0116716 71682 1.57553
0.670183 0.0115637 70512 1.56097
0.673306 0.0114272 72278 1.54254
0.676483 0.01131 74532 1.52672
0.679687 0.0112338 74454 1.51643
0.682871 0.0111498 75540 1.5051
0.686079 0.0110278 76526 1.48863
0.689314 0.0109342 78648 1.476
0.692548 0.0108316 77370 1.46214
0.695723 0.0107165 78272 1.4466
0.698997 0.0106362 82710 1.43577
0.702314 0.0104973 82146 1.41702
0.705609 0.0104389 83712 1.40914
0.708938 0.0103014 84710 1.39057
0.712273 0.0102314 86172 1.38112
0.715624 0.01013 86406 1.36743
0.718964 0.0100475 88244 1.35629
0.722353 0.00993069 89670 1.34053
0.725741 0.00983079 90792 1.32704
0.729184 0.00980128 93194 1.32306
0.732605 0.00966298 92352 1.30439
0.736035 0.00960032 94914 1.29593
0.739481 0.00951658 95504 1.28463
0.742951 0.00944937 97230 1.27556
0.746441 0.00934615 98802 1.26162
0.749957 0.0092671 100952 1.25095
0.753469 0.00920283 99990 1.24228
0.756983 0.00908968 103356 1.227
0.760565 0.00903394 105014 1.21948
0.764149 0.00894135 106548 1.20698
0.767736 0.00886403 106302 1.19654
0.771306 0.00880462 108002 1.18852
0.774926 0.00873566 111696 1.17921
0.778598 0.00865092 112158 1.16778
0.782245 0.00857864 113300 1.15802
0.785923 0.00850782 115302 1.14846
0.789616 0.00840181 117396 1.13415
0.793312 0.00836368 117158 1.129
0.797042 0.00829757 121470 1.12008
0.800776 0.00820763 120660 1.10794
0.804553 0.00817517 125030 1.10355
0.808343 0.00807534 125388 1.09008
0.812158 0.00803549 128094 1.0847
0.815959 0.00796197 127058 1.07477
0.819781 0.00790808 132336 1.0675
0.823648 0.00780155 132006 1.05312
0.827505 0.00779418 134162 1.05212
0.8314 0.00772254 137760 1.04245
0.835324 0.00767057 137802 1.03544
0.839214 0.00760888 139016 1.02711
0.843171 0.00754364 144354 1.0183
0.847141 0.00749091 142814 1.01119
0.851084 0.00744073 145932 1.00441
0.855081 0.00738345 148206 0.996681
0.859091 0.00731784 150566 0.987824
0.863128 0.00728286 152820 0.983103
0.867194 0.00723806 155142 0.977056
0.87127 0.00714839 157220 0.96495
0.875368 0.00710552 159198 0.959164
0.879473 0.0070802 160994 0.955746
0.883606 0.00700015 164544 0.94494
0.887753 0.00695538 165282 0.938896
0.891919 0.00690414 168350 0.93198
0.896109 0.00689592 171660 0.93087
0.900336 0.00683557 173622 0.922724
0.904563 0.00679468 175034 0.917204
0.908805 0.00673143 178512 0.908666
0.913051 0.00669995 178646 0.904417
0.917348 0.00666158 185466 0.899237
0.921672 0.00661338 185382 0.89273
0.925992 0.00657984 188252 0.888204
0.930354 0.00654249 192126 0.883162
0.93473 0.00648395 193562 0.875259
0.939107 0.00648294 196176 0.875122
0.943526 0.00641761 200130 0.866304
0.947959 0.0063577 201326 0.858216
0.952394 0.00637403 204972 0.860421
0.956874 0.00633054 208406 0.85455
0.961345 0.00629383 208362 0.849595
0.965874 0.00624697 217662 0.84327
0.970451 0.00623984 217124 0.842306
0.974982 0.00618401 217446 0.834771
0.979556 0.00617072 224690 0.832977
0.984147 0.00611092 224058 0.824904
0.988771 0.00611584 231848 0.825568
0.993453 0.00608328 233994 0.821172
0.998112 0.00605469 234198 0.817314
1.00278 0.00602101 239708 0.812767
1.00751 0.00597556 243630 0.806632
1.01226 0.00598867 247010 0.808402
1.01699 0.00594154 246414 0.80204
1.02174 0.00593138 253772 0.800668
1.02654 0.00592068 256902 0.799224
1.03137 0.00586493 261066 0.791699
1.03624 0.00585578 265958 0.790463
1.0411 0.00585282 265098 0.790063
1.04596 0.00579127 271424 0.781755
1.05088 0.00578725 276858 0.781212
1.05585 0.00579457 281186 0.782201
1.06082 0.00579577 282918 0.782363
1.06577 0.00575113 285146 0.776336
1.07077 0.00572889 293280 0.773335
1.07581 0.00571413 294602 0.771343
1.08087 0.00571035 301278 0.770832
1.08595 0.00570088 302954 0.769553
1.09104 0.0056935 307674 0.768558
1.09614 0.00566744 310560 0.76504
1.1013 0.0056686 320834 0.765195
1.1065 0.00565457 321582 0.763302
1.1117 0.00565924 325226 0.763933
1.11691 0.00562635 331422 0.759493
1.12216 0.00564755 335066 0.762354
1.12744 0.00561888 341340 0.758484
1.13272 0.00560572 342038 0.756708
1.13803 0.00560266 351354 0.756295
1.14339 0.00562206 355478 0.758914
1.14877 0.00560599 360066 0.756744
1.15416 0.00561014 364634 0.757305
1.15957 0.00560887 369072 0.757133
1.16503 0.00561038 377642 0.757337
1.17053 0.0056091 382074 0.757165
1.17602 0.00562449 384014 0.759242
1.18154 0.00561795 393066 0.758359
1.18707 0.00564354 393950 0.761813
1.19264 0.00564733 404154 0.762324
1.19826 0.00562214 409178 0.758925
1.20388 0.00565093 413334 0.76281
1.20954 0.00564389 421196 0.761861
1.21521 0.00566173 422658 0.764269
1.22091 0.00566799 434990 0.765114
1.22666 0.00570495 437442 0.770103
1.23241 0.0057009 443066 0.769556
1.2382 0.00571589 452150 0.77158
1.24401 0.00573585 455538 0.774274
1.24985 0.00573088 463382 0.773604
1.25571 0.00574409 468666 0.775386
1.26162 0.00576429 479642 0.778114
1.26756 0.00579956 482814 0.782875
1.2735 0.0057926 489386 0.781935
1.27948 0.00583016 498642 0.787005
1.2855 0.00582596 503450 0.786438
1.29154 0.00586945 512838 0.792308
1.29761 0.00589215 517586 0.795373
1.30369 0.00590818 524372 0.797537
1.3098 0.00590344 534270 0.796896
1.31596 0.00597165 540386 0.806105
1.32215 0.00598957 550938 0.808524
1.32836 0.00603158 554270 0.814194
1.33459 0.00605399 564978 0.81722
1.34087 0.00607154 574370 0.819588
1.34718 0.00612692 579614 0.827065
1.3535 0.00614006 587778 0.828838
1.35985 0.00617157 596978 0.833092
1.36624 0.00623054 606570 0.841051
1.37267 0.00624113 613982 0.842481
1.37911 0.006296 621200 0.849888
1.38558 0.00633102 631386 0.854615
1.39208 0.00637751 640418 0.860891
1.39864 0.00642214 651870 0.866915
1.40521 0.00646101 657770 0.872162
1.4118 0.00649851 667082 0.877224
1.41842 0.00655724 675810 0.885153
1.42509 0.00658581 689318 0.889009
1.4318 0.00663272 698754 0.895341
1.43854 0.00670916 706922 0.90566
1.44529 0.006726 715562 0.907933
1.45208 0.00678079 727662 0.915328
1.45889 0.00684783 734426 0.924379
1.46572 0.00687701 745746 0.928318
1.4726 0.00694072 759698 0.936918
1.47952 0.00704192 768140 0.950579
1.48647 0.00708463 778770 0.956344
1.49347 0.00711733 795842 0.960758
1.50049 0.00719123 799442 0.970733
1.50754 0.00726152 816042 0.980222
1.51462 0.0073425 822038 0.991153
1.52173 0.00739732 837722 0.998554
1.52887 0.00747207 846330 1.00864
1.53605 0.0075134 860768 1.01422
1.54327 0.007623 873722 1.02902
1.55052 0.00766613 885438 1.03484
1.55781 0.00777116 898730 1.04902
1.56513 0.0078386 908402 1.05812
1.57247 0.00790126 923226 1.06658
1.57985 0.00809204 933944 1.09233
1.58727 0.00809503 949730 1.09274
1.59472 0.0082181 961278 1.10935
1.60222 0.0084787 981218 1.14453
1.60976 0.00976166 989186 1.31771
1.6173 0.0101367 1001016 1.36835
1.62489 0.0085118 1019138 1.149
1.63253 0.00860918 1032842 1.16214
1.64019 0.00869389 1045394 1.17358
1.6479 0.00875773 1066230 1.18219
1.65565 0.00887235 1075496 1.19766
1.66341 0.00895644 1090154 1.20902
1.67122 0.0090744 1110378 1.22494
1.67908 0.00914365 1124666 1.23429
1.68697 0.00926234 1139624 1.25031
1.6949 0.00936164 1157114 1.26371
1.70286 0.0094746 1171434 1.27896
1.71085 0.00957872 1188494 1.29302
1.71889 0.00968751 1205504 1.3077
1.72697 0.00980384 1226594 1.32341
1.73508 0.00992688 1235562 1.34002
1.74322 0.0100328 1259120 1.35431
1.75141 0.0101644 1274498 1.37207
1.75964 0.0103068 1295594 1.3913
1.76791 0.0104003 1308312 1.40393
1.77621 0.0105313 1333922 1.42161
1.78456 0.0106248 1348418 1.43423
1.79294 0.0107742 1366112 1.4544
1.80136 0.0109244 1389738 1.47467
1.80982 0.0110426 1407458 1.49063
1.81832 0.0111637 1426520 1.50698
1.82687 0.0113259 1448810 1.52887
1.83545 0.0114736 1465802 1.54881
1.84406 0.0116138 1488456 1.56773
1.85272 0.0117443 1510766 1.58534
1.86142 0.0118974 1528298 1.60602
1.87016 0.0120306 1552784 1.62399
1.87895 0.0121868 1579538 1.64507
1.88779 0.0123442 1595784 1.66632
1.89665 0.0124987 1619930 1.68718
1.90555 0.0126514 1637186 1.70779
1.91449 0.0128346 1669616 1.73252
1.9235 0.0129671 1691834 1.7504
1.93253 0.0131325 1706952 1.77274
1.94159 0.0133262 1739630 1.79888
1.95073 0.0135007 1765064 1.82244
1.95988 0.013678 1783538 1.84637
1.9691 0.0138673 1817480 1.87193
1.97835 0.014014 1837034 1.89173
1.98765 0.0141807 1866512 1.91423
1.99698 0.0144034 1888242 1.9443
2.00636 0.0145746 1917056 1.96741
2.01577 0.0147447 1941554 1.99036
2.02525 0.0149394 1978040 2.01665
2.03477 0.0151395 1997426 2.04367
2.04433 0.0153508 2029256 2.07218
2.05393 0.0155719 2056370 2.10202
2.06357 0.0157271 2084000 2.12298
2.07326 0.0159521 2117778 2.15336
2.083 0.0161785 2143952 2.18392
2.09278 0.0163401 2175614 2.20573
2.10261 0.016581 2206400 2.23825
2.11248 0.0167869 2233970 2.26603
2.12241 0.017032 2276456 2.29913
2.13239 0.0172407 2301848 2.3273
2.1424 0.0174687 2332922 2.35807
2.15246 0.0176937 2366960 2.38845
2.16256 0.0179414 2397698 2.42188
2.17272 0.018171 2436644 2.45287
2.18293 0.0184273 2472608 2.48747
2.19319 0.0186491 2503050 2.51742
2.20348 0.0188841 2535392 2.54914
2.21383 0.0191676 2581088 2.58741
2.22424 0.0193844 2612762 2.61667
2.23469 0.0196519 2647964 2.65278
2.24518 0.019891 2687216 2.68505
2.25573 0.0201719 2724434 2.72297
2.26633 0.0205311 2765840 2.77147
2.27697 0.020782 2798504 2.80533
2.28766 0.0209681 2841326 2.83046
2.29841 0.0212375 2886128 2.86682
2.30921 0.0215223 2920808 2.90527
2.32005 0.0218088 2967536 2.94394
2.33094 0.0220942 3000674 2.98246
2.34188 0.0223584 3050324 3.01813
2.35289 0.0226797 3094664 3.06149
2.36395 0.0229715 3136016 3.10089
2.37505 0.0232676 3179546 3.14086
2.38621 0.0236026 3227060 3.18609
2.39742 0.0238958 3271832 3.22566
2.40868 0.0242058 3315440 3.26751
2.41998 0.0245141 3363800 3.30912
2.43135 0.0248597 3414158 3.35578
2.44278 0.0252042 3459752 3.40228
2.45425 0.0255241 3508864 3.44546
2.46578 0.0258644 3560804 3.4914
2.47736 0.0261779 3608912 3.53372
2.489 0.0265255 3660608 3.58063
2.50068 0.0268928 3707846 3.63022
2.51243 0.0272823 3769664 3.6828
2.52424 0.0276447 3822920 3.73172
2.53609 0.0279491 3863564 3.77281
2.548 0.0283676 3930704 3.8293
2.55998 0.0287216 3986168 3.87709
2.572 0.0290976 4034228 3.92784
2.58406 0.0294967 4090816 3.98172
2.5962 0.0299065 4160360 4.03704
2.60841 0.0302891 4213436 4.08868
2.62066 0.0307023 4270976 4.14446
2.63296 0.0311185 4332308 4.20064
2.64533 0.0315214 4395896 4.25503
2.65775 0.0319054 4454378 4.30686
2.67023 0.0323562 4517036 4.36771
2.68278 0.0327771 4588552 4.42453
2.69539 0.0332431 4651316 4.48743
2.70805 0.033702 4711190 4.54939
2.72076 0.0341881 4782704 4.615
2.73355 0.0346323 4849964 4.67496
2.74639 0.0351271 4917080 4.74176
2.75928 0.0355803 4985260 4.80294
2.77224 0.0360253 5060456 4.863
2.78527 0.0365649 5127788 4.93584
2.79835 0.0370407 5201672 5.00007
2.81149 0.037594 5278196 5.07476
2.8247 0.0380076 5350384 5.13059
2.83797 0.0385829 5423492 5.20825
2.8513 0.0391555 5504720 5.28554
2.86469 0.039645 5581268 5.35161
2.87815 0.0402158 5659270 5.42867
2.89166 0.0407194 5736332 5.49665
2.90524 0.0413526 5823104 5.58213
2.91889 0.041953 5909900 5.66317
2.93261 0.0424728 5986168 5.73334
2.94637 0.0431518 6064034 5.82499
2.96021 0.0436977 6162248 5.89869
2.97412 0.0443315 6249932 5.98424
2.9881 0.04499 6331588 6.07314
3.00213 0.0455909 6424736 6.15425
3.01623 0.0462432 6515066 6.2423
3.0304 0.0469208 6607552 6.33378
3.04463 0.0475871 6691412 6.42371
3.05892 0.0482429 6796676 6.51223
3.0733 0.0489433 6894838 6.60679
3.08773 0.0496671 6983324 6.70449
3.10224 0.050357 7094120 6.79762
3.11681 0.0511877 7182634 6.90975
3.13145 0.0518228 7295588 6.99549
3.14616 0.0526265 7389992 7.10397
3.16094 0.0534089 7499434 7.20958
3.17579 0.0542683 7606244 7.3256
3.1907 0.0550664 7703654 7.43333
3.20568 0.0567577 7823908 7.66164
3.22074 0.0576045 7933148 7.77595
3.23587 0.0576641 8035210 7.78399
3.25107 0.0583821 8168648 7.88092
3.26635 0.0592234 8270402 7.99448
3.28169 0.0601531 8396284 8.11998
3.2971 0.0610685 8496608 8.24355
3.31258 0.0620475 8636482 8.3757
3.32814 0.0629721 8744780 8.50051
3.34377 0.0639427 8878274 8.63153
3.35948 0.0649105 8998288 8.76217
3.37526 0.0660257 9127058 8.91271
3.39111 0.0670229 9258676 9.04732
3.40704 0.0681103 9394994 9.19411
3.42305 0.069168 9518530 9.33689
3.43912 0.0703123 9652352 9.49135
3.45528 0.0714113 9800506 9.63971
3.47151 0.0725969 9929156 9.79974
3.48782 0.0737401 10079002 9.95406
3.5042 0.0750283 10202930 10.128
3.52065 0.0762948 10362148 10.2989
3.53719 0.0776519 10508450 10.4821
3.5538 0.0788728 10647784 10.6469
3.5705 0.0802091 10817954 10.8273
3.58727 0.0815837 10950034 11.0129
3.60411 0.0829983 11116484 11.2038
3.62105 0.0844262 11277610 11.3966
3.63806 0.0858327 11430154 11.5864
3.65514 0.0873371 11580074 11.7895
3.6723 0.0889375 11759140 12.0055
3.68955 0.0905349 11924378 12.2212
3.70689 0.0923131 12099850 12.4612
3.7243 0.0938432 12260050 12.6678
3.7418 0.0956905 12439484 12.9171
3.75937 0.0974789 12606226 13.1585
3.77703 0.0992261 12800474 13.3944
3.79477 0.101218 12964258 13.6632
3.81259 0.103068 13155874 13.913
3.8305 0.105151 13345394 14.1942
3.84849 0.107242 13525540 14.4764
3.86657 0.109415 13730122 14.7698
3.88473 0.111655 13917890 15.0722
3.90298 0.113899 14114938 15.3751
3.92131 0.116236 14316682 15.6905
3.93974 0.11883 14520626 16.0407
3.95824 0.121297 14708962 16.3737
3.97682 0.124007 14936002 16.7396
3.9955 0.126678 15141986 17.1001
4.01428 0.12959 15366994 17.4932
4.03313 0.132427 15563242 17.8762
4.05207 0.135517 15794614 18.2932
4.07111 0.138789 16021226 18.7349
4.09023 0.142089 16238338 19.1803
4.10944 0.145554 16476706 19.6481
4.12874 0.149117 16717282 20.1291
4.14814 0.152979 16935730 20.6504
4.16762 0.156887 17183270 21.178
4.18719 0.160969 17431546 21.729
4.20686 0.165459 17672128 22.3351
4.22662 0.170023 17929450 22.9512
4.24648 0.174723 18181246 23.5857
4.26643 0.179776 18436154 24.2677
4.28646 0.184972 18688066 24.9692
4.30659 0.190391 18966160 25.7006
4.32682 0.196773 19228342 26.5621
4.34714 0.202819 19497994 27.3782
4.36756 0.209369 19789402 28.2625
4.38808 0.216256 20048224 29.192
4.40868 0.22484 20340694 30.3508
4.42939 0.232873 20631698 31.4352
4.4502 0.240831 20920738 32.5095
4.4711 0.252725 21224764 34.115
4.49211 0.263201 21524794 35.5292
4.51321 0.273412 21819694 36.9074
4.53441 0.292727 22136776 39.5148
4.55571 0.305097 22446490 41.1846
4.5771 0.327804 22753708 44.2498
4.5986 0.351446 23092930 47.4412
4.6202 0.375316 23405020 50.6633
4.6419 0.429315 23744914 57.9526
4.66371 0.449022 24090094 60.6128
4.68561 0.568332 24416584 76.7183
4.70762 0.598248 24763822 80.7566
4.72973 0.848808 25116112 114.579
4.75194 1.13123 25474348 152.702
4.77427 1.44629 25839802 195.233
4.79669 2.87539 26191732 388.145
4.81921 286.144 26563339 38626.2
4.84183 0.308255 26678128 41.6108
4.86457 0.305646 26655828 41.2587
4.88742 0.304358 26675140 41.0849
4.91038 0.303833 26644864 41.014
4.93344 0.303807 26631640 41.0105
4.95661 0.304273 26619904 41.0733
4.9799 0.305046 26596180 41.1778
5.00329 0.306547 26557060 41.3803
5.02679 0.308066 26532520 41.5854
5.0504 0.310121 26493240 41.8628
5.07412 0.312415 26453764 42.1725
5.09795 0.31567 26412544 42.6118
5.1219 0.318065 26360476 42.9351
5.14595 0.321449 26299600 43.392
5.17012 0.325001 26254092 43.8714
5.19441 0.328986 26178916 44.4094
5.21881 0.333454 26116096 45.0125
5.24332 0.337823 26040928 45.6022
5.26795 0.342903 25967736 46.288
5.29269 0.348082 25862260 46.987
5.31755 0.35385 25796416 47.7657
5.34253 0.359723 25689396 48.5585
5.36762 0.366027 25577176 49.4094
5.39283 0.372957 25489588 50.3449
5.41816 0.380023 25373328 51.2988
5.44362 0.387487 25250224 52.3063
5.46918 0.395698 25122124 53.4147
5.49487 0.404224 24990660 54.5656
5.52068 0.413409 24856192 55.8054
5.54661 0.423077 24706228 57.1106
5.57266 0.433174 24558204 58.4735
5.59883 0.444236 24392068 59.9667
5.62513 0.455455 24237480 61.4812
5.65155 0.468034 24064336 63.1793
5.67809 0.481096 23876980 64.9425
5.70476 0.494765 23697324 66.7876
5.73156 0.509416 23498488 68.7653
5.75848 0.525071 23292324 70.8786
5.78553 0.543737 23100964 73.3983
5.81271 0.561492 22862988 75.7949
5.84 0.578532 22634848 78.0952
5.86743 0.598476 22410012 80.7873
5.89499 0.619871 22160572 83.6755
5.92268 0.642597 21915600 86.7433
5.9505 0.667578 21645516 90.1154
5.97844 0.693331 21372232 93.5918
6.00652 0.720873 21101172 97.3096
6.03474 0.750552 20815564 101.316
6.06308 0.782342 20504628 105.607
6.09156 0.815936 20204736 110.142
6.12017 0.851647 19883356 114.963
6.14891 0.8897 19552848 120.099
6.17779 0.931598 19217196 125.755
6.20681 0.975582 18861736 131.692
6.23596 1.02243 18502836 138.016
6.26525 1.07601 18135780 145.249
6.29467 1.13237 17749600 152.857
6.32424 1.19547 17354232 161.375
6.35394 1.26613 16953228 170.913
6.38378 1.34618 16529656 181.718
6.41376 1.43625 16099164 193.878
6.44388 1.55594 15659388 210.034
6.47415 1.69535 15207864 228.853
6.50455 1.87186 14736132 252.679
6.5351 2.10341 14255596 283.936
6.56579 2.42347 13762332 327.14
6.59662 2.87356 13252296 387.898
6.6276 3.58463 12731268 483.884
6.65872 4.69725 12198720 634.075
6.68999 6.67918 11649660 901.613
6.72141 10.0511 11081952 1356.79
6.75296 17.681 10500652 2386.74
6.78467 34.984 9911376 4722.43
6.81652 2255.26 9301473 304434
6.84856 1.49895 8737218 202.342
6.88073 1.53108 8239530 206.678
6.91305 1.57891 7788972 213.135
6.94552 1.63649 7357452 220.908
6.97814 1.70454 6958434 230.093
7.01093 1.78582 6572454 241.065
7.04385 1.87294 6204966 252.826
7.07693 1.96913 5851524 265.81
7.11016 2.08089 5518854 280.896
7.14356 2.20523 5192928 297.681
7.17711 2.34169 4883690 316.101
7.21082 2.49061 4585122 336.204
7.24468 2.66358 4294452 359.553
7.27871 2.85276 4020870 385.09
7.31289 3.059 3750774 412.93
7.34723 3.29732 3496122 445.1
7.38174 3.55532 3250038 479.927
7.41641 3.85518 3010904 520.405
7.45123 4.17307 2783520 563.317
7.48622 4.55174 2566482 614.432
7.52138 4.97867 2355504 672.064
7.55668 5.48787 2154350 740.799
7.59215 5.98249 1964322 807.568
7.62781 6.60137 1782180 891.11
7.66364 7.33926 1608354 990.717
7.69963 8.20149 1442012 1107.11
7.73577 9.22334 1285878 1245.05
7.77208 10.5058 1137636 1418.16
7.80856 12.1093 999476 1634.62
7.84519 14.2762 867846 1927.12
7.88195 17.1776 746768 2318.78
7.91894 21.5118 636276 2903.84
7.95615 27.8866 532566 3764.37
7.99345 38.5236 435044 5200.25
8.03087 56.709 351690 7655.07
8.06861 90.0173 275630 12151.3
8.1063 156.182 204876 21082.8
8.14415 299.711 150770 40457.5
8.18252 675.286 100542 91155.9
8.22015 1730.3 59294 233571
8.25771 5873.09 32538 792801
8.29571 34815 11726 4.69962e+06
8.32962 491678 1560 6.63709e+07
8.35799 1.88686e+10 1 2.54704e+12
