# in Mpc/h Units 
# D1 = 0.10518 
# k P N P(z=0)
0.00628319 2.02644 6 183.175
0.00888577 2.43971 12 220.532
0.0108828 2.6429 8 238.898
0.0125664 2.76775 6 250.185
0.0140496 2.80926 24 253.937
0.0153906 2.83332 24 256.111
0.0177715 2.82021 12 254.927
0.0188496 2.79398 30 252.556
0.0198692 2.76865 24 250.266
0.020839 2.73015 24 246.785
0.0217656 2.68984 8 243.142
0.0226543 2.64863 24 239.417
0.0235095 2.60386 48 235.37
0.0251327 2.52767 6 228.483
0.0259062 2.46931 48 223.207
0.0266573 2.42368 36 219.083
0.0273878 2.37976 24 215.113
0.0280993 2.33584 24 211.143
0.0287932 2.29359 48 207.324
0.0294708 2.24964 24 203.351
0.0307812 2.16804 24 195.975
0.0314159 2.12914 30 192.459
0.0320381 2.09314 72 189.205
0.0326484 2.05679 32 185.919
0.033836 1.98667 72 179.58
0.0344144 1.95337 48 176.57
0.0355431 1.89185 12 171.009
0.0360942 1.86352 48 168.448
0.036637 1.83519 48 165.887
0.0371718 1.80729 48 163.366
0.0376991 1.7795 30 160.854
0.0382191 1.75829 24 158.936
0.0387322 1.73175 72 156.537
0.0397384 1.68454 24 152.27
0.040232 1.66377 96 150.393
0.0407197 1.64249 48 148.469
0.0412016 1.62435 24 146.83
0.0416779 1.60434 24 145.021
0.0421489 1.58454 72 143.231
0.0426146 1.56601 48 141.556
0.0435312 1.53874 8 139.091
0.0439823 1.51957 54 137.358
0.0444288 1.50423 84 135.971
0.0448709 1.4901 48 134.694
0.0453087 1.47481 24 133.312
0.0457423 1.46106 72 132.069
0.0461718 1.4497 96 131.042
0.0470191 1.42422 48 128.739
0.047437 1.41206 48 127.64
0.0478513 1.404 24 126.911
0.0482621 1.39075 72 125.714
0.0490732 1.37229 72 124.045
0.0494739 1.36131 96 123.053
0.0502655 1.3171 6 119.057
0.0506567 1.33658 96 120.817
0.0510448 1.32707 96 119.957
0.0514301 1.31982 24 119.302
0.0518125 1.31341 48 118.723
0.0521921 1.30595 96 118.048
0.0525689 1.29801 48 117.33
0.0533146 1.28286 36 115.961
0.0536836 1.27773 48 115.498
0.05405 1.26924 120 114.73
0.054414 1.26635 56 114.469
0.0547755 1.25793 24 113.708
0.0551347 1.25243 96 113.21
0.0554916 1.24653 48 112.677
0.0561985 1.23747 24 111.858
0.0565487 1.2299 102 111.174
0.0568967 1.22513 48 110.743
0.0572425 1.22047 72 110.322
0.0575863 1.21496 48 109.823
0.0579281 1.21192 48 109.549
0.0582679 1.20408 120 108.84
0.0589415 1.19679 24 108.181
0.0592755 1.19232 144 107.777
0.0596075 1.18672 120 107.271
0.0599378 1.18096 48 106.75
0.0605928 1.17465 48 106.179
0.0609177 1.17004 96 105.763
0.0615624 1.16076 24 104.925
0.0618822 1.15841 48 104.712
0.0622004 1.155 108 104.404
0.0625169 1.14965 72 103.92
0.0628319 1.14545 30 103.54
0.0631452 1.14088 168 103.127
0.0634571 1.13791 48 102.859
0.0640762 1.12879 72 102.034
0.0643835 1.12571 96 101.756
0.0646894 1.12236 72 101.453
0.0649938 1.11833 72 101.089
0.0652968 1.11195 32 100.512
0.0655984 1.10898 72 100.244
0.0658986 1.10586 144 99.9613
0.0667912 1.09105 96 98.6228
0.0670861 1.08717 96 98.2718
0.0673797 1.08583 48 98.151
0.067672 1.0811 72 97.7236
0.067963 1.07706 120 97.3583
0.0682529 1.07235 72 96.9327
0.0688288 1.06615 48 96.3718
0.069115 1.06179 78 95.9783
0.0694001 1.05404 120 95.2776
0.0696839 1.0549 48 95.3551
0.0702481 1.04439 144 94.4052
0.0705286 1.04044 144 94.048
0.0710861 1.03089 12 93.1853
0.0713633 1.02776 144 92.9021
0.0716393 1.02331 48 92.5
0.0719926 1.01782 168 92.0039
0.0724612 1.00983 48 91.2815
0.0727331 1.00642 168 90.9729
0.0734532 0.996452 144 90.072
0.0738107 0.988533 96 89.3561
0.0740777 0.986049 72 89.1316
0.0743437 0.979944 48 88.5798
0.0746967 0.974073 144 88.049
0.0753982 0.961793 30 86.939
0.0758332 0.954894 288 86.3155
0.0761796 0.948477 56 85.7354
0.0766638 0.942072 192 85.1565
0.076953 0.938027 120 84.7908
0.0776339 0.925134 216 83.6254
0.0779723 0.92091 96 83.2435
0.078225 0.914045 96 82.623
0.0787281 0.905358 72 81.8377
0.0789784 0.903065 96 81.6304
0.0794767 0.894283 24 80.8366
0.0798137 0.887237 300 80.1997
0.0802183 0.880828 24 79.6204
0.0805865 0.874792 192 79.0748
0.0809532 0.86744 120 78.4102
0.0814394 0.859776 48 77.7174
0.0818379 0.852773 222 77.0845
0.0821633 0.844867 120 76.3698
0.0826125 0.838251 192 75.7717
0.0828809 0.834592 144 75.441
0.0833559 0.822894 24 74.3836
0.0837495 0.819434 144 74.0708
0.0840633 0.813345 120 73.5204
0.0844439 0.806648 192 72.9151
0.0847648 0.801005 144 72.405
0.0852293 0.792589 48 71.6443
0.0855594 0.786445 336 71.0889
0.0859213 0.780115 48 70.5167
0.0864252 0.77212 240 69.794
0.0870624 0.763684 8 69.0315
0.0872888 0.757749 48 68.495
0.087579 0.752949 336 68.0611
0.0881192 0.745071 174 67.349
0.0884123 0.740062 120 66.8962
0.0889978 0.73046 228 66.0282
0.089427 0.722273 168 65.2882
0.0898883 0.71631 144 64.7492
0.0901807 0.711103 240 64.2785
0.0906174 0.706657 24 63.8766
0.090897 0.701122 336 63.3763
0.0913765 0.691423 144 62.4996
0.0917922 0.687334 168 62.13
0.0923436 0.677941 96 61.2809
0.0926754 0.673493 216 60.8789
0.0932651 0.665407 288 60.1479
0.0936174 0.66092 144 59.7424
0.0941969 0.65177 198 58.9152
0.094573 0.647266 216 58.5081
0.0950225 0.641688 168 58.0039
0.0952892 0.638415 240 57.708
0.0958792 0.629309 168 56.8849
0.0962314 0.62641 336 56.6229
0.0968099 0.61917 240 55.9685
0.097638 0.609963 276 55.1362
0.0981837 0.602792 344 54.488
0.0985479 0.600031 144 54.2384
0.0990673 0.593825 240 53.6775
0.0994528 0.589249 312 53.2638
0.100098 0.581481 240 52.5616
0.100531 0.578005 6 52.2475
0.100874 0.574663 384 51.9453
0.101448 0.57012 312 51.5346
0.101924 0.565746 168 51.1393
0.102421 0.560204 336 50.6383
0.102983 0.55549 336 50.2122
0.103243 0.554208 192 50.0964
0.103879 0.548749 288 49.6029
0.104279 0.546404 216 49.3909
0.104705 0.543414 240 49.1206
0.105349 0.537567 384 48.5921
0.1057 0.53351 72 48.2254
0.106152 0.531572 336 48.0502
0.106914 0.525834 378 47.5316
0.107244 0.523633 144 47.3326
0.107631 0.522688 384 47.2472
0.10826 0.517994 384 46.8228
0.108777 0.514791 344 46.5333
0.10919 0.512409 144 46.318
0.109816 0.509447 456 46.0503
0.110311 0.50798 312 45.9177
0.110746 0.504597 144 45.6119
0.111354 0.501657 552 45.3462
0.111965 0.498952 264 45.1017
0.112557 0.495773 264 44.8143
0.112926 0.494572 294 44.7057
0.113378 0.493271 432 44.5881
0.113986 0.489697 432 44.265
0.114516 0.488695 264 44.1745
0.114915 0.485798 192 43.9125
0.115567 0.484331 468 43.78
0.116093 0.481682 552 43.5405
0.116705 0.480227 336 43.409
0.117239 0.477706 288 43.1811
0.117777 0.475714 456 43.001
0.118366 0.473792 432 42.8273
0.118788 0.471367 168 42.6081
0.119469 0.469904 566 42.4759
0.120077 0.468416 432 42.3414
0.120751 0.465673 432 42.0934
0.121153 0.464089 360 41.9503
0.121711 0.462267 624 41.7855
0.122203 0.459288 264 41.5163
0.122718 0.459619 360 41.5462
0.123453 0.45631 456 41.2471
0.123969 0.454498 504 41.0833
0.12467 0.452506 564 40.9032
0.12526 0.449941 384 40.6714
0.125876 0.447957 462 40.492
0.126429 0.446245 624 40.3373
0.127121 0.444136 432 40.1467
0.127677 0.44117 624 39.8785
0.128318 0.438303 312 39.6194
0.128807 0.437082 552 39.5091
0.129504 0.433871 408 39.2188
0.129878 0.432788 600 39.1209
0.130701 0.429519 608 38.8254
0.131297 0.426806 504 38.5801
0.131933 0.423975 510 38.3242
0.13258 0.421236 600 38.0766
0.133214 0.418382 492 37.8187
0.133672 0.416206 552 37.622
0.134446 0.412862 696 37.3197
0.13492 0.409386 504 37.0055
0.135589 0.407892 528 36.8705
0.136149 0.404529 624 36.5664
0.136788 0.401316 504 36.276
0.137489 0.398047 552 35.9805
0.138157 0.394288 654 35.6407
0.138792 0.391091 840 35.3517
0.139482 0.386931 744 34.9757
0.140148 0.38392 456 34.7036
0.140735 0.380555 648 34.3994
0.141506 0.376031 896 33.9904
0.142105 0.373643 396 33.7746
0.142726 0.368999 816 33.3548
0.14348 0.365346 672 33.0246
0.144008 0.362322 552 32.7513
0.14474 0.35846 894 32.4022
0.145447 0.354842 672 32.0751
0.146112 0.351161 624 31.7424
0.146784 0.347732 888 31.4324
0.147376 0.344025 720 31.0974
0.148179 0.340156 936 30.7476
0.148977 0.335171 648 30.297
0.149637 0.331829 936 29.9949
0.150285 0.328278 696 29.674
0.151106 0.323744 618 29.2641
0.151697 0.321114 1008 29.0263
0.15237 0.317822 872 28.7288
0.153147 0.313668 960 28.3533
0.153934 0.310333 888 28.0518
0.154569 0.306793 648 27.7319
0.155288 0.304161 840 27.4939
0.155941 0.300707 912 27.1817
0.156682 0.297855 774 26.9239
0.157451 0.294614 1272 26.6309
0.158249 0.291147 912 26.3176
0.159019 0.287893 864 26.0234
0.159745 0.284954 924 25.7578
0.160428 0.282442 1080 25.5307
0.161255 0.279031 1008 25.2224
0.161989 0.276771 1128 25.0181
0.162879 0.27403 768 24.7703
0.1635 0.272089 1046 24.5949
0.164304 0.26981 1152 24.3889
0.16512 0.266983 1272 24.1333
0.165918 0.264608 912 23.9186
0.166638 0.262843 1200 23.7591
0.167465 0.260241 1080 23.5239
0.1681 0.258825 840 23.3959
0.169017 0.256592 1332 23.1941
0.169783 0.254736 1062 23.0263
0.170536 0.253159 1320 22.8837
0.17142 0.250995 1248 22.6881
0.172167 0.249995 1104 22.5977
0.173001 0.248364 1392 22.4503
0.173739 0.246816 776 22.3103
0.174601 0.245029 1728 22.1489
0.175449 0.243762 1224 22.0343
0.17633 0.24281 1254 21.9482
0.177179 0.241372 1368 21.8183
0.177982 0.239646 1236 21.6623
0.178748 0.238953 1608 21.5996
0.179662 0.237085 1008 21.4307
0.180329 0.236193 1488 21.3501
0.181298 0.234588 1440 21.2051
0.182161 0.233548 1158 21.111
0.182962 0.232988 1824 21.0604
0.183819 0.231376 1464 20.9147
0.184763 0.230028 1448 20.7929
0.18557 0.229666 1560 20.7602
0.186484 0.227731 1428 20.5852
0.187347 0.226701 1680 20.4921
0.188277 0.22569 1494 20.4008
0.189164 0.224273 1944 20.2726
0.190083 0.222786 1368 20.1383
0.190912 0.221154 1584 19.9907
0.191791 0.220147 1776 19.8997
0.192627 0.218349 1440 19.7372
0.19355 0.216862 1968 19.6027
0.194476 0.215287 1374 19.4604
0.195383 0.214405 2100 19.3806
0.196314 0.21224 1640 19.1849
0.19731 0.210408 2496 19.0193
0.198246 0.209016 1248 18.8935
0.198969 0.207262 1512 18.735
0.200004 0.205363 2280 18.5633
0.200981 0.203353 1926 18.3816
0.201907 0.20111 2064 18.1789
0.202923 0.1993 1920 18.0152
0.203766 0.197536 1944 17.8558
0.204817 0.195317 2172 17.6553
0.205802 0.193223 2256 17.4659
0.206744 0.191587 1736 17.3181
0.207695 0.189639 2094 17.142
0.208661 0.187312 2328 16.9316
0.209635 0.185457 2256 16.7639
0.210605 0.183136 1920 16.5541
0.211552 0.181035 2520 16.3642
0.212598 0.179267 2088 16.2044
0.213716 0.176869 2634 15.9876
0.214685 0.175019 2328 15.8205
0.215636 0.172863 2304 15.6255
0.2167 0.171047 2568 15.4614
0.217712 0.168688 2024 15.2482
0.21856 0.167141 2352 15.1083
0.21964 0.1655 2718 14.96
0.220689 0.163775 2520 14.8041
0.221792 0.161535 2772 14.6016
0.222806 0.160167 2640 14.4779
0.223891 0.158149 2880 14.2955
0.224992 0.156797 2448 14.1733
0.225967 0.155142 2478 14.0237
0.226978 0.153813 2904 13.9036
0.228073 0.15212 2816 13.7505
0.229091 0.150922 3024 13.6422
0.230305 0.14944 2952 13.5083
0.231358 0.148055 2796 13.3831
0.232405 0.147076 2982 13.2946
0.23355 0.145989 3312 13.1963
0.234601 0.144643 2688 13.0747
0.235688 0.14358 3144 12.9786
0.236855 0.142367 3672 12.8689
0.237877 0.14135 2328 12.777
0.239086 0.140383 4046 12.6896
0.240233 0.139249 2844 12.5871
0.241291 0.138515 3600 12.5208
0.242431 0.137706 3264 12.4476
0.243572 0.136812 3288 12.3668
0.244685 0.135649 3198 12.2617
0.245798 0.134968 3864 12.2001
0.246976 0.134153 3456 12.1265
0.248127 0.13311 3744 12.0322
0.24936 0.132078 3876 11.9389
0.250523 0.131344 3392 11.8725
0.251669 0.130571 3918 11.8027
0.252872 0.129558 3864 11.7111
0.254083 0.128718 4104 11.6352
0.255199 0.127739 3480 11.5467
0.256387 0.126938 4080 11.4743
0.257664 0.125607 4170 11.3539
0.258855 0.124892 4176 11.2893
0.26008 0.123636 4560 11.1758
0.261336 0.122709 3656 11.092
0.262469 0.12156 4344 10.9882
0.263809 0.120474 4830 10.89
0.265071 0.119386 4416 10.7916
0.266256 0.118126 3876 10.6777
0.267421 0.116982 4752 10.5743
0.268761 0.115892 4968 10.4758
0.2701 0.114542 4494 10.3538
0.27124 0.113457 4200 10.2557
0.272568 0.112282 5792 10.1495
0.273851 0.111134 4224 10.0457
0.275155 0.109778 5220 9.92317
0.276427 0.108839 4590 9.83824
0.277657 0.107575 5328 9.72398
0.27902 0.106238 5304 9.60317
0.280352 0.104959 5040 9.48752
0.281565 0.103921 4920 9.39372
0.282918 0.102785 5750 9.29105
0.284302 0.101696 5388 9.19254
0.285589 0.100607 5784 9.09414
0.286971 0.0998133 5400 9.02239
0.288304 0.0984651 5640 8.90053
0.289695 0.0973265 5934 8.7976
0.291035 0.0964937 6120 8.72233
0.292425 0.0953963 5544 8.62313
0.293779 0.0946588 6164 8.55647
0.295153 0.0938936 5838 8.4873
0.296461 0.0931122 6144 8.41667
0.297907 0.0921532 6288 8.32998
0.299258 0.0913114 6576 8.25388
0.300748 0.0902842 6504 8.16103
0.302188 0.0897672 6594 8.1143
0.30361 0.0889933 7008 8.04434
0.305003 0.0881835 6200 7.97114
0.306412 0.087631 6768 7.9212
0.307876 0.0868918 7182 7.85438
0.309298 0.0861987 6864 7.79173
0.310761 0.0855311 7308 7.73139
0.312204 0.0848481 6744 7.66965
0.313652 0.0841919 7686 7.61033
0.315175 0.0837852 7280 7.57357
0.31662 0.0830289 7920 7.50521
0.318151 0.0821303 7560 7.42398
0.319599 0.0813818 6948 7.35632
0.321058 0.0807708 8430 7.30109
0.322645 0.0800253 8328 7.2337
0.324166 0.0794634 7824 7.18291
0.32568 0.0786595 8160 7.11024
0.327167 0.0780101 8030 7.05155
0.328774 0.0772894 9372 6.98639
0.330313 0.0764957 7968 6.91465
0.331826 0.0756637 8568 6.83944
0.333427 0.0750692 8934 6.78571
0.334947 0.0742477 8952 6.71145
0.336524 0.0735157 8880 6.64528
0.338146 0.0725151 9548 6.55484
0.339739 0.0719527 9126 6.50399
0.341313 0.0710806 9384 6.42516
0.342874 0.0703736 9288 6.36126
0.344468 0.0696642 9792 6.29713
0.346116 0.0689107 9570 6.22903
0.34771 0.0681526 10376 6.1605
0.349362 0.0673648 10152 6.08929
0.351033 0.0667582 9960 6.03445
0.352646 0.0661545 10782 5.97988
0.354377 0.0655068 10992 5.92134
0.356063 0.0647824 10452 5.85586
0.357696 0.0640226 10806 5.78717
0.359426 0.0635056 11312 5.74044
0.361079 0.0628084 11112 5.67742
0.362754 0.0622437 10848 5.62638
0.364449 0.06159 11394 5.56728
0.366133 0.0611087 11952 5.52378
0.367846 0.0607091 11352 5.48766
0.369601 0.0599441 12584 5.41851
0.371397 0.0595559 12390 5.38342
0.373143 0.0588676 12252 5.3212
0.374848 0.0583963 12240 5.2786
0.37663 0.0579407 12486 5.23741
0.378363 0.0573994 13080 5.18848
0.380139 0.0569393 12968 5.1469
0.381916 0.0563199 12612 5.09091
0.38369 0.0559272 13974 5.05541
0.385541 0.055429 13944 5.01038
0.387327 0.0547673 12840 4.95057
0.3891 0.0543804 14358 4.91559
0.390994 0.053854 14588 4.86801
0.392843 0.0532708 14688 4.81529
0.394661 0.0526657 13560 4.7606
0.396505 0.0522801 15582 4.72574
0.398367 0.051709 14544 4.67412
0.400233 0.0513208 15420 4.63903
0.402152 0.0506931 15614 4.58228
0.40399 0.0502888 14880 4.54574
0.405874 0.0496937 16728 4.49195
0.407843 0.0491699 15690 4.4446
0.409716 0.0485789 16248 4.39117
0.411602 0.0483363 16584 4.36925
0.413596 0.0476401 16904 4.30632
0.415548 0.0472313 17430 4.26936
0.417499 0.0467456 16908 4.22546
0.419429 0.0461255 17640 4.16941
0.421439 0.0456635 17550 4.12765
0.4234 0.0453034 18696 4.0951
0.425408 0.044777 17792 4.04751
0.42739 0.0443497 18138 4.00889
0.42937 0.0438983 19392 3.96808
0.431414 0.0435023 18768 3.93229
0.433421 0.0430787 19038 3.894
0.435438 0.0427084 19460 3.86053
0.437444 0.042329 19992 3.82623
0.4396 0.0417559 21174 3.77442
0.441671 0.0414049 20040 3.7427
0.443727 0.0411564 20628 3.72024
0.445802 0.0406638 20798 3.67571
0.447878 0.0404223 21480 3.65388
0.449991 0.0398384 21792 3.6011
0.452114 0.0395868 21414 3.57836
0.454235 0.0391797 23100 3.54156
0.456374 0.038766 21992 3.50417
0.458534 0.0383507 23406 3.46662
0.460666 0.0380576 22536 3.44013
0.46284 0.0375576 24348 3.39494
0.465042 0.0372841 23598 3.37021
0.467214 0.0369087 24224 3.33627
0.469406 0.0363865 24648 3.28907
0.471626 0.0361233 24618 3.26528
0.473743 0.0358255 24192 3.23836
0.475977 0.0353865 26208 3.19868
0.478226 0.0350319 25790 3.16662
0.480485 0.0347028 26916 3.13688
0.482752 0.034394 26214 3.10897
0.485019 0.0339901 27528 3.07246
0.487306 0.0336462 27720 3.04137
0.48961 0.0332564 27122 3.00613
0.491868 0.0330225 28632 2.98499
0.494198 0.032711 28680 2.95684
0.496522 0.0323432 28722 2.92359
0.498833 0.0320349 30000 2.89572
0.501204 0.0316802 29408 2.86366
0.50355 0.031398 30678 2.83815
0.505916 0.0309982 30660 2.80201
0.508313 0.0307496 31494 2.77954
0.510704 0.0304065 31448 2.74853
0.513084 0.03017 32160 2.72715
0.515543 0.0298141 33090 2.69498
0.51795 0.0295639 32664 2.67236
0.520364 0.0292169 32718 2.64099
0.522793 0.029001 34472 2.62148
0.52526 0.0287344 34260 2.59738
0.527713 0.0285097 34302 2.57707
0.530156 0.0281637 35472 2.54579
0.532669 0.0278391 36020 2.51645
0.535188 0.027616 36942 2.49628
0.5377 0.0273266 36360 2.47012
0.540241 0.0270566 38166 2.44572
0.542756 0.0268209 36804 2.42442
0.545284 0.0264603 38864 2.39182
0.54787 0.0261472 39366 2.36352
0.550466 0.0258971 40068 2.34091
0.553028 0.025732 38910 2.32598
0.555606 0.0253797 41360 2.29414
0.558224 0.0251412 40782 2.27258
0.56083 0.0249828 42204 2.25826
0.56345 0.024739 41544 2.23622
0.566114 0.0244184 44510 2.20725
0.568794 0.0242561 42948 2.19258
0.57145 0.0239678 44478 2.16651
0.574166 0.023676 46032 2.14014
0.576877 0.0234705 44402 2.12156
0.57954 0.0232184 46320 2.09878
0.582264 0.0230659 46848 2.08499
0.585017 0.0228118 47814 2.06202
0.587762 0.0225615 48260 2.0394
0.590569 0.0222942 49758 2.01523
0.593327 0.0221167 49032 1.99919
0.596104 0.0218869 49770 1.97841
0.598885 0.0216977 51056 1.96131
0.601688 0.0215062 51504 1.944
0.60453 0.0212929 52866 1.92472
0.607362 0.0210262 52848 1.90061
0.610229 0.0208718 54542 1.88666
0.613094 0.0206679 54276 1.86823
0.615957 0.0204491 55062 1.84845
0.618839 0.0202358 56568 1.82917
0.62177 0.0200738 57266 1.81452
0.624688 0.0198737 58056 1.79644
0.627616 0.0196668 57750 1.77773
0.630554 0.0194947 60380 1.76217
0.633541 0.0192552 60390 1.74053
0.63652 0.019089 61608 1.7255
0.639512 0.0188428 61362 1.70325
0.64251 0.0187554 63752 1.69535
0.64554 0.0185625 63528 1.67791
0.648554 0.0183667 64050 1.66021
0.651549 0.0181659 64784 1.64207
0.654649 0.0180619 68814 1.63267
0.657741 0.0178537 66156 1.61385
0.66081 0.0177483 68718 1.60432
0.663899 0.0175475 69104 1.58616
0.667047 0.0173658 71682 1.56974
0.670183 0.0172005 70512 1.5548
0.673306 0.0169939 72278 1.53613
0.676483 0.016821 74532 1.5205
0.679687 0.0167077 74454 1.51026
0.682871 0.0165833 75540 1.49901
0.686079 0.0164119 76526 1.48351
0.689314 0.0162585 78648 1.46965
0.692548 0.0161059 77370 1.45585
0.695723 0.0159387 78272 1.44074
0.698997 0.0158216 82710 1.43015
0.702314 0.0156133 82146 1.41132
0.705609 0.0155268 83712 1.4035
0.708938 0.0153201 84710 1.38483
0.712273 0.0152126 86172 1.37511
0.715624 0.0150623 86406 1.36152
0.718964 0.0149396 88244 1.35043
0.722353 0.014772 89670 1.33528
0.725741 0.0146195 90792 1.3215
0.729184 0.0145753 93194 1.3175
0.732605 0.0143668 92352 1.29865
0.736035 0.0142769 94914 1.29052
0.739481 0.01415 95504 1.27905
0.742951 0.0140563 97230 1.27059
0.746441 0.0138949 98802 1.25599
0.749957 0.0137765 100952 1.24529
0.753469 0.013686 99990 1.23711
0.756983 0.013516 103356 1.22174
0.760565 0.0134291 105014 1.21389
0.764149 0.0132944 106548 1.20172
0.767736 0.0131804 106302 1.19141
0.771306 0.0130927 108002 1.18348
0.774926 0.012986 111696 1.17384
0.778598 0.0128658 112158 1.16298
0.782245 0.012758 113300 1.15323
0.785923 0.0126468 115302 1.14317
0.789616 0.0124829 117396 1.12836
0.793312 0.0124363 117158 1.12415
0.797042 0.0123314 121470 1.11466
0.800776 0.0121974 120660 1.10256
0.804553 0.0121577 125030 1.09897
0.808343 0.0120057 125388 1.08523
0.812158 0.0119476 128094 1.07997
0.815959 0.01184 127058 1.07025
0.819781 0.0117552 132336 1.06258
0.823648 0.0115948 132006 1.04808
0.827505 0.0115926 134162 1.04789
0.8314 0.0114822 137760 1.03791
0.835324 0.011406 137802 1.03102
0.839214 0.0113083 139016 1.02219
0.843171 0.0112121 144354 1.01349
0.847141 0.0111398 142814 1.00696
0.851084 0.0110611 145932 0.999847
0.855081 0.0109819 148206 0.992688
0.859091 0.0108819 150566 0.98364
0.863128 0.0108259 152820 0.978586
0.867194 0.0107601 155142 0.972633
0.87127 0.0106254 157220 0.960454
0.875368 0.0105633 159198 0.954846
0.879473 0.0105244 160994 0.951331
0.883606 0.0104043 164544 0.940476
0.887753 0.0103402 165282 0.934674
0.891919 0.0102657 168350 0.927941
0.896109 0.0102496 171660 0.926486
0.900336 0.0101629 173622 0.918652
0.904563 0.0100993 175034 0.912907
0.908805 0.0100033 178512 0.904226
0.913051 0.00995972 178646 0.900286
0.917348 0.00990075 185466 0.894955
0.921672 0.00982805 185382 0.888383
0.925992 0.00977967 188252 0.884011
0.930354 0.00972399 192126 0.878978
0.93473 0.0096347 193562 0.870906
0.939107 0.0096337 196176 0.870816
0.943526 0.00953735 200130 0.862107
0.947959 0.00944328 201326 0.853604
0.952394 0.00946801 204972 0.855839
0.956874 0.00940389 208406 0.850043
0.961345 0.00935964 208362 0.846043
0.965874 0.0092783 217662 0.838691
0.970451 0.00926974 217124 0.837917
0.974982 0.00918098 217446 0.829893
0.979556 0.00916814 224690 0.828733
0.984147 0.00907474 224058 0.82029
0.988771 0.00908365 231848 0.821095
0.993453 0.00903705 233994 0.816883
0.998112 0.0089953 234198 0.81311
1.00278 0.008944 239708 0.808472
1.00751 0.00887838 243630 0.802541
1.01226 0.00889573 247010 0.804109
1.01699 0.00882029 246414 0.79729
1.02174 0.00880991 253772 0.796352
1.02654 0.00879139 256902 0.794677
1.03137 0.00870726 261066 0.787073
1.03624 0.00869123 265958 0.785623
1.0411 0.00868595 265098 0.785147
1.04596 0.00860034 271424 0.777408
1.05088 0.00859047 276858 0.776515
1.05585 0.00860344 281186 0.777688
1.06082 0.00860085 282918 0.777454
1.06577 0.00853477 285146 0.771481
1.07077 0.00849993 293280 0.768331
1.07581 0.00847565 294602 0.766137
1.08087 0.00847231 301278 0.765835
1.08595 0.00845874 302954 0.764608
1.09104 0.00844081 307674 0.762987
1.09614 0.00840549 310560 0.759794
1.1013 0.008403 320834 0.75957
1.1065 0.0083889 321582 0.758296
1.1117 0.00839389 325226 0.758746
1.11691 0.00834572 331422 0.754392
1.12216 0.00837295 335066 0.756853
1.12744 0.00832624 341340 0.752632
1.13272 0.00830514 342038 0.750724
1.13803 0.00830196 351354 0.750436
1.14339 0.00832893 355478 0.752874
1.14877 0.00830154 360066 0.750399
1.15416 0.0083084 364634 0.751019
1.15957 0.00830179 369072 0.750421
1.16503 0.0083081 377642 0.750992
1.17053 0.00830387 382074 0.750609
1.17602 0.00832332 384014 0.752368
1.18154 0.00831748 393066 0.751839
1.18707 0.00834976 393950 0.754757
1.19264 0.0083543 404154 0.755168
1.19826 0.00831746 409178 0.751838
1.20388 0.00835122 413334 0.754889
1.20954 0.00833981 421196 0.753858
1.21521 0.00836983 422658 0.756571
1.22091 0.00837266 434990 0.756827
1.22666 0.00842314 437442 0.76139
1.23241 0.00841824 443066 0.760947
1.2382 0.00844301 452150 0.763187
1.24401 0.0084618 455538 0.764885
1.24985 0.00846063 463382 0.764779
1.25571 0.00847722 468666 0.766278
1.26162 0.00850653 479642 0.768928
1.26756 0.00855409 482814 0.773227
1.2735 0.00854653 489386 0.772544
1.27948 0.00859654 498642 0.777064
1.2855 0.00858967 503450 0.776443
1.29154 0.00864699 512838 0.781625
1.29761 0.00867606 517586 0.784253
1.30369 0.00870222 524372 0.786617
1.3098 0.0086928 534270 0.785765
1.31596 0.00878724 540386 0.794302
1.32215 0.00880846 550938 0.79622
1.32836 0.00886893 554270 0.801686
1.33459 0.00890157 564978 0.804637
1.34087 0.0089226 574370 0.806538
1.34718 0.00900332 579614 0.813834
1.3535 0.00901679 587778 0.815052
1.35985 0.00905924 596978 0.818889
1.36624 0.00914347 606570 0.826503
1.37267 0.00915401 613982 0.827456
1.37911 0.00923501 621200 0.834777
1.38558 0.00928366 631386 0.839175
1.39208 0.00935302 640418 0.845445
1.39864 0.0094145 651870 0.851002
1.40521 0.00945933 657770 0.855054
1.4118 0.0095153 667082 0.860113
1.41842 0.00959757 675810 0.86755
1.42509 0.0096295 689318 0.870437
1.4318 0.00969882 698754 0.876702
1.43854 0.00980333 706922 0.88615
1.44529 0.00982307 715562 0.887934
1.45208 0.00989994 727662 0.894883
1.45889 0.00999696 734426 0.903652
1.46572 0.0100376 745746 0.907327
1.4726 0.0101206 759698 0.914831
1.47952 0.0102626 768140 0.927664
1.48647 0.0103271 778770 0.933496
1.49347 0.0103716 795842 0.937514
1.50049 0.0104676 799442 0.946193
1.50754 0.010574 816042 0.95581
1.51462 0.0106811 822038 0.965492
1.52173 0.0107629 837722 0.972887
1.52887 0.0108647 846330 0.982089
1.53605 0.0109276 860768 0.987776
1.54327 0.011076 873722 1.00119
1.55052 0.0111372 885438 1.00672
1.55781 0.0112814 898730 1.01976
1.56513 0.0113801 908402 1.02867
1.57247 0.0114595 923226 1.03586
1.57985 0.0117732 933944 1.06421
1.58727 0.0117492 949730 1.06204
1.59472 0.0119563 961278 1.08076
1.60222 0.0125609 981218 1.13541
1.60976 0.0150546 989186 1.36083
1.6173 0.0156079 1001016 1.41084
1.62489 0.0123322 1019138 1.11474
1.63253 0.012465 1032842 1.12675
1.64019 0.0125607 1045394 1.1354
1.6479 0.012646 1066230 1.14311
1.65565 0.0128052 1075496 1.1575
1.66341 0.01291 1090154 1.16697
1.67122 0.0130759 1110378 1.18196
1.67908 0.0131609 1124666 1.18965
1.68697 0.0133292 1139624 1.20486
1.6949 0.0134567 1157114 1.21639
1.70286 0.0136201 1171434 1.23116
1.71085 0.0137604 1188494 1.24384
1.71889 0.0139057 1205504 1.25698
1.72697 0.0140611 1226594 1.27102
1.73508 0.0142329 1235562 1.28655
1.74322 0.014368 1259120 1.29876
1.75141 0.0145521 1274498 1.31541
1.75964 0.014742 1295594 1.33257
1.76791 0.0148748 1308312 1.34457
1.77621 0.0150461 1333922 1.36006
1.78456 0.01517 1348418 1.37126
1.79294 0.0153865 1366112 1.39083
1.80136 0.0155956 1389738 1.40973
1.80982 0.0157458 1407458 1.42331
1.81832 0.0159147 1426520 1.43858
1.82687 0.0161263 1448810 1.4577
1.83545 0.0163304 1465802 1.47615
1.84406 0.0165213 1488456 1.49341
1.85272 0.0167027 1510766 1.5098
1.86142 0.0169048 1528298 1.52807
1.87016 0.0170887 1552784 1.54469
1.87895 0.0172974 1579538 1.56356
1.88779 0.0175098 1595784 1.58276
1.89665 0.0177258 1619930 1.60228
1.90555 0.0179286 1637186 1.62061
1.91449 0.0181808 1669616 1.64341
1.9235 0.018356 1691834 1.65924
1.93253 0.0185752 1706952 1.67906
1.94159 0.0188376 1739630 1.70278
1.95073 0.0190674 1765064 1.72355
1.95988 0.0193111 1783538 1.74558
1.9691 0.0195605 1817480 1.76812
1.97835 0.0197626 1837034 1.78639
1.98765 0.0199878 1866512 1.80675
1.99698 0.0202824 1888242 1.83338
2.00636 0.0205167 1917056 1.85456
2.01577 0.0207488 1941554 1.87554
2.02525 0.0209919 1978040 1.89751
2.03477 0.0212683 1997426 1.9225
2.04433 0.0215525 2029256 1.94819
2.05393 0.0218318 2056370 1.97343
2.06357 0.0220494 2084000 1.9931
2.07326 0.0223461 2117778 2.01992
2.083 0.022648 2143952 2.04721
2.09278 0.0228558 2175614 2.066
2.10261 0.0231891 2206400 2.09613
2.11248 0.0234552 2233970 2.12018
2.12241 0.023779 2276456 2.14944
2.13239 0.0240628 2301848 2.1751
2.1424 0.0243662 2332922 2.20252
2.15246 0.0246638 2366960 2.22942
2.16256 0.0249746 2397698 2.25752
2.17272 0.0252903 2436644 2.28606
2.18293 0.0256207 2472608 2.31593
2.19319 0.0259167 2503050 2.34268
2.20348 0.0262261 2535392 2.37065
2.21383 0.0266124 2581088 2.40557
2.22424 0.0268803 2612762 2.42978
2.23469 0.0272383 2647964 2.46214
2.24518 0.0275513 2687216 2.49044
2.25573 0.0279131 2724434 2.52314
2.26633 0.0284543 2765840 2.57206
2.27697 0.0287581 2798504 2.59952
2.28766 0.0289823 2841326 2.61978
2.29841 0.0293216 2886128 2.65046
2.30921 0.0296767 2920808 2.68256
2.32005 0.0300574 2967536 2.71697
2.33094 0.0304222 3000674 2.74994
2.34188 0.0307708 3050324 2.78145
2.35289 0.0311926 3094664 2.81958
2.36395 0.0315709 3136016 2.85378
2.37505 0.0319498 3179546 2.88802
2.38621 0.0323802 3227060 2.92694
2.39742 0.0327524 3271832 2.96058
2.40868 0.0331602 3315440 2.99744
2.41998 0.033543 3363800 3.03204
2.43135 0.0339991 3414158 3.07327
2.44278 0.0344512 3459752 3.11414
2.45425 0.0348407 3508864 3.14935
2.46578 0.0352988 3560804 3.19075
2.47736 0.0356973 3608912 3.22677
2.489 0.0361446 3660608 3.26721
2.50068 0.0366045 3707846 3.30878
2.51243 0.0371258 3769664 3.3559
2.52424 0.0375627 3822920 3.39539
2.53609 0.0379556 3863564 3.43091
2.548 0.0385051 3930704 3.48058
2.55998 0.0389373 3986168 3.51965
2.572 0.0394165 4034228 3.56296
2.58406 0.0399175 4090816 3.60825
2.5962 0.0404344 4160360 3.65497
2.60841 0.040951 4213436 3.70167
2.62066 0.0414488 4270976 3.74667
2.63296 0.0419681 4332308 3.79361
2.64533 0.0424915 4395896 3.84092
2.65775 0.0429667 4454378 3.88387
2.67023 0.0435362 4517036 3.93535
2.68278 0.0440747 4588552 3.98403
2.69539 0.0446462 4651316 4.03569
2.70805 0.0452178 4711190 4.08736
2.72076 0.0458297 4782704 4.14267
2.73355 0.0463973 4849964 4.19397
2.74639 0.0470141 4917080 4.24973
2.75928 0.0475735 4985260 4.3003
2.77224 0.0481259 5060456 4.35023
2.78527 0.0488107 5127788 4.41213
2.79835 0.0493902 5201672 4.46451
2.81149 0.0500843 5278196 4.52726
2.8247 0.0505972 5350384 4.57362
2.83797 0.0513212 5423492 4.63906
2.8513 0.0520099 5504720 4.70132
2.86469 0.0526381 5581268 4.7581
2.87815 0.0533464 5659270 4.82213
2.89166 0.0539577 5736332 4.87738
2.90524 0.0547323 5823104 4.9474
2.91889 0.0554986 5909900 5.01667
2.93261 0.0560977 5986168 5.07082
2.94637 0.0569346 6064034 5.14648
2.96021 0.0576184 6162248 5.20828
2.97412 0.058407 6249932 5.27957
2.9881 0.059189 6331588 5.35025
3.00213 0.0599322 6424736 5.41743
3.01623 0.060736 6515066 5.49009
3.0304 0.0615487 6607552 5.56355
3.04463 0.0623608 6691412 5.63696
3.05892 0.0631766 6796676 5.7107
3.0733 0.0640326 6894838 5.78808
3.08773 0.0649165 6983324 5.86798
3.10224 0.0657242 7094120 5.94099
3.11681 0.0667268 7182634 6.03161
3.13145 0.0675129 7295588 6.10267
3.14616 0.0684672 7389992 6.18893
3.16094 0.0694052 7499434 6.27372
3.17579 0.070482 7606244 6.37106
3.1907 0.0714552 7703654 6.45903
3.20568 0.0741255 7823908 6.70041
3.22074 0.075238 7933148 6.80097
3.23587 0.0746136 8035210 6.74453
3.25107 0.0753745 8168648 6.81331
3.26635 0.0763968 8270402 6.90571
3.28169 0.0774844 8396284 7.00402
3.2971 0.0785914 8496608 7.10409
3.31258 0.0797569 8636482 7.20944
3.32814 0.0808247 8744780 7.30597
3.34377 0.0819791 8878274 7.41031
3.35948 0.0831321 8998288 7.51453
3.37526 0.0844437 9127058 7.63309
3.39111 0.0856252 9258676 7.73989
3.40704 0.086877 9394994 7.85305
3.42305 0.0881452 9518530 7.96768
3.43912 0.0894879 9652352 8.08905
3.45528 0.090796 9800506 8.2073
3.47151 0.0921704 9929156 8.33153
3.48782 0.0935127 10079002 8.45286
3.5042 0.0950247 10202930 8.58954
3.52065 0.0964991 10362148 8.72281
3.53719 0.0980946 10508450 8.86703
3.5538 0.0995287 10647784 8.99667
3.5705 0.10108 10817954 9.13688
3.58727 0.102695 10950034 9.28291
3.60411 0.104339 11116484 9.43153
3.62105 0.105954 11277610 9.57746
3.63806 0.107563 11430154 9.72295
3.65514 0.109329 11580074 9.88253
3.6723 0.111164 11759140 10.0484
3.68955 0.113022 11924378 10.2164
3.70689 0.115113 12099850 10.4054
3.7243 0.116795 12260050 10.5574
3.7418 0.118943 12439484 10.7516
3.75937 0.120997 12606226 10.9372
3.77703 0.122992 12800474 11.1176
3.79477 0.125276 12964258 11.324
3.81259 0.127372 13155874 11.5135
3.8305 0.129796 13345394 11.7326
3.84849 0.132174 13525540 11.9476
3.86657 0.134617 13730122 12.1684
3.88473 0.13721 13917890 12.4028
3.90298 0.139734 14114938 12.6309
3.92131 0.142412 14316682 12.873
3.93974 0.145354 14520626 13.1389
3.95824 0.148167 14708962 13.3932
3.97682 0.15121 14936002 13.6682
3.9955 0.154244 15141986 13.9425
4.01428 0.157523 15366994 14.2389
4.03313 0.160737 15563242 14.5295
4.05207 0.16426 15794614 14.8479
4.07111 0.167961 16021226 15.1824
4.09023 0.171685 16238338 15.5191
4.10944 0.175618 16476706 15.8746
4.12874 0.179647 16717282 16.2388
4.14814 0.184009 16935730 16.6331
4.16762 0.188464 17183270 17.0358
4.18719 0.193098 17431546 17.4547
4.20686 0.19821 17672128 17.9167
4.22662 0.20345 17929450 18.3904
4.24648 0.2088 18181246 18.874
4.26643 0.2146 18436154 19.3983
4.28646 0.22064 18688066 19.9442
4.30659 0.226835 18966160 20.5042
4.32682 0.234379 19228342 21.1861
4.34714 0.241493 19497994 21.8292
4.36756 0.24908 19789402 22.515
4.38808 0.257254 20048224 23.2539
4.40868 0.267815 20340694 24.2086
4.42939 0.277409 20631698 25.0757
4.4502 0.286931 20920738 25.9365
4.4711 0.302037 21224764 27.3019
4.49211 0.314967 21524794 28.4707
4.51321 0.327657 21819694 29.6178
4.53441 0.353169 22136776 31.9239
4.55571 0.368788 22446490 33.3357
4.5771 0.398705 22753708 36.04
4.5986 0.430093 23092930 38.8773
4.6202 0.461581 23405020 41.7236
4.6419 0.535746 23744914 48.4275
4.66371 0.56067 24090094 50.6804
4.68561 0.726678 24416584 65.6864
4.70762 0.763642 24763822 69.0276
4.72973 1.11221 25116112 100.535
4.75194 1.49481 25474348 135.12
4.77427 1.9133 25839802 172.948
4.79669 3.83339 26191732 346.511
4.81921 283.08 26563339 25588.4
4.84183 0.341385 26678128 30.8587
4.86457 0.338228 26655828 30.5734
4.88742 0.336994 26675140 30.4618
4.91038 0.336682 26644864 30.4336
4.93344 0.336951 26631640 30.4579
4.95661 0.337749 26619904 30.53
4.9799 0.338864 26596180 30.6309
5.00329 0.340795 26557060 30.8054
5.02679 0.3427 26532520 30.9776
5.0504 0.345175 26493240 31.2013
5.07412 0.348213 26453764 31.4759
5.09795 0.352417 26412544 31.856
5.1219 0.35468 26360476 32.0605
5.14595 0.358597 26299600 32.4145
5.17012 0.362774 26254092 32.7921
5.19441 0.367367 26178916 33.2073
5.21881 0.37245 26116096 33.6668
5.24332 0.377511 26040928 34.1242
5.26795 0.38338 25967736 34.6548
5.29269 0.389234 25862260 35.1839
5.31755 0.39584 25796416 35.781
5.34253 0.40255 25689396 36.3876
5.36762 0.40964 25577176 37.0284
5.39283 0.417479 25489588 37.7371
5.41816 0.425466 25373328 38.459
5.44362 0.433889 25250224 39.2204
5.46918 0.443085 25122124 40.0516
5.49487 0.452756 24990660 40.9259
5.52068 0.46315 24856192 41.8654
5.54661 0.473985 24706228 42.8448
5.57266 0.485327 24558204 43.87
5.59883 0.49768 24392068 44.9866
5.62513 0.510216 24237480 46.1198
5.65155 0.52424 24064336 47.3875
5.67809 0.538669 23876980 48.6917
5.70476 0.554073 23697324 50.0842
5.73156 0.570277 23498488 51.5489
5.75848 0.587769 23292324 53.13
5.78553 0.609959 23100964 55.1358
5.81271 0.629777 22862988 56.9272
5.84 0.647111 22634848 58.4941
5.86743 0.669036 22410012 60.476
5.89499 0.692516 22160572 62.5983
5.92268 0.717693 21915600 64.8742
5.9505 0.745193 21645516 67.36
5.97844 0.773746 21372232 69.941
6.00652 0.804222 21101172 72.6957
6.03474 0.837217 20815564 75.6783
6.06308 0.872409 20504628 78.8594
6.09156 0.909736 20204736 82.2335
6.12017 0.94995 19883356 85.8685
6.14891 0.992704 19552848 89.7332
6.17779 1.04012 19217196 94.0194
6.20681 1.09027 18861736 98.5529
6.23596 1.14434 18502836 103.44
6.26525 1.20703 18135780 109.107
6.29467 1.27378 17749600 115.141
6.32424 1.3497 17354232 122.003
6.35394 1.43674 16953228 129.871
6.38378 1.53598 16529656 138.841
6.41376 1.65003 16099164 149.151
6.44388 1.80539 15659388 163.194
6.47415 1.98961 15207864 179.846
6.50455 2.22702 14736132 201.306
6.5351 2.54013 14255596 229.609
6.56579 2.97893 13762332 269.273
6.59662 3.60088 13252296 325.493
6.6276 4.58003 12731268 414.001
6.65872 6.11458 12198720 552.714
6.68999 8.83935 11649660 799.013
6.72141 13.4181 11081952 1212.89
6.75296 23.643 10500652 2137.15
6.78467 46.4197 9911376 4196
6.81652 2182.37 9301473 197270
6.84856 1.62255 8737218 146.666
6.88073 1.65776 8239530 149.849
6.91305 1.71001 7788972 154.573
6.94552 1.7721 7357452 160.185
6.97814 1.84541 6958434 166.811
7.01093 1.93673 6572454 175.066
7.04385 2.02461 6204966 183.01
7.07693 2.12752 5851524 192.313
7.11016 2.24657 5518854 203.073
7.14356 2.3783 5192928 214.981
7.17711 2.5236 4883690 228.115
7.21082 2.68264 4585122 242.491
7.24468 2.86664 4294452 259.123
7.27871 3.06608 4020870 277.151
7.31289 3.28643 3750774 297.07
7.34723 3.53908 3496122 319.907
7.38174 3.81676 3250038 345.008
7.41641 4.13855 3010904 374.094
7.45123 4.48296 2783520 405.227
7.48622 4.89229 2566482 442.227
7.52138 5.36755 2355504 485.187
7.55668 5.96259 2154350 538.974
7.59215 6.47358 1964322 585.165
7.62781 7.16969 1782180 648.088
7.66364 8.01986 1608354 724.937
7.69963 9.03475 1442012 816.676
7.73577 10.2573 1285878 927.189
7.77208 11.8366 1137636 1069.94
7.80856 13.8695 999476 1253.7
7.84519 16.6606 867846 1505.99
7.88195 20.4898 746768 1852.13
7.91894 26.3015 636276 2377.46
7.95615 34.9703 532566 3161.06
7.99345 49.4994 435044 4474.39
8.03087 74.6307 351690 6746.07
8.06861 120.722 275630 10912.4
8.1063 211.82 204876 19147
8.14415 409.848 150770 37047.3
8.18252 921.237 100542 83273.1
8.22015 2353.09 59294 212702
8.25771 7890 32538 713198
8.29571 45849.8 11726 4.14449e+06
8.32962 633682 1560 5.72802e+07
8.35799 1.76368e+10 1 1.59423e+12
