# in Mpc/h Units 
# D1 = 0.181526 
# k P N P(z=0)
0.00628319 6.02307 6 182.784
0.00888577 7.25079 12 220.042
0.0108828 7.85387 8 238.344
0.0125664 8.2277 6 249.689
0.0140496 8.34793 24 253.337
0.0153906 8.42148 24 255.569
0.0177715 8.37904 12 254.281
0.0188496 8.30351 30 251.989
0.0198692 8.23063 24 249.777
0.020839 8.11372 24 246.229
0.0217656 7.99204 8 242.537
0.0226543 7.87201 24 238.894
0.0235095 7.73864 48 234.847
0.0251327 7.52686 6 228.42
0.0259062 7.33848 48 222.703
0.0266573 7.20253 36 218.577
0.0273878 7.07256 24 214.633
0.0280993 6.94552 24 210.778
0.0287932 6.81938 48 206.95
0.0294708 6.6863 24 202.911
0.0307812 6.43958 24 195.424
0.0314159 6.32129 30 191.834
0.0320381 6.21878 72 188.723
0.0326484 6.11409 32 185.546
0.033836 5.90221 72 179.116
0.0344144 5.80292 48 176.103
0.0355431 5.62228 12 170.621
0.0360942 5.53901 48 168.094
0.036637 5.45386 48 165.51
0.0371718 5.37183 48 163.021
0.0376991 5.28531 30 160.395
0.0382191 5.23148 24 158.761
0.0387322 5.14584 72 156.162
0.0397384 5.0035 24 151.843
0.040232 4.94373 96 150.029
0.0407197 4.87856 48 148.051
0.0412016 4.82941 24 146.56
0.0416779 4.7701 24 144.76
0.0421489 4.70524 72 142.791
0.0426146 4.64835 48 141.065
0.0435312 4.58176 8 139.044
0.0439823 4.52023 54 137.177
0.0444288 4.4702 84 135.659
0.0448709 4.42798 48 134.377
0.0453087 4.38182 24 132.976
0.0457423 4.3399 72 131.704
0.0461718 4.3097 96 130.788
0.0470191 4.23046 48 128.383
0.047437 4.19272 48 127.238
0.0478513 4.17643 24 126.743
0.0482621 4.1311 72 125.368
0.0490732 4.07861 72 123.775
0.0494739 4.04391 96 122.722
0.0502655 3.89507 6 118.205
0.0506567 3.97444 96 120.614
0.0510448 3.94352 96 119.675
0.0514301 3.91962 24 118.95
0.0518125 3.90505 48 118.508
0.0521921 3.88228 96 117.817
0.0525689 3.85861 48 117.098
0.0533146 3.80951 36 115.608
0.0536836 3.79913 48 115.293
0.05405 3.76882 120 114.373
0.054414 3.76721 56 114.325
0.0547755 3.73621 24 113.384
0.0551347 3.7195 96 112.877
0.0554916 3.70353 48 112.392
0.0561985 3.68157 24 111.726
0.0565487 3.6541 102 110.892
0.0568967 3.63805 48 110.405
0.0572425 3.62541 72 110.021
0.0575863 3.60856 48 109.51
0.0579281 3.6038 48 109.366
0.0582679 3.57357 120 108.448
0.0589415 3.55467 24 107.875
0.0592755 3.54485 144 107.577
0.0596075 3.52526 120 106.982
0.0599378 3.5057 48 106.388
0.0605928 3.49112 48 105.946
0.0609177 3.47595 96 105.486
0.0615624 3.4499 24 104.695
0.0618822 3.44356 48 104.503
0.0622004 3.43606 108 104.275
0.0625169 3.41692 72 103.694
0.0628319 3.40299 30 103.272
0.0631452 3.38983 168 102.872
0.0634571 3.38245 48 102.648
0.0640762 3.35421 72 101.791
0.0643835 3.34818 96 101.608
0.0646894 3.33837 72 101.311
0.0649938 3.32511 72 100.908
0.0652968 3.30112 32 100.18
0.0655984 3.2955 72 100.01
0.0658986 3.28609 144 99.724
0.0667912 3.2366 96 98.2221
0.0670861 3.22616 96 97.9054
0.0673797 3.2268 48 97.9248
0.067672 3.21352 72 97.5217
0.067963 3.20156 120 97.1588
0.0682529 3.18398 72 96.6251
0.0688288 3.17158 48 96.2488
0.069115 3.15634 78 95.7865
0.0694001 3.12718 120 94.9015
0.0696839 3.13943 48 95.2733
0.0702481 3.10418 144 94.2035
0.0705286 3.0916 144 93.8219
0.0710861 3.05819 12 92.8078
0.0713633 3.05549 144 92.7259
0.0716393 3.04094 48 92.2845
0.0719926 3.02507 168 91.8028
0.0724612 3.00028 48 91.0504
0.0727331 2.99126 168 90.7766
0.0734532 2.96389 144 89.946
0.0738107 2.93543 96 89.0825
0.0740777 2.93236 72 88.9891
0.0743437 2.90953 48 88.2964
0.0746967 2.89307 144 87.7969
0.0753982 2.85718 30 86.7078
0.0758332 2.83485 288 86.0301
0.0761796 2.81451 56 85.4127
0.0766638 2.7988 192 84.9359
0.076953 2.78838 120 84.6198
0.0776339 2.74879 216 83.4182
0.0779723 2.73966 96 83.1414
0.078225 2.71365 96 82.3519
0.0787281 2.68651 72 81.5283
0.0789784 2.68568 96 81.5032
0.0794767 2.66437 24 80.8565
0.0798137 2.63642 300 80.0081
0.0802183 2.61829 24 79.4581
0.0805865 2.60135 192 78.944
0.0809532 2.57788 120 78.2317
0.0814394 2.5528 48 77.4705
0.0818379 2.53493 222 76.9283
0.0821633 2.50797 120 76.1103
0.0826125 2.49061 192 75.5834
0.0828809 2.48297 144 75.3513
0.0833559 2.43963 24 74.0362
0.0837495 2.43725 144 73.9641
0.0840633 2.41892 120 73.4077
0.0844439 2.39725 192 72.7502
0.0847648 2.38009 144 72.2292
0.0852293 2.35379 48 71.4312
0.0855594 2.33538 336 70.8725
0.0859213 2.31805 48 70.3465
0.0864252 2.29427 240 69.6249
0.0870624 2.27507 8 69.0422
0.0872888 2.2526 48 68.3604
0.087579 2.23687 336 67.8829
0.0881192 2.21458 174 67.2066
0.0884123 2.20137 120 66.8056
0.0889978 2.17194 228 65.9125
0.089427 2.14429 168 65.0734
0.0898883 2.12823 144 64.5861
0.0901807 2.11242 240 64.1062
0.0906174 2.10493 24 63.8789
0.090897 2.08548 336 63.2888
0.0913765 2.05082 144 62.237
0.0917922 2.04473 168 62.0519
0.0923436 2.01404 96 61.1207
0.0926754 2.00021 216 60.7011
0.0932651 1.97718 288 60.0022
0.0936174 1.96403 144 59.603
0.0941969 1.93555 198 58.7387
0.094573 1.9225 216 58.3427
0.0950225 1.9064 168 57.8542
0.0952892 1.89736 240 57.5798
0.0958792 1.86674 168 56.6506
0.0962314 1.86272 336 56.5286
0.0968099 1.83866 240 55.7984
0.097638 1.81274 276 55.0118
0.0981837 1.79019 344 54.3275
0.0985479 1.78453 144 54.1558
0.0990673 1.76551 240 53.5784
0.0994528 1.75 312 53.1077
0.100098 1.72544 240 52.3625
0.100531 1.72671 6 52.4011
0.100874 1.70624 384 51.7799
0.101448 1.69465 312 51.4282
0.101924 1.68077 168 51.0067
0.102421 1.66311 336 50.4709
0.102983 1.65036 336 50.0841
0.103243 1.64753 192 49.998
0.103879 1.63129 288 49.5053
0.104279 1.62457 216 49.3014
0.104705 1.61861 240 49.1204
0.105349 1.59781 384 48.4891
0.1057 1.58354 72 48.0561
0.106152 1.57964 336 47.9377
0.106914 1.56003 378 47.3428
0.107244 1.5546 144 47.178
0.107631 1.55246 384 47.1129
0.10826 1.53786 384 46.6699
0.108777 1.52815 344 46.3753
0.10919 1.52125 144 46.1659
0.109816 1.51262 456 45.9039
0.110311 1.51167 312 45.8751
0.110746 1.50009 144 45.5238
0.111354 1.49011 552 45.2209
0.111965 1.48396 264 45.0341
0.112557 1.47258 264 44.6887
0.112926 1.46931 294 44.5896
0.113378 1.46682 432 44.5141
0.113986 1.45383 432 44.12
0.114516 1.45376 264 44.1177
0.114915 1.44292 192 43.7888
0.115567 1.43954 468 43.6862
0.116093 1.43003 552 43.3975
0.116705 1.42812 336 43.3397
0.117239 1.41937 288 43.0741
0.117777 1.41193 456 42.8482
0.118366 1.40678 432 42.6919
0.118788 1.39751 168 42.4108
0.119469 1.3959 566 42.3618
0.120077 1.39198 432 42.2429
0.120751 1.3828 432 41.9643
0.121153 1.37733 360 41.7982
0.121711 1.37275 624 41.6592
0.122203 1.36198 264 41.3324
0.122718 1.36627 360 41.4625
0.123453 1.35467 456 41.1106
0.123969 1.34952 504 40.9544
0.12467 1.34369 564 40.7773
0.12526 1.33493 384 40.5115
0.125876 1.33058 462 40.3796
0.126429 1.32562 624 40.2288
0.127121 1.31993 432 40.0563
0.127677 1.31037 624 39.7663
0.128318 1.30072 312 39.4734
0.128807 1.2982 552 39.397
0.129504 1.28837 408 39.0984
0.129878 1.28566 600 39.0164
0.130701 1.2768 608 38.7474
0.131297 1.26779 504 38.474
0.131933 1.25867 510 38.1972
0.13258 1.25111 600 37.9678
0.133214 1.24286 492 37.7174
0.133672 1.23522 552 37.4856
0.134446 1.22694 696 37.2344
0.13492 1.21428 504 36.85
0.135589 1.2124 528 36.7932
0.136149 1.20262 624 36.4962
0.136788 1.192 504 36.174
0.137489 1.18222 552 35.8772
0.138157 1.17142 654 35.5493
0.138792 1.16266 840 35.2837
0.139482 1.14844 744 34.8522
0.140148 1.14199 456 34.6564
0.140735 1.13028 648 34.3011
0.141506 1.11664 896 33.887
0.142105 1.11196 396 33.7451
0.142726 1.0955 816 33.2454
0.14348 1.08495 672 32.9253
0.144008 1.07566 552 32.6435
0.14474 1.0647 894 32.3108
0.145447 1.05396 672 31.9847
0.146112 1.04305 624 31.6538
0.146784 1.03341 888 31.3612
0.147376 1.0217 720 31.0059
0.148179 1.01131 936 30.6904
0.148977 0.994731 648 30.1874
0.149637 0.98524 936 29.8994
0.150285 0.974356 696 29.5691
0.151106 0.960119 618 29.137
0.151697 0.953304 1008 28.9302
0.15237 0.942867 872 28.6135
0.153147 0.930881 960 28.2497
0.153934 0.922244 888 27.9876
0.154569 0.910276 648 27.6244
0.155288 0.903705 840 27.425
0.155941 0.892622 912 27.0887
0.156682 0.884828 774 26.8522
0.157451 0.875231 1272 26.5609
0.158249 0.864927 912 26.2482
0.159019 0.854255 864 25.9243
0.159745 0.845901 924 25.6708
0.160428 0.83853 1080 25.4471
0.161255 0.827792 1008 25.1213
0.161989 0.821479 1128 24.9297
0.162879 0.814019 768 24.7033
0.1635 0.808658 1046 24.5406
0.164304 0.801989 1152 24.3382
0.16512 0.792814 1272 24.0598
0.165918 0.785422 912 23.8354
0.166638 0.780468 1200 23.6851
0.167465 0.771913 1080 23.4255
0.1681 0.768758 840 23.3297
0.169017 0.761882 1332 23.1211
0.169783 0.756649 1062 22.9623
0.170536 0.751797 1320 22.815
0.17142 0.744744 1248 22.601
0.172167 0.74341 1104 22.5605
0.173001 0.738166 1392 22.4014
0.173739 0.733201 776 22.2507
0.174601 0.727296 1728 22.0715
0.175449 0.724068 1224 21.9735
0.17633 0.72182 1254 21.9053
0.177179 0.717102 1368 21.7621
0.177982 0.710965 1236 21.5759
0.178748 0.709848 1608 21.542
0.179662 0.703653 1008 21.354
0.180329 0.700962 1488 21.2723
0.181298 0.695636 1440 21.1107
0.182161 0.692844 1158 21.026
0.182962 0.691996 1824 21.0002
0.183819 0.687145 1464 20.853
0.184763 0.682616 1448 20.7156
0.18557 0.682646 1560 20.7165
0.186484 0.675565 1428 20.5016
0.187347 0.67325 1680 20.4313
0.188277 0.67087 1494 20.3591
0.189164 0.665644 1944 20.2005
0.190083 0.661368 1368 20.0707
0.190912 0.65535 1584 19.8881
0.191791 0.653705 1776 19.8382
0.192627 0.647086 1440 19.6373
0.19355 0.643366 1968 19.5244
0.194476 0.638982 1374 19.3914
0.195383 0.636918 2100 19.3288
0.196314 0.629177 1640 19.0938
0.19731 0.624555 2496 18.9535
0.198246 0.620632 1248 18.8345
0.198969 0.614919 1512 18.6611
0.200004 0.609664 2280 18.5017
0.200981 0.603609 1926 18.3179
0.201907 0.596324 2064 18.0968
0.202923 0.591722 1920 17.9572
0.203766 0.586246 1944 17.791
0.204817 0.579467 2172 17.5853
0.205802 0.573108 2256 17.3923
0.206744 0.568753 1736 17.2601
0.207695 0.562812 2094 17.0798
0.208661 0.555831 2328 16.868
0.209635 0.550737 2256 16.7134
0.210605 0.542987 1920 16.4782
0.211552 0.537154 2520 16.3012
0.212598 0.532405 2088 16.157
0.213716 0.524903 2634 15.9294
0.214685 0.519931 2328 15.7785
0.215636 0.512457 2304 15.5517
0.2167 0.507334 2568 15.3962
0.217712 0.500414 2024 15.1862
0.21856 0.495665 2352 15.0421
0.21964 0.491125 2718 14.9043
0.220689 0.48623 2520 14.7558
0.221792 0.478777 2772 14.5296
0.222806 0.475494 2640 14.43
0.223891 0.468684 2880 14.2233
0.224992 0.465656 2448 14.1314
0.225967 0.460403 2478 13.972
0.226978 0.45626 2904 13.8463
0.228073 0.451415 2816 13.6992
0.229091 0.447775 3024 13.5888
0.230305 0.443612 2952 13.4624
0.231358 0.438928 2796 13.3203
0.232405 0.436389 2982 13.2432
0.23355 0.433615 3312 13.159
0.234601 0.429201 2688 13.0251
0.235688 0.42581 3144 12.9222
0.236855 0.42217 3672 12.8117
0.237877 0.419357 2328 12.7264
0.239086 0.416515 4046 12.6401
0.240233 0.412978 2844 12.5328
0.241291 0.411048 3600 12.4742
0.242431 0.408736 3264 12.4041
0.243572 0.40566 3288 12.3107
0.244685 0.402348 3198 12.2102
0.245798 0.400412 3864 12.1514
0.246976 0.398241 3456 12.0855
0.248127 0.39511 3744 11.9905
0.24936 0.3912 3876 11.8719
0.250523 0.389592 3392 11.8231
0.251669 0.387504 3918 11.7597
0.252872 0.384501 3864 11.6686
0.254083 0.381751 4104 11.5851
0.255199 0.378942 3480 11.4999
0.256387 0.376395 4080 11.4226
0.257664 0.372284 4170 11.2978
0.258855 0.370483 4176 11.2432
0.26008 0.36673 4560 11.1293
0.261336 0.363929 3656 11.0443
0.262469 0.360248 4344 10.9326
0.263809 0.357189 4830 10.8397
0.265071 0.354254 4416 10.7507
0.266256 0.350504 3876 10.6369
0.267421 0.346443 4752 10.5136
0.268761 0.343298 4968 10.4182
0.2701 0.339352 4494 10.2984
0.27124 0.336286 4200 10.2054
0.272568 0.333103 5792 10.1088
0.273851 0.329336 4224 9.99448
0.275155 0.325353 5220 9.8736
0.276427 0.323124 4590 9.80595
0.277657 0.318761 5328 9.67354
0.27902 0.314929 5304 9.55724
0.280352 0.310985 5040 9.43757
0.281565 0.30787 4920 9.34302
0.282918 0.304429 5750 9.23861
0.284302 0.301473 5388 9.14888
0.285589 0.298359 5784 9.0544
0.286971 0.296089 5400 8.98551
0.288304 0.291759 5640 8.85409
0.289695 0.288393 5934 8.75197
0.291035 0.286143 6120 8.68368
0.292425 0.282279 5544 8.56642
0.293779 0.280576 6164 8.51472
0.295153 0.278564 5838 8.45367
0.296461 0.276071 6144 8.37802
0.297907 0.273114 6288 8.28826
0.299258 0.270692 6576 8.21476
0.300748 0.266955 6504 8.10138
0.302188 0.26593 6594 8.07025
0.30361 0.263702 7008 8.00264
0.305003 0.261275 6200 7.92898
0.306412 0.259608 6768 7.87842
0.307876 0.257431 7182 7.81233
0.309298 0.255576 6864 7.75604
0.310761 0.253295 7308 7.68681
0.312204 0.25149 6744 7.63204
0.313652 0.249403 7686 7.5687
0.315175 0.248598 7280 7.54427
0.31662 0.246149 7920 7.46996
0.318151 0.24347 7560 7.38867
0.319599 0.240777 6948 7.30692
0.321058 0.239177 8430 7.25837
0.322645 0.236858 8328 7.188
0.324166 0.235405 7824 7.14392
0.32568 0.232968 8160 7.06996
0.327167 0.231078 8030 7.01259
0.328774 0.229079 9372 6.95194
0.330313 0.226573 7968 6.87588
0.331826 0.224044 8568 6.79914
0.333427 0.222419 8934 6.74983
0.334947 0.219844 8952 6.67168
0.336524 0.217724 8880 6.60733
0.338146 0.214504 9548 6.50963
0.339739 0.21305 9126 6.46548
0.341313 0.210486 9384 6.38767
0.342874 0.208286 9288 6.32093
0.344468 0.206344 9792 6.26197
0.346116 0.204153 9570 6.19551
0.34771 0.201758 10376 6.12282
0.349362 0.199323 10152 6.04891
0.351033 0.197752 9960 6.00123
0.352646 0.195879 10782 5.9444
0.354377 0.193934 10992 5.88538
0.356063 0.191848 10452 5.82208
0.357696 0.189369 10806 5.74684
0.359426 0.188135 11312 5.70939
0.361079 0.185896 11112 5.64145
0.362754 0.184178 10848 5.5893
0.364449 0.182205 11394 5.52944
0.366133 0.18082 11952 5.48739
0.367846 0.179771 11352 5.45555
0.369601 0.177338 12584 5.38174
0.371397 0.176211 12390 5.34753
0.373143 0.174245 12252 5.28788
0.374848 0.172883 12240 5.24653
0.37663 0.171451 12486 5.20307
0.378363 0.169954 13080 5.15764
0.380139 0.1686 12968 5.11655
0.381916 0.16641 12612 5.05009
0.38369 0.165573 13974 5.0247
0.385541 0.164003 13944 4.97704
0.387327 0.161973 12840 4.91546
0.3891 0.161055 14358 4.88757
0.390994 0.159379 14588 4.83672
0.392843 0.157474 14688 4.77892
0.394661 0.155686 13560 4.72466
0.396505 0.154678 15582 4.69406
0.398367 0.152902 14544 4.64015
0.400233 0.151772 15420 4.60586
0.402152 0.149878 15614 4.54839
0.40399 0.148803 14880 4.51576
0.405874 0.147002 16728 4.4611
0.407843 0.145447 15690 4.41391
0.409716 0.143608 16248 4.3581
0.411602 0.143098 16584 4.34263
0.413596 0.140825 16904 4.27365
0.415548 0.139643 17430 4.2378
0.417499 0.138267 16908 4.19603
0.419429 0.136395 17640 4.13923
0.421439 0.135074 17550 4.09914
0.4234 0.13394 18696 4.06472
0.425408 0.132267 17792 4.01395
0.42739 0.131048 18138 3.97697
0.42937 0.129725 19392 3.9368
0.431414 0.12846 18768 3.89841
0.433421 0.127483 19038 3.86878
0.435438 0.12631 19460 3.83316
0.437444 0.125183 19992 3.79896
0.4396 0.123373 21174 3.74404
0.441671 0.122261 20040 3.7103
0.443727 0.121592 20628 3.68998
0.445802 0.120058 20798 3.64342
0.447878 0.119585 21480 3.62907
0.449991 0.117657 21792 3.57057
0.452114 0.117043 21414 3.55194
0.454235 0.115759 23100 3.51298
0.456374 0.114425 21992 3.47248
0.458534 0.113281 23406 3.43776
0.460666 0.112542 22536 3.41535
0.46284 0.110903 24348 3.36562
0.465042 0.110221 23598 3.3449
0.467214 0.108976 24224 3.30711
0.469406 0.107447 24648 3.26072
0.471626 0.106689 24618 3.23771
0.473743 0.105887 24192 3.21337
0.475977 0.104521 26208 3.17193
0.478226 0.103499 25790 3.14092
0.480485 0.10256 26916 3.11243
0.482752 0.101516 26214 3.08074
0.485019 0.100378 27528 3.04619
0.487306 0.0993138 27720 3.01391
0.48961 0.0981157 27122 2.97755
0.491868 0.0973797 28632 2.95521
0.494198 0.0965559 28680 2.93021
0.496522 0.0954644 28722 2.89709
0.498833 0.0945143 30000 2.86826
0.501204 0.0935675 29408 2.83952
0.50355 0.0926982 30678 2.81314
0.505916 0.0914212 30660 2.77439
0.508313 0.0906847 31494 2.75204
0.510704 0.089708 31448 2.7224
0.513084 0.0889353 32160 2.69895
0.515543 0.0879226 33090 2.66821
0.51795 0.087211 32664 2.64662
0.520364 0.0861865 32718 2.61553
0.522793 0.0855673 34472 2.59674
0.52526 0.0847443 34260 2.57176
0.527713 0.0841804 34302 2.55465
0.530156 0.0830558 35472 2.52052
0.532669 0.0821062 36020 2.4917
0.535188 0.0813665 36942 2.46925
0.5377 0.0805274 36360 2.44379
0.540241 0.079769 38166 2.42077
0.542756 0.079048 36804 2.39889
0.545284 0.0779017 38864 2.36411
0.54787 0.0770624 39366 2.33864
0.550466 0.0763807 40068 2.31795
0.553028 0.0759104 38910 2.30368
0.555606 0.0747904 41360 2.26969
0.558224 0.0740824 40782 2.2482
0.56083 0.0736671 42204 2.2356
0.56345 0.0728656 41544 2.21127
0.566114 0.0719859 44510 2.18458
0.568794 0.0714884 42948 2.16948
0.57145 0.0705991 44478 2.14249
0.574166 0.069758 46032 2.11697
0.576877 0.0691566 44402 2.09872
0.57954 0.0684366 46320 2.07687
0.582264 0.0679835 46848 2.06312
0.585017 0.0672176 47814 2.03987
0.587762 0.0664252 48260 2.01583
0.590569 0.0656958 49758 1.99369
0.593327 0.0651204 49032 1.97623
0.596104 0.0644038 49770 1.95448
0.598885 0.063894 51056 1.93901
0.601688 0.0633334 51504 1.922
0.60453 0.0627033 52866 1.90288
0.607362 0.0618783 52848 1.87784
0.610229 0.0613927 54542 1.8631
0.613094 0.0608673 54276 1.84716
0.615957 0.0601979 55062 1.82684
0.618839 0.0595361 56568 1.80676
0.62177 0.0590305 57266 1.79142
0.624688 0.0584617 58056 1.77415
0.627616 0.0578993 57750 1.75709
0.630554 0.0573837 60380 1.74144
0.633541 0.0566668 60390 1.71969
0.63652 0.0561682 61608 1.70455
0.639512 0.0554201 61362 1.68185
0.64251 0.055192 63752 1.67493
0.64554 0.0546258 63528 1.65775
0.648554 0.0540467 64050 1.64017
0.651549 0.0534262 64784 1.62134
0.654649 0.0531362 68814 1.61254
0.657741 0.0524813 66156 1.59266
0.66081 0.0522218 68718 1.58479
0.663899 0.0515597 69104 1.5647
0.667047 0.0510469 71682 1.54914
0.670183 0.0505808 70512 1.53499
0.673306 0.0499314 72278 1.51528
0.676483 0.0494307 74532 1.50009
0.679687 0.0490844 74454 1.48958
0.682871 0.0487095 75540 1.4782
0.686079 0.0482683 76526 1.46481
0.689314 0.0477444 78648 1.44891
0.692548 0.0473414 77370 1.43668
0.695723 0.0468172 78272 1.42078
0.698997 0.0464716 82710 1.41029
0.702314 0.0458385 82146 1.39108
0.705609 0.045587 83712 1.38344
0.708938 0.0449732 84710 1.36481
0.712273 0.0446271 86172 1.35431
0.715624 0.0441952 86406 1.34121
0.718964 0.0438712 88244 1.33137
0.722353 0.0433709 89670 1.31619
0.725741 0.0428871 90792 1.30151
0.729184 0.0427868 93194 1.29846
0.732605 0.0421196 92352 1.27822
0.736035 0.0419016 94914 1.2716
0.739481 0.0415114 95504 1.25976
0.742951 0.0412713 97230 1.25247
0.746441 0.0407706 98802 1.23728
0.749957 0.0403689 100952 1.22509
0.753469 0.0401624 99990 1.21882
0.756983 0.0396063 103356 1.20194
0.760565 0.0393761 105014 1.19496
0.764149 0.0389774 106548 1.18286
0.767736 0.0386482 106302 1.17287
0.771306 0.0383874 108002 1.16495
0.774926 0.0380283 111696 1.15406
0.778598 0.0377328 112158 1.14509
0.782245 0.0374056 113300 1.13516
0.785923 0.037068 115302 1.12491
0.789616 0.0365282 117396 1.10853
0.793312 0.0364362 117158 1.10574
0.797042 0.0360793 121470 1.09491
0.800776 0.0356901 120660 1.0831
0.804553 0.0356595 125030 1.08217
0.808343 0.0351593 125388 1.06699
0.812158 0.0349892 128094 1.06183
0.815959 0.0346595 127058 1.05182
0.819781 0.0344002 132336 1.04395
0.823648 0.0339084 132006 1.02903
0.827505 0.0339472 134162 1.03021
0.8314 0.0335807 137760 1.01908
0.835324 0.0333666 137802 1.01259
0.839214 0.0330364 139016 1.00256
0.843171 0.0327964 144354 0.995284
0.847141 0.0326009 142814 0.989348
0.851084 0.0323245 145932 0.980962
0.855081 0.0321286 148206 0.975015
0.859091 0.0317973 150566 0.964961
0.863128 0.0316325 152820 0.95996
0.867194 0.0314483 155142 0.95437
0.87127 0.0310134 157220 0.941172
0.875368 0.0308375 159198 0.935835
0.879473 0.0307278 160994 0.932507
0.883606 0.030363 164544 0.921436
0.887753 0.0301849 165282 0.91603
0.891919 0.0299838 168350 0.909927
0.896109 0.02989 171660 0.907081
0.900336 0.0296562 173622 0.899985
0.904563 0.0294886 175034 0.8949
0.908805 0.0291688 178512 0.885194
0.913051 0.0290768 178646 0.882404
0.917348 0.028881 185466 0.87646
0.921672 0.0286646 185382 0.869892
0.925992 0.0285042 188252 0.865026
0.930354 0.0283635 192126 0.860757
0.93473 0.028066 193562 0.851726
0.939107 0.0280666 196176 0.851744
0.943526 0.027772 200130 0.842807
0.947959 0.0274829 201326 0.834032
0.952394 0.0275325 204972 0.835536
0.956874 0.0273758 208406 0.830783
0.961345 0.0272503 208362 0.826974
0.965874 0.0269807 217662 0.818791
0.970451 0.0269525 217124 0.817936
0.974982 0.0266768 217446 0.809568
0.979556 0.0266781 224690 0.809609
0.984147 0.0263604 224058 0.799969
0.988771 0.0263668 231848 0.800162
0.993453 0.0262457 233994 0.796486
0.998112 0.0261128 234198 0.792453
1.00278 0.0259456 239708 0.787379
1.00751 0.0257733 243630 0.782152
1.01226 0.0258077 247010 0.783193
1.01699 0.0256057 246414 0.777065
1.02174 0.0255183 253772 0.77441
1.02654 0.0255025 256902 0.773932
1.03137 0.0252218 261066 0.765412
1.03624 0.0251569 265958 0.763444
1.0411 0.0251282 265098 0.762572
1.04596 0.0248981 271424 0.755589
1.05088 0.024843 276858 0.753918
1.05585 0.0248918 281186 0.755399
1.06082 0.0248575 282918 0.754359
1.06577 0.0246688 285146 0.748631
1.07077 0.0245536 293280 0.745136
1.07581 0.0244922 294602 0.743274
1.08087 0.0244505 301278 0.742006
1.08595 0.0244197 302954 0.741072
1.09104 0.0243313 307674 0.738389
1.09614 0.0242287 310560 0.735276
1.1013 0.0242033 320834 0.734506
1.1065 0.0241757 321582 0.733669
1.1117 0.0241535 325226 0.732995
1.11691 0.0240162 331422 0.728826
1.12216 0.0240778 335066 0.730697
1.12744 0.0239415 341340 0.726561
1.13272 0.0238613 342038 0.724126
1.13803 0.0238367 351354 0.72338
1.14339 0.0239016 355478 0.725351
1.14877 0.0238185 360066 0.722829
1.15416 0.0238312 364634 0.723212
1.15957 0.0237797 369072 0.721649
1.16503 0.023784 377642 0.721781
1.17053 0.0237675 382074 0.721279
1.17602 0.0238097 384014 0.722559
1.18154 0.0237821 393066 0.721724
1.18707 0.02384 393950 0.72348
1.19264 0.0238454 404154 0.723643
1.19826 0.0236926 409178 0.719008
1.20388 0.0237919 413334 0.722021
1.20954 0.0237339 421196 0.720259
1.21521 0.0238168 422658 0.722777
1.22091 0.0238152 434990 0.722728
1.22666 0.0239044 437442 0.725434
1.23241 0.0239145 443066 0.725741
1.2382 0.0239661 452150 0.727305
1.24401 0.0239564 455538 0.727012
1.24985 0.0239543 463382 0.72695
1.25571 0.0240286 468666 0.729205
1.26162 0.0240465 479642 0.729746
1.26756 0.0241685 482814 0.73345
1.2735 0.0241355 489386 0.732446
1.27948 0.0242348 498642 0.735461
1.2855 0.0242258 503450 0.735187
1.29154 0.0243579 512838 0.739196
1.29761 0.0244128 517586 0.740862
1.30369 0.0244649 524372 0.742442
1.3098 0.0244213 534270 0.741121
1.31596 0.0246728 540386 0.748752
1.32215 0.024701 550938 0.749609
1.32836 0.0248383 554270 0.753775
1.33459 0.0249191 564978 0.756229
1.34087 0.0249458 574370 0.757038
1.34718 0.0251454 579614 0.763097
1.3535 0.0251299 587778 0.762625
1.35985 0.02525 596978 0.766268
1.36624 0.0254564 606570 0.772532
1.37267 0.0254674 613982 0.772867
1.37911 0.0256278 621200 0.777735
1.38558 0.0257627 631386 0.781828
1.39208 0.0259514 640418 0.787556
1.39864 0.0260707 651870 0.791175
1.40521 0.0261573 657770 0.793803
1.4118 0.0262902 667082 0.797837
1.41842 0.0264766 675810 0.803495
1.42509 0.0265338 689318 0.805229
1.4318 0.0267082 698754 0.810522
1.43854 0.0269542 706922 0.817987
1.44529 0.0269754 715562 0.81863
1.45208 0.0271624 727662 0.824305
1.45889 0.0273926 734426 0.83129
1.46572 0.0274639 745746 0.833454
1.4726 0.0276684 759698 0.839661
1.47952 0.0280132 768140 0.850124
1.48647 0.0281716 778770 0.854932
1.49347 0.0282585 795842 0.857571
1.50049 0.0284742 799442 0.864116
1.50754 0.0287322 816042 0.871944
1.51462 0.0289908 822038 0.879792
1.52173 0.0291729 837722 0.885319
1.52887 0.0294132 846330 0.892612
1.53605 0.0296495 860768 0.899782
1.54327 0.0299921 873722 0.910181
1.55052 0.0300876 885438 0.913077
1.55781 0.0304375 898730 0.923697
1.56513 0.0307269 908402 0.93248
1.57247 0.0309153 923226 0.938196
1.57985 0.032118 933944 0.974695
1.58727 0.0318845 949730 0.967608
1.59472 0.0327265 961278 0.993161
1.60222 0.0379279 981218 1.15101
1.60976 0.0499555 989186 1.51601
1.6173 0.0514472 1001016 1.56128
1.62489 0.033339 1019138 1.01175
1.63253 0.0335235 1032842 1.01735
1.64019 0.0335081 1045394 1.01688
1.6479 0.0336185 1066230 1.02023
1.65565 0.0340709 1075496 1.03396
1.66341 0.0340864 1090154 1.03443
1.67122 0.0344775 1110378 1.0463
1.67908 0.0346304 1124666 1.05094
1.68697 0.0350173 1139624 1.06268
1.6949 0.0352889 1157114 1.07092
1.70286 0.0356223 1171434 1.08104
1.71085 0.0359205 1188494 1.09009
1.71889 0.0362441 1205504 1.09991
1.72697 0.0365803 1226594 1.11011
1.73508 0.0369321 1235562 1.12079
1.74322 0.0372469 1259120 1.13034
1.75141 0.0376463 1274498 1.14246
1.75964 0.0380387 1295594 1.15437
1.76791 0.0383378 1308312 1.16345
1.77621 0.0387233 1333922 1.17515
1.78456 0.0389948 1348418 1.18339
1.79294 0.0394874 1366112 1.19833
1.80136 0.0399218 1389738 1.21152
1.80982 0.0402494 1407458 1.22146
1.81832 0.0406021 1426520 1.23217
1.82687 0.0410812 1448810 1.2467
1.83545 0.0414688 1465802 1.25847
1.84406 0.0418992 1488456 1.27153
1.85272 0.0423175 1510766 1.28422
1.86142 0.0427264 1528298 1.29663
1.87016 0.043119 1552784 1.30855
1.87895 0.0435828 1579538 1.32262
1.88779 0.044033 1595784 1.33628
1.89665 0.0445013 1619930 1.3505
1.90555 0.0449363 1637186 1.36369
1.91449 0.0454921 1669616 1.38056
1.9235 0.045831 1691834 1.39085
1.93253 0.0462863 1706952 1.40467
1.94159 0.0468369 1739630 1.42137
1.95073 0.0473263 1765064 1.43623
1.95988 0.0478318 1783538 1.45157
1.9691 0.048379 1817480 1.46817
1.97835 0.0487923 1837034 1.48072
1.98765 0.0492177 1866512 1.49362
1.99698 0.0498936 1888242 1.51414
2.00636 0.0503425 1917056 1.52776
2.01577 0.0508602 1941554 1.54347
2.02525 0.0513253 1978040 1.55758
2.03477 0.0519058 1997426 1.5752
2.04433 0.0525216 2029256 1.59389
2.05393 0.0530521 2056370 1.60999
2.06357 0.0535166 2084000 1.62408
2.07326 0.0541214 2117778 1.64244
2.083 0.0547739 2143952 1.66224
2.09278 0.0551612 2175614 1.67399
2.10261 0.0558403 2206400 1.6946
2.11248 0.0563629 2233970 1.71046
2.12241 0.0570044 2276456 1.72993
2.13239 0.057555 2301848 1.74664
2.1424 0.0582061 2332922 1.7664
2.15246 0.0587784 2366960 1.78377
2.16256 0.0594109 2397698 1.80296
2.17272 0.060061 2436644 1.82269
2.18293 0.0607098 2472608 1.84238
2.19319 0.061281 2503050 1.85971
2.20348 0.0618675 2535392 1.87751
2.21383 0.0626969 2581088 1.90268
2.22424 0.0631683 2612762 1.91699
2.23469 0.0638919 2647964 1.93895
2.24518 0.0644942 2687216 1.95723
2.25573 0.0652198 2724434 1.97924
2.26633 0.0668699 2765840 2.02932
2.27697 0.0673069 2798504 2.04258
2.28766 0.0673847 2841326 2.04494
2.29841 0.0679461 2886128 2.06198
2.30921 0.0685677 2920808 2.08084
2.32005 0.0693196 2967536 2.10366
2.33094 0.0699937 3000674 2.12412
2.34188 0.0706561 3050324 2.14422
2.35289 0.0714431 3094664 2.1681
2.36395 0.0721127 3136016 2.18843
2.37505 0.0728485 3179546 2.21075
2.38621 0.073662 3227060 2.23544
2.39742 0.0743444 3271832 2.25615
2.40868 0.0751154 3315440 2.27955
2.41998 0.0757837 3363800 2.29983
2.43135 0.0766285 3414158 2.32547
2.44278 0.0775115 3459752 2.35226
2.45425 0.0781634 3508864 2.37205
2.46578 0.0790886 3560804 2.40013
2.47736 0.079754 3608912 2.42032
2.489 0.0805472 3660608 2.44439
2.50068 0.0814102 3707846 2.47058
2.51243 0.0823703 3769664 2.49972
2.52424 0.0830956 3822920 2.52173
2.53609 0.0837845 3863564 2.54263
2.548 0.0848268 3930704 2.57427
2.55998 0.0855056 3986168 2.59486
2.572 0.086411 4034228 2.62234
2.58406 0.0873028 4090816 2.6494
2.5962 0.088237 4160360 2.67775
2.60841 0.0891447 4213436 2.7053
2.62066 0.0899565 4270976 2.72994
2.63296 0.0908418 4332308 2.75681
2.64533 0.0917829 4395896 2.78536
2.65775 0.0925451 4454378 2.8085
2.67023 0.0935967 4517036 2.84041
2.68278 0.0945077 4588552 2.86805
2.69539 0.0954504 4651316 2.89666
2.70805 0.0964983 4711190 2.92846
2.72076 0.0974902 4782704 2.95857
2.73355 0.0984452 4849964 2.98755
2.74639 0.0994777 4917080 3.01888
2.75928 0.100445 4985260 3.04824
2.77224 0.101343 5060456 3.0755
2.78527 0.102413 5127788 3.10796
2.79835 0.103443 5201672 3.13921
2.81149 0.104622 5278196 3.17499
2.8247 0.105421 5350384 3.19925
2.83797 0.106586 5423492 3.23459
2.8513 0.107779 5504720 3.2708
2.86469 0.108776 5581268 3.30105
2.87815 0.109954 5659270 3.33682
2.89166 0.110966 5736332 3.36751
2.90524 0.112161 5823104 3.40379
2.91889 0.113433 5909900 3.44238
2.93261 0.114356 5986168 3.47038
2.94637 0.115717 6064034 3.51171
2.96021 0.1168 6162248 3.54458
2.97412 0.118116 6249932 3.58449
2.9881 0.119279 6331588 3.61978
3.00213 0.120415 6424736 3.65427
3.01623 0.121795 6515066 3.69614
3.0304 0.122994 6607552 3.73255
3.04463 0.12432 6691412 3.77278
3.05892 0.125544 6796676 3.80992
3.0733 0.126968 6894838 3.85314
3.08773 0.128296 6983324 3.89343
3.10224 0.129588 7094120 3.93265
3.11681 0.131188 7182634 3.98121
3.13145 0.132374 7295588 4.01718
3.14616 0.133883 7389992 4.06298
3.16094 0.135528 7499434 4.11292
3.17579 0.1372 7606244 4.16366
3.1907 0.139137 7703654 4.22243
3.20568 0.148746 7823908 4.51403
3.22074 0.151032 7933148 4.58342
3.23587 0.144373 8035210 4.38133
3.25107 0.144571 8168648 4.38733
3.26635 0.146076 8270402 4.43302
3.28169 0.147535 8396284 4.4773
3.2971 0.149128 8496608 4.52564
3.31258 0.150931 8636482 4.58036
3.32814 0.152333 8744780 4.62291
3.34377 0.154085 8878274 4.67606
3.35948 0.155716 8998288 4.72556
3.37526 0.157677 9127058 4.78508
3.39111 0.159363 9258676 4.83622
3.40704 0.161133 9394994 4.88996
3.42305 0.162982 9518530 4.94607
3.43912 0.164943 9652352 5.00559
3.45528 0.166813 9800506 5.06231
3.47151 0.168743 9929156 5.1209
3.48782 0.170708 10079002 5.18053
3.5042 0.172942 10202930 5.24833
3.52065 0.175124 10362148 5.31454
3.53719 0.177371 10508450 5.38274
3.5538 0.179334 10647784 5.4423
3.5705 0.181635 10817954 5.51213
3.58727 0.184013 10950034 5.5843
3.60411 0.186397 11116484 5.65666
3.62105 0.188669 11277610 5.72559
3.63806 0.190872 11430154 5.79245
3.65514 0.193409 11580074 5.86944
3.6723 0.196076 11759140 5.95038
3.68955 0.198603 11924378 6.02708
3.70689 0.201682 12099850 6.12051
3.7243 0.204003 12260050 6.19095
3.7418 0.207013 12439484 6.2823
3.75937 0.209954 12606226 6.37154
3.77703 0.212773 12800474 6.4571
3.79477 0.216077 12964258 6.55735
3.81259 0.219009 13155874 6.64632
3.8305 0.222405 13345394 6.74939
3.84849 0.225894 13525540 6.85527
3.86657 0.229357 13730122 6.96038
3.88473 0.233019 13917890 7.07151
3.90298 0.236678 14114938 7.18253
3.92131 0.240584 14316682 7.30109
3.93974 0.244698 14520626 7.42593
3.95824 0.248756 14708962 7.54909
3.97682 0.253139 14936002 7.68207
3.9955 0.257458 15141986 7.81315
4.01428 0.262243 15366994 7.95838
4.03313 0.267153 15563242 8.10736
4.05207 0.272221 15794614 8.26116
4.07111 0.277609 16021226 8.42469
4.09023 0.283195 16238338 8.59422
4.10944 0.289017 16476706 8.77088
4.12874 0.295232 16717282 8.95951
4.14814 0.301813 16935730 9.15921
4.16762 0.308735 17183270 9.36926
4.18719 0.315863 17431546 9.58558
4.20686 0.324196 17672128 9.83849
4.22662 0.332681 17929450 10.096
4.24648 0.341279 18181246 10.3569
4.26643 0.350743 18436154 10.6441
4.28646 0.360988 18688066 10.955
4.30659 0.371294 18966160 11.2678
4.32682 0.385416 19228342 11.6963
4.34714 0.398051 19497994 12.0798
4.36756 0.411418 19789402 12.4854
4.38808 0.426521 20048224 12.9438
4.40868 0.448769 20340694 13.6189
4.42939 0.466871 20631698 14.1683
4.4502 0.485249 20920738 14.726
4.4711 0.51919 21224764 15.756
4.49211 0.546104 21524794 16.5728
4.51321 0.571931 21819694 17.3566
4.53441 0.634623 22136776 19.2591
4.55571 0.667375 22446490 20.253
4.5771 0.737841 22753708 22.3915
4.5986 0.811935 23092930 24.64
4.6202 0.885289 23405020 26.8661
4.6419 1.06972 23744914 32.463
4.66371 1.11711 24090094 33.9013
4.68561 1.52761 24416584 46.359
4.70762 1.58224 24763822 48.0168
4.72973 2.41896 25116112 73.4089
4.75194 3.20924 25474348 97.3919
4.77427 3.9833 25839802 120.883
4.79669 7.59276 26191732 230.42
4.81921 243.011 26563339 7374.73
4.84183 0.467916 26678128 14.2
4.86457 0.458312 26655828 13.9085
4.88742 0.456609 26675140 13.8568
4.91038 0.456633 26644864 13.8576
4.93344 0.457765 26631640 13.8919
4.95661 0.459522 26619904 13.9452
4.9799 0.46181 26596180 14.0147
5.00329 0.465018 26557060 14.1121
5.02679 0.4683 26532520 14.2116
5.0504 0.47244 26493240 14.3373
5.07412 0.478593 26453764 14.524
5.09795 0.487527 26412544 14.7951
5.1219 0.486374 26360476 14.7601
5.14595 0.49199 26299600 14.9306
5.17012 0.497783 26254092 15.1064
5.19441 0.504127 26178916 15.2989
5.21881 0.511106 26116096 15.5107
5.24332 0.51817 26040928 15.7251
5.26795 0.526135 25967736 15.9668
5.29269 0.533731 25862260 16.1973
5.31755 0.543003 25796416 16.4787
5.34253 0.552098 25689396 16.7547
5.36762 0.561224 25577176 17.0317
5.39283 0.57164 25489588 17.3477
5.41816 0.582093 25373328 17.6649
5.44362 0.59283 25250224 17.9908
5.46918 0.604894 25122124 18.3569
5.49487 0.617357 24990660 18.7351
5.52068 0.630887 24856192 19.1457
5.54661 0.644514 24706228 19.5593
5.57266 0.659478 24558204 20.0134
5.59883 0.674971 24392068 20.4835
5.62513 0.69161 24237480 20.9885
5.65155 0.70895 24064336 21.5147
5.67809 0.727704 23876980 22.0839
5.70476 0.747761 23697324 22.6925
5.73156 0.76855 23498488 23.3234
5.75848 0.792357 23292324 24.0459
5.78553 0.831265 23100964 25.2266
5.81271 0.856936 22862988 26.0057
5.84 0.866665 22634848 26.3009
5.86743 0.8942 22410012 27.1365
5.89499 0.923806 22160572 28.035
5.92268 0.956039 21915600 29.0132
5.9505 0.990822 21645516 30.0688
5.97844 1.02843 21372232 31.21
6.00652 1.06863 21101172 32.4301
6.03474 1.11272 20815564 33.7679
6.06308 1.15955 20504628 35.1892
6.09156 1.21041 20204736 36.7326
6.12017 1.26645 19883356 38.4334
6.14891 1.32806 19552848 40.303
6.17779 1.39764 19217196 42.4145
6.20681 1.47417 18861736 44.7371
6.23596 1.55888 18502836 47.308
6.26525 1.66044 18135780 50.3898
6.29467 1.77419 17749600 53.8418
6.32424 1.91002 17354232 57.9639
6.35394 2.07376 16953228 62.9331
6.38378 2.26588 16529656 68.7633
6.41376 2.49349 16099164 75.6706
6.44388 2.82452 15659388 85.7165
6.47415 3.22165 15207864 97.7685
6.50455 3.75218 14736132 113.868
6.5351 4.45465 14255596 135.187
6.56579 5.44874 13762332 165.355
6.59662 6.86835 13252296 208.436
6.6276 9.04831 12731268 274.592
6.65872 12.4278 12198720 377.151
6.68999 18.164 11649660 551.228
6.72141 27.3482 11081952 829.945
6.75296 46.0178 10500652 1396.52
6.78467 83.3569 9911376 2529.66
6.81652 1583.32 9301473 48049.3
6.84856 1.90177 8737218 57.7136
6.88073 1.94432 8239530 59.0049
6.91305 2.00415 7788972 60.8206
6.94552 2.07337 7357452 62.9213
6.97814 2.15618 6958434 65.4341
7.01093 2.2814 6572454 69.2344
7.04385 2.34665 6204966 71.2144
7.07693 2.45966 5851524 74.6441
7.11016 2.58831 5518854 78.5481
7.14356 2.72893 5192928 82.8156
7.17711 2.88468 4883690 87.5421
7.21082 3.06124 4585122 92.9004
7.24468 3.26305 4294452 99.0247
7.27871 3.48265 4020870 105.689
7.31289 3.72922 3750774 113.172
7.34723 4.01599 3496122 121.875
7.38174 4.33602 3250038 131.586
7.41641 4.71556 3010904 143.105
7.45123 5.13233 2783520 155.752
7.48622 5.64588 2566482 171.337
7.52138 6.29947 2355504 191.172
7.55668 7.23611 2154350 219.596
7.59215 7.69962 1964322 233.663
7.62781 8.68767 1782180 263.647
7.66364 9.94755 1608354 301.881
7.69963 11.5472 1442012 350.425
7.73577 13.5768 1285878 412.018
7.77208 16.3845 1137636 497.224
7.80856 20.1682 999476 612.052
7.84519 25.5996 867846 776.878
7.88195 33.3159 746768 1011.05
7.91894 45.305 636276 1374.88
7.95615 63.9035 532566 1939.3
7.99345 94.4778 435044 2867.15
8.03087 148.041 351690 4492.66
8.06861 245.992 275630 7465.21
8.1063 435.524 204876 13217
8.14415 842.932 150770 25580.7
8.18252 1842 100542 55899.7
8.22015 4526.34 59294 137362
8.25771 14306.5 32538 434162
8.29571 74076.8 11726 2.24803e+06
8.32962 870251 1560 2.64098e+07
8.35799 1.0215e+10 1 3.09997e+11
