# in Mpc/h Units 
# D1 = 1 
# k P N P(z=0)
0.00628319 1.0993e-12 12 1.0993e-12
0.00888577 1.99809e-12 24 1.99809e-12
0.0108828 3.20501e-12 16 3.20501e-12
0.0125664 1.00443e-11 12 1.00443e-11
0.0140496 1.80255e-11 48 1.80255e-11
0.0153906 2.5905e-11 48 2.5905e-11
0.0177715 3.04073e-11 24 3.04073e-11
0.0188496 8.69738e-11 60 8.69738e-11
0.0198692 1.30224e-10 48 1.30224e-10
0.020839 1.03772e-10 48 1.03772e-10
0.0217656 8.35715e-11 16 8.35715e-11
0.0226543 2.79746e-10 48 2.79746e-10
0.0235095 1.37213e-10 96 1.37213e-10
0.0251327 2.40594e-10 12 2.40594e-10
0.0259062 3.30234e-10 96 3.30234e-10
0.0266573 4.27745e-10 72 4.27745e-10
0.0273878 3.17295e-10 48 3.17295e-10
0.0280993 4.12158e-10 48 4.12158e-10
0.0287932 6.11468e-10 96 6.11468e-10
0.0294708 1.5626e-10 48 1.5626e-10
0.0307812 6.03991e-10 48 6.03991e-10
0.0314159 6.58456e-10 60 6.58456e-10
0.0320381 7.59572e-10 144 7.59572e-10
0.0326484 5.77478e-10 64 5.77478e-10
0.033836 8.90211e-10 144 8.90211e-10
0.0344144 1.14744e-09 96 1.14744e-09
0.0355431 6.63236e-10 24 6.63236e-10
0.0360942 8.29066e-10 96 8.29066e-10
0.036637 1.02635e-09 96 1.02635e-09
0.0371718 1.25481e-09 96 1.25481e-09
0.0376991 9.71535e-10 60 9.71535e-10
0.0382191 1.99472e-09 48 1.99472e-09
0.0387322 1.35736e-09 144 1.35736e-09
0.0397384 2.50462e-09 48 2.50462e-09
0.040232 1.7673e-09 192 1.7673e-09
0.0407197 1.14821e-09 96 1.14821e-09
0.0412016 1.24792e-09 48 1.24792e-09
0.0416779 2.64629e-09 48 2.64629e-09
0.0421489 1.85468e-09 144 1.85468e-09
0.0426146 1.88101e-09 96 1.88101e-09
0.0435312 9.08937e-10 16 9.08937e-10
0.0439823 2.33464e-09 108 2.33464e-09
0.0444288 2.97329e-09 168 2.97329e-09
0.0448709 2.8749e-09 96 2.8749e-09
0.0453087 2.69941e-09 48 2.69941e-09
0.0457423 3.26025e-09 144 3.26025e-09
0.0461718 2.41705e-09 192 2.41705e-09
0.0470191 2.37842e-09 96 2.37842e-09
0.047437 4.27747e-09 96 4.27747e-09
0.0478513 4.11916e-09 48 4.11916e-09
0.0482621 3.79676e-09 144 3.79676e-09
0.0490732 3.26102e-09 144 3.26102e-09
0.0494739 3.56966e-09 192 3.56966e-09
0.0502655 1.04331e-08 12 1.04331e-08
0.0506567 4.21502e-09 192 4.21502e-09
0.0510448 4.1068e-09 192 4.1068e-09
0.0514301 4.54385e-09 48 4.54385e-09
0.0518125 5.09533e-09 96 5.09533e-09
0.0521921 5.11047e-09 192 5.11047e-09
0.0525689 4.13258e-09 96 4.13258e-09
0.0533146 5.66488e-09 72 5.66488e-09
0.0536836 4.78042e-09 96 4.78042e-09
0.05405 4.88952e-09 240 4.88952e-09
0.054414 4.68031e-09 112 4.68031e-09
0.0547755 5.45477e-09 48 5.45477e-09
0.0551347 5.2902e-09 192 5.2902e-09
0.0554916 4.41169e-09 96 4.41169e-09
0.0561985 4.25748e-09 48 4.25748e-09
0.0565487 6.09008e-09 204 6.09008e-09
0.0568967 8.21016e-09 96 8.21016e-09
0.0572425 8.15582e-09 144 8.15582e-09
0.0575863 6.23281e-09 96 6.23281e-09
0.0579281 1.00499e-08 96 1.00499e-08
0.0582679 7.16345e-09 240 7.16345e-09
0.0589415 3.31916e-09 48 3.31916e-09
0.0592755 6.74272e-09 288 6.74272e-09
0.0596075 8.91124e-09 240 8.91124e-09
0.0599378 1.16848e-08 96 1.16848e-08
0.0605928 8.84552e-09 96 8.84552e-09
0.0609177 9.01948e-09 192 9.01948e-09
0.0615624 5.6854e-09 48 5.6854e-09
0.0618822 9.3484e-09 96 9.3484e-09
0.0622004 8.58873e-09 216 8.58873e-09
0.0625169 1.0335e-08 144 1.0335e-08
0.0628319 9.27449e-09 60 9.27449e-09
0.0631452 7.66558e-09 336 7.66558e-09
0.0634571 1.94209e-08 96 1.94209e-08
0.0640762 1.69137e-08 144 1.69137e-08
0.0643835 1.42796e-08 192 1.42796e-08
0.0646894 1.4209e-08 144 1.4209e-08
0.0649938 1.21054e-08 144 1.21054e-08
0.0652968 9.63547e-09 64 9.63547e-09
0.0655984 1.12939e-08 144 1.12939e-08
0.0658986 1.15881e-08 288 1.15881e-08
0.0667912 1.30265e-08 192 1.30265e-08
0.0670861 8.89676e-09 192 8.89676e-09
0.0673797 1.4299e-08 96 1.4299e-08
0.067672 1.23163e-08 144 1.23163e-08
0.067963 1.19258e-08 240 1.19258e-08
0.0682529 1.77833e-08 144 1.77833e-08
0.0688288 1.50734e-08 96 1.50734e-08
0.069115 1.19931e-08 156 1.19931e-08
0.0694001 1.62739e-08 240 1.62739e-08
0.0696839 1.66689e-08 96 1.66689e-08
0.0702481 1.58235e-08 288 1.58235e-08
0.0705286 1.93422e-08 288 1.93422e-08
0.0710861 1.26112e-08 24 1.26112e-08
0.0713633 1.76632e-08 288 1.76632e-08
0.0716393 2.02944e-08 96 2.02944e-08
0.0719926 1.74646e-08 336 1.74646e-08
0.0724612 1.41508e-08 96 1.41508e-08
0.0727331 1.51669e-08 336 1.51669e-08
0.0734532 2.09585e-08 288 2.09585e-08
0.0738107 1.83846e-08 192 1.83846e-08
0.0740777 1.96186e-08 144 1.96186e-08
0.0743437 2.36827e-08 96 2.36827e-08
0.0746967 1.55519e-08 288 1.55519e-08
0.0753982 9.92554e-09 60 9.92554e-09
0.0758332 2.43357e-08 576 2.43357e-08
0.0761796 3.496e-08 112 3.496e-08
0.0766638 2.34004e-08 384 2.34004e-08
0.076953 2.3398e-08 240 2.3398e-08
0.0776339 1.90308e-08 432 1.90308e-08
0.0779723 3.32944e-08 192 3.32944e-08
0.078225 2.22545e-08 192 2.22545e-08
0.0787281 3.17992e-08 144 3.17992e-08
0.0789784 2.56312e-08 192 2.56312e-08
0.0794767 4.39683e-08 48 4.39683e-08
0.0798137 2.49166e-08 600 2.49166e-08
0.0802183 4.12752e-08 48 4.12752e-08
0.0805865 2.51646e-08 384 2.51646e-08
0.0809532 2.55654e-08 240 2.55654e-08
0.0814394 2.6195e-08 96 2.6195e-08
0.0818379 3.19475e-08 444 3.19475e-08
0.0821633 3.29432e-08 240 3.29432e-08
0.0826125 3.0917e-08 384 3.0917e-08
0.0828809 3.19822e-08 288 3.19822e-08
0.0833559 4.45232e-08 48 4.45232e-08
0.0837495 3.22127e-08 288 3.22127e-08
0.0840633 2.75996e-08 240 2.75996e-08
0.0844439 3.28506e-08 384 3.28506e-08
0.0847648 3.59057e-08 288 3.59057e-08
0.0852293 4.62195e-08 96 4.62195e-08
0.0855594 2.95239e-08 672 2.95239e-08
0.0859213 3.49779e-08 96 3.49779e-08
0.0864252 3.14433e-08 480 3.14433e-08
0.0870624 4.25021e-08 16 4.25021e-08
0.0872888 4.20011e-08 96 4.20011e-08
0.087579 4.27283e-08 672 4.27283e-08
0.0881192 3.76508e-08 348 3.76508e-08
0.0884123 5.00232e-08 240 5.00232e-08
0.0889978 3.80805e-08 456 3.80805e-08
0.089427 4.27566e-08 336 4.27566e-08
0.0898883 4.88431e-08 288 4.88431e-08
0.0901807 4.17126e-08 480 4.17126e-08
0.0906174 5.07375e-08 48 5.07375e-08
0.090897 5.05678e-08 672 5.05678e-08
0.0913765 4.68957e-08 288 4.68957e-08
0.0917922 5.75912e-08 336 5.75912e-08
0.0923436 5.7257e-08 192 5.7257e-08
0.0926754 3.78084e-08 432 3.78084e-08
0.0932651 5.01274e-08 576 5.01274e-08
0.0936174 5.58234e-08 288 5.58234e-08
0.0941969 4.92583e-08 396 4.92583e-08
0.094573 5.3032e-08 432 5.3032e-08
0.0950225 4.49159e-08 336 4.49159e-08
0.0952892 5.58692e-08 480 5.58692e-08
0.0958792 6.23961e-08 336 6.23961e-08
0.0962314 5.05483e-08 672 5.05483e-08
0.0968099 6.29091e-08 480 6.29091e-08
0.097638 5.59316e-08 552 5.59316e-08
0.0981837 6.41307e-08 688 6.41307e-08
0.0985479 6.7057e-08 288 6.7057e-08
0.0990673 5.53272e-08 480 5.53272e-08
0.0994528 5.74338e-08 624 5.74338e-08
0.100098 6.99706e-08 480 6.99706e-08
0.100531 9.40134e-08 12 9.40134e-08
0.100874 6.96744e-08 768 6.96744e-08
0.101448 8.50371e-08 624 8.50371e-08
0.101924 6.86284e-08 336 6.86284e-08
0.102421 7.82205e-08 672 7.82205e-08
0.102983 6.85047e-08 672 6.85047e-08
0.103243 6.2997e-08 384 6.2997e-08
0.103879 9.20337e-08 576 9.20337e-08
0.104279 7.20429e-08 432 7.20429e-08
0.104705 7.28505e-08 480 7.28505e-08
0.105349 7.06835e-08 768 7.06835e-08
0.1057 7.41752e-08 144 7.41752e-08
0.106152 7.22115e-08 672 7.22115e-08
0.106914 8.97162e-08 756 8.97162e-08
0.107244 8.06824e-08 288 8.06824e-08
0.107631 9.77365e-08 768 9.77365e-08
0.10826 7.91239e-08 768 7.91239e-08
0.108777 8.74902e-08 688 8.74902e-08
0.10919 7.83562e-08 288 7.83562e-08
0.109816 9.93967e-08 912 9.93967e-08
0.110311 9.41501e-08 624 9.41501e-08
0.110746 8.1891e-08 288 8.1891e-08
0.111354 9.69347e-08 1104 9.69347e-08
0.111965 8.51519e-08 528 8.51519e-08
0.112557 1.22436e-07 528 1.22436e-07
0.112926 9.86793e-08 588 9.86793e-08
0.113378 1.01262e-07 864 1.01262e-07
0.113986 1.08844e-07 864 1.08844e-07
0.114516 1.10745e-07 528 1.10745e-07
0.114915 1.2905e-07 384 1.2905e-07
0.115567 1.19725e-07 936 1.19725e-07
0.116093 1.129e-07 1104 1.129e-07
0.116705 9.75985e-08 672 9.75985e-08
0.117239 1.3804e-07 576 1.3804e-07
0.117777 1.19679e-07 912 1.19679e-07
0.118366 1.17067e-07 864 1.17067e-07
0.118788 1.38503e-07 336 1.38503e-07
0.119469 1.46447e-07 1132 1.46447e-07
0.120077 1.51906e-07 864 1.51906e-07
0.120751 1.2797e-07 864 1.2797e-07
0.121153 1.49805e-07 720 1.49805e-07
0.121711 1.35853e-07 1248 1.35853e-07
0.122203 1.59977e-07 528 1.59977e-07
0.122718 1.6139e-07 720 1.6139e-07
0.123453 1.5466e-07 912 1.5466e-07
0.123969 1.38088e-07 1008 1.38088e-07
0.12467 1.54637e-07 1128 1.54637e-07
0.12526 1.71499e-07 768 1.71499e-07
0.125876 1.75363e-07 924 1.75363e-07
0.126429 1.67813e-07 1248 1.67813e-07
0.127121 1.63858e-07 864 1.63858e-07
0.127677 1.82286e-07 1248 1.82286e-07
0.128318 1.68488e-07 624 1.68488e-07
0.128807 1.75399e-07 1104 1.75399e-07
0.129504 2.16238e-07 816 2.16238e-07
0.129878 1.64985e-07 1200 1.64985e-07
0.130701 1.80268e-07 1216 1.80268e-07
0.131297 1.6774e-07 1008 1.6774e-07
0.131933 2.13108e-07 1020 2.13108e-07
0.13258 1.85859e-07 1200 1.85859e-07
0.133214 2.25817e-07 984 2.25817e-07
0.133672 2.08076e-07 1104 2.08076e-07
0.134446 1.85573e-07 1392 1.85573e-07
0.13492 2.37514e-07 1008 2.37514e-07
0.135589 2.48678e-07 1056 2.48678e-07
0.136149 2.0112e-07 1248 2.0112e-07
0.136788 2.29902e-07 1008 2.29902e-07
0.137489 2.32967e-07 1104 2.32967e-07
0.138157 2.41757e-07 1308 2.41757e-07
0.138792 2.39407e-07 1680 2.39407e-07
0.139482 2.71147e-07 1488 2.71147e-07
0.140148 2.39277e-07 912 2.39277e-07
0.140735 2.67054e-07 1296 2.67054e-07
0.141506 2.69434e-07 1792 2.69434e-07
0.142105 2.6079e-07 792 2.6079e-07
0.142726 2.62483e-07 1632 2.62483e-07
0.14348 2.5199e-07 1344 2.5199e-07
0.144008 2.75235e-07 1104 2.75235e-07
0.14474 2.79563e-07 1788 2.79563e-07
0.145447 3.54837e-07 1344 3.54837e-07
0.146112 3.30615e-07 1248 3.30615e-07
0.146784 3.00578e-07 1776 3.00578e-07
0.147376 2.79855e-07 1440 2.79855e-07
0.148179 3.58681e-07 1872 3.58681e-07
0.148977 3.08999e-07 1296 3.08999e-07
0.149637 3.18488e-07 1872 3.18488e-07
0.150285 3.34458e-07 1392 3.34458e-07
0.151106 3.38847e-07 1236 3.38847e-07
0.151697 3.48561e-07 2016 3.48561e-07
0.15237 3.53228e-07 1744 3.53228e-07
0.153147 3.3275e-07 1920 3.3275e-07
0.153934 3.71492e-07 1776 3.71492e-07
0.154569 3.71843e-07 1296 3.71843e-07
0.155288 3.67084e-07 1680 3.67084e-07
0.155941 3.82411e-07 1824 3.82411e-07
0.156682 3.62445e-07 1548 3.62445e-07
0.157451 4.05895e-07 2544 4.05895e-07
0.158249 4.14805e-07 1824 4.14805e-07
0.159019 4.60804e-07 1728 4.60804e-07
0.159745 3.98629e-07 1848 3.98629e-07
0.160428 4.70138e-07 2160 4.70138e-07
0.161255 4.34552e-07 2016 4.34552e-07
0.161989 4.36881e-07 2256 4.36881e-07
0.162879 4.04014e-07 1536 4.04014e-07
0.1635 4.65546e-07 2092 4.65546e-07
0.164304 4.68385e-07 2304 4.68385e-07
0.16512 5.36489e-07 2544 5.36489e-07
0.165918 4.85628e-07 1824 4.85628e-07
0.166638 5.17448e-07 2400 5.17448e-07
0.167465 5.16009e-07 2160 5.16009e-07
0.1681 4.69771e-07 1680 4.69771e-07
0.169017 5.43783e-07 2664 5.43783e-07
0.169783 5.57811e-07 2124 5.57811e-07
0.170536 5.19927e-07 2640 5.19927e-07
0.17142 5.77924e-07 2496 5.77924e-07
0.172167 5.70619e-07 2208 5.70619e-07
0.173001 5.77789e-07 2784 5.77789e-07
0.173739 5.49662e-07 1552 5.49662e-07
0.174601 5.79188e-07 3456 5.79188e-07
0.175449 5.59642e-07 2448 5.59642e-07
0.17633 5.94666e-07 2508 5.94666e-07
0.177179 6.9945e-07 2736 6.9945e-07
0.177982 6.55442e-07 2472 6.55442e-07
0.178748 6.63863e-07 3216 6.63863e-07
0.179662 7.14677e-07 2016 7.14677e-07
0.180329 6.94141e-07 2976 6.94141e-07
0.181298 6.66095e-07 2880 6.66095e-07
0.182161 6.52196e-07 2316 6.52196e-07
0.182962 7.3997e-07 3648 7.3997e-07
0.183819 7.36213e-07 2928 7.36213e-07
0.184763 7.18579e-07 2896 7.18579e-07
0.18557 7.87429e-07 3120 7.87429e-07
0.186484 7.34036e-07 2856 7.34036e-07
0.187347 7.8062e-07 3360 7.8062e-07
0.188277 7.89494e-07 2988 7.89494e-07
0.189164 9.14442e-07 3888 9.14442e-07
0.190083 8.35845e-07 2736 8.35845e-07
0.190912 9.1587e-07 3168 9.1587e-07
0.191791 8.86244e-07 3552 8.86244e-07
0.192627 9.13976e-07 2880 9.13976e-07
0.19355 8.75407e-07 3936 8.75407e-07
0.194476 8.95452e-07 2748 8.95452e-07
0.195383 1.01644e-06 4200 1.01644e-06
0.196314 9.8271e-07 3280 9.8271e-07
0.19731 9.99723e-07 4992 9.99723e-07
0.198246 9.13156e-07 2496 9.13156e-07
0.198969 1.01311e-06 3024 1.01311e-06
0.200004 9.84805e-07 4560 9.84805e-07
0.200981 1.07892e-06 3852 1.07892e-06
0.201907 1.10302e-06 4128 1.10302e-06
0.202923 1.18134e-06 3840 1.18134e-06
0.203766 1.06154e-06 3888 1.06154e-06
0.204817 1.15648e-06 4344 1.15648e-06
0.205802 1.17026e-06 4512 1.17026e-06
0.206744 1.1226e-06 3472 1.1226e-06
0.207695 1.20621e-06 4188 1.20621e-06
0.208661 1.20763e-06 4656 1.20763e-06
0.209635 1.33894e-06 4512 1.33894e-06
0.210605 1.25348e-06 3840 1.25348e-06
0.211552 1.33238e-06 5040 1.33238e-06
0.212598 1.40456e-06 4176 1.40456e-06
0.213716 1.2501e-06 5268 1.2501e-06
0.214685 1.32156e-06 4656 1.32156e-06
0.215636 1.39299e-06 4608 1.39299e-06
0.2167 1.51386e-06 5136 1.51386e-06
0.217712 1.55566e-06 4048 1.55566e-06
0.21856 1.41826e-06 4704 1.41826e-06
0.21964 1.52392e-06 5436 1.52392e-06
0.220689 1.62291e-06 5040 1.62291e-06
0.221792 1.6173e-06 5544 1.6173e-06
0.222806 1.68313e-06 5280 1.68313e-06
0.223891 1.58235e-06 5760 1.58235e-06
0.224992 1.77245e-06 4896 1.77245e-06
0.225967 1.64334e-06 4956 1.64334e-06
0.226978 1.69678e-06 5808 1.69678e-06
0.228073 1.83812e-06 5632 1.83812e-06
0.229091 1.70504e-06 6048 1.70504e-06
0.230305 1.89747e-06 5904 1.89747e-06
0.231358 1.84413e-06 5592 1.84413e-06
0.232405 1.76299e-06 5964 1.76299e-06
0.23355 1.90538e-06 6624 1.90538e-06
0.234601 1.92173e-06 5376 1.92173e-06
0.235688 2.02443e-06 6288 2.02443e-06
0.236855 1.95889e-06 7344 1.95889e-06
0.237877 2.11888e-06 4656 2.11888e-06
0.239086 2.11531e-06 8092 2.11531e-06
0.240233 2.18187e-06 5688 2.18187e-06
0.241291 2.21517e-06 7200 2.21517e-06
0.242431 2.30856e-06 6528 2.30856e-06
0.243572 2.26371e-06 6576 2.26371e-06
0.244685 2.30497e-06 6396 2.30497e-06
0.245798 2.44686e-06 7728 2.44686e-06
0.246976 2.36431e-06 6912 2.36431e-06
0.248127 2.50624e-06 7488 2.50624e-06
0.24936 2.59029e-06 7752 2.59029e-06
0.250523 2.52884e-06 6784 2.52884e-06
0.251669 2.5223e-06 7836 2.5223e-06
0.252872 2.59541e-06 7728 2.59541e-06
0.254083 2.68826e-06 8208 2.68826e-06
0.255199 2.68279e-06 6960 2.68279e-06
0.256387 2.83189e-06 8160 2.83189e-06
0.257664 2.81887e-06 8340 2.81887e-06
0.258855 2.98661e-06 8352 2.98661e-06
0.26008 2.92304e-06 9120 2.92304e-06
0.261336 3.05587e-06 7312 3.05587e-06
0.262469 2.97798e-06 8688 2.97798e-06
0.263809 3.08565e-06 9660 3.08565e-06
0.265071 3.28933e-06 8832 3.28933e-06
0.266256 3.25636e-06 7752 3.25636e-06
0.267421 3.15776e-06 9504 3.15776e-06
0.268761 3.36017e-06 9936 3.36017e-06
0.2701 3.43648e-06 8988 3.43648e-06
0.27124 3.67648e-06 8400 3.67648e-06
0.272568 3.55251e-06 11584 3.55251e-06
0.273851 3.65408e-06 8448 3.65408e-06
0.275155 3.54417e-06 10440 3.54417e-06
0.276427 3.78849e-06 9180 3.78849e-06
0.277657 3.83738e-06 10656 3.83738e-06
0.27902 3.91806e-06 10608 3.91806e-06
0.280352 4.09403e-06 10080 4.09403e-06
0.281565 4.04701e-06 9840 4.04701e-06
0.282918 4.1138e-06 11500 4.1138e-06
0.284302 4.22924e-06 10776 4.22924e-06
0.285589 4.39618e-06 11568 4.39618e-06
0.286971 4.4124e-06 10800 4.4124e-06
0.288304 4.44981e-06 11280 4.44981e-06
0.289695 4.61431e-06 11868 4.61431e-06
0.291035 4.38244e-06 12240 4.38244e-06
0.292425 4.59844e-06 11088 4.59844e-06
0.293779 4.7604e-06 12328 4.7604e-06
0.295153 4.85693e-06 11676 4.85693e-06
0.296461 5.07682e-06 12288 5.07682e-06
0.297907 5.18357e-06 12576 5.18357e-06
0.299258 5.02907e-06 13152 5.02907e-06
0.300748 5.24016e-06 13008 5.24016e-06
0.302188 5.29078e-06 13188 5.29078e-06
0.30361 5.49609e-06 14016 5.49609e-06
0.305003 5.36306e-06 12400 5.36306e-06
0.306412 5.58747e-06 13536 5.58747e-06
0.307876 5.85463e-06 14364 5.85463e-06
0.309298 6.07907e-06 13728 6.07907e-06
0.310761 6.16007e-06 14616 6.16007e-06
0.312204 5.87049e-06 13488 5.87049e-06
0.313652 6.31075e-06 15372 6.31075e-06
0.315175 6.45389e-06 14560 6.45389e-06
0.31662 6.39349e-06 15840 6.39349e-06
0.318151 6.55026e-06 15120 6.55026e-06
0.319599 6.44582e-06 13896 6.44582e-06
0.321058 7.03612e-06 16860 7.03612e-06
0.322645 6.99013e-06 16656 6.99013e-06
0.324166 7.26514e-06 15648 7.26514e-06
0.32568 7.04851e-06 16320 7.04851e-06
0.327167 7.22993e-06 16060 7.22993e-06
0.328774 7.76447e-06 18744 7.76447e-06
0.330313 7.78238e-06 15936 7.78238e-06
0.331826 7.67026e-06 17136 7.67026e-06
0.333427 7.73403e-06 17868 7.73403e-06
0.334947 8.25683e-06 17904 8.25683e-06
0.336524 8.10559e-06 17760 8.10559e-06
0.338146 8.6363e-06 19096 8.6363e-06
0.339739 8.64624e-06 18252 8.64624e-06
0.341313 8.41885e-06 18768 8.41885e-06
0.342874 8.9965e-06 18576 8.9965e-06
0.344468 8.76687e-06 19584 8.76687e-06
0.346116 9.19538e-06 19140 9.19538e-06
0.34771 9.54895e-06 20752 9.54895e-06
0.349362 9.33995e-06 20304 9.33995e-06
0.351033 9.71976e-06 19920 9.71976e-06
0.352646 1.00314e-05 21564 1.00314e-05
0.354377 1.01578e-05 21984 1.01578e-05
0.356063 1.00537e-05 20904 1.00537e-05
0.357696 1.05292e-05 21612 1.05292e-05
0.359426 1.06651e-05 22624 1.06651e-05
0.361079 1.0987e-05 22224 1.0987e-05
0.362754 1.0785e-05 21696 1.0785e-05
0.364449 1.17201e-05 22788 1.17201e-05
0.366133 1.15511e-05 23904 1.15511e-05
0.367846 1.15815e-05 22704 1.15815e-05
0.369601 1.18742e-05 25168 1.18742e-05
0.371397 1.1971e-05 24780 1.1971e-05
0.373143 1.2295e-05 24504 1.2295e-05
0.374848 1.27124e-05 24480 1.27124e-05
0.37663 1.30069e-05 24972 1.30069e-05
0.378363 1.28896e-05 26160 1.28896e-05
0.380139 1.35327e-05 25936 1.35327e-05
0.381916 1.34187e-05 25224 1.34187e-05
0.38369 1.40395e-05 27948 1.40395e-05
0.385541 1.39039e-05 27888 1.39039e-05
0.387327 1.43286e-05 25680 1.43286e-05
0.3891 1.4795e-05 28716 1.4795e-05
0.390994 1.51401e-05 29176 1.51401e-05
0.392843 1.49654e-05 29376 1.49654e-05
0.394661 1.5129e-05 27120 1.5129e-05
0.396505 1.58523e-05 31164 1.58523e-05
0.398367 1.62541e-05 29088 1.62541e-05
0.400233 1.64779e-05 30840 1.64779e-05
0.402152 1.65935e-05 31228 1.65935e-05
0.40399 1.77685e-05 29760 1.77685e-05
0.405874 1.73181e-05 33456 1.73181e-05
0.407843 1.72708e-05 31380 1.72708e-05
0.409716 1.84614e-05 32496 1.84614e-05
0.411602 1.82715e-05 33168 1.82715e-05
0.413596 1.8524e-05 33808 1.8524e-05
0.415548 1.9404e-05 34860 1.9404e-05
0.417499 1.96013e-05 33816 1.96013e-05
0.419429 1.94426e-05 35280 1.94426e-05
0.421439 1.96043e-05 35100 1.96043e-05
0.4234 2.04055e-05 37392 2.04055e-05
0.425408 2.04249e-05 35584 2.04249e-05
0.42739 2.13211e-05 36276 2.13211e-05
0.42937 2.16002e-05 38784 2.16002e-05
0.431414 2.18178e-05 37536 2.18178e-05
0.433421 2.21453e-05 38076 2.21453e-05
0.435438 2.29469e-05 38920 2.29469e-05
0.437444 2.28474e-05 39984 2.28474e-05
0.4396 2.3672e-05 42348 2.3672e-05
0.441671 2.42171e-05 40080 2.42171e-05
0.443727 2.44416e-05 41256 2.44416e-05
0.445802 2.47586e-05 41596 2.47586e-05
0.447878 2.60287e-05 42960 2.60287e-05
0.449991 2.5868e-05 43584 2.5868e-05
0.452114 2.69498e-05 42828 2.69498e-05
0.454235 2.71354e-05 46200 2.71354e-05
0.456374 2.74476e-05 43984 2.74476e-05
0.458534 2.77048e-05 46812 2.77048e-05
0.460666 2.87561e-05 45072 2.87561e-05
0.46284 2.90357e-05 48696 2.90357e-05
0.465042 2.92716e-05 47196 2.92716e-05
0.467214 3.03071e-05 48448 3.03071e-05
0.469406 3.04454e-05 49296 3.04454e-05
0.471626 3.13576e-05 49236 3.13576e-05
0.473743 3.19275e-05 48384 3.19275e-05
0.475977 3.17874e-05 52416 3.17874e-05
0.478226 3.32986e-05 51580 3.32986e-05
0.480485 3.41408e-05 53832 3.41408e-05
0.482752 3.44545e-05 52428 3.44545e-05
0.485019 3.56905e-05 55056 3.56905e-05
0.487306 3.56416e-05 55440 3.56416e-05
0.48961 3.55347e-05 54244 3.55347e-05
0.491868 3.69109e-05 57264 3.69109e-05
0.494198 3.7222e-05 57360 3.7222e-05
0.496522 3.80549e-05 57444 3.80549e-05
0.498833 3.9295e-05 60000 3.9295e-05
0.501204 3.89903e-05 58816 3.89903e-05
0.50355 4.04649e-05 61356 4.04649e-05
0.505916 4.11451e-05 61320 4.11451e-05
0.508313 4.1608e-05 62988 4.1608e-05
0.510704 4.34724e-05 62896 4.34724e-05
0.513084 4.38199e-05 64320 4.38199e-05
0.515543 4.39931e-05 66180 4.39931e-05
0.51795 4.56562e-05 65328 4.56562e-05
0.520364 4.56673e-05 65436 4.56673e-05
0.522793 4.69482e-05 68944 4.69482e-05
0.52526 4.72479e-05 68520 4.72479e-05
0.527713 4.859e-05 68604 4.859e-05
0.530156 5.02917e-05 70944 5.02917e-05
0.532669 4.98491e-05 72040 4.98491e-05
0.535188 5.20373e-05 73884 5.20373e-05
0.5377 5.20495e-05 72720 5.20495e-05
0.540241 5.20418e-05 76332 5.20418e-05
0.542756 5.46837e-05 73608 5.46837e-05
0.545284 5.50817e-05 77728 5.50817e-05
0.54787 5.67992e-05 78732 5.67992e-05
0.550466 5.7219e-05 80136 5.7219e-05
0.553028 5.78049e-05 77820 5.78049e-05
0.555606 5.90473e-05 82720 5.90473e-05
0.558224 6.00141e-05 81564 6.00141e-05
0.56083 6.12823e-05 84408 6.12823e-05
0.56345 6.25914e-05 83088 6.25914e-05
0.566114 6.45243e-05 89020 6.45243e-05
0.568794 6.50306e-05 85896 6.50306e-05
0.57145 6.69044e-05 88956 6.69044e-05
0.574166 6.72329e-05 92064 6.72329e-05
0.576877 6.87335e-05 88804 6.87335e-05
0.57954 7.06941e-05 92640 7.06941e-05
0.582264 7.1062e-05 93696 7.1062e-05
0.585017 7.31162e-05 95628 7.31162e-05
0.587762 7.39967e-05 96520 7.39967e-05
0.590569 7.52215e-05 99516 7.52215e-05
0.593327 7.58389e-05 98064 7.58389e-05
0.596104 7.85838e-05 99540 7.85838e-05
0.598885 7.94929e-05 102112 7.94929e-05
0.601688 8.10196e-05 103008 8.10196e-05
0.60453 8.32777e-05 105732 8.32777e-05
0.607362 8.32155e-05 105696 8.32155e-05
0.610229 8.47885e-05 109084 8.47885e-05
0.613094 8.72766e-05 108552 8.72766e-05
0.615957 8.91833e-05 110124 8.91833e-05
0.618839 9.05155e-05 113136 9.05155e-05
0.62177 9.13522e-05 114532 9.13522e-05
0.624688 9.50905e-05 116112 9.50905e-05
0.627616 9.49684e-05 115500 9.49684e-05
0.630554 9.78496e-05 120760 9.78496e-05
0.633541 9.92838e-05 120780 9.92838e-05
0.63652 0.000101493 123216 0.000101493
0.639512 0.000102412 122724 0.000102412
0.64251 0.000105522 127504 0.000105522
0.64554 0.000106764 127056 0.000106764
0.648554 0.00010845 128100 0.00010845
0.651549 0.000110372 129568 0.000110372
0.654649 0.000113475 137628 0.000113475
0.657741 0.000114163 132312 0.000114163
0.66081 0.000117754 137436 0.000117754
0.663899 0.000119704 138208 0.000119704
0.667047 0.000121798 143364 0.000121798
0.670183 0.000123165 141024 0.000123165
0.673306 0.000126263 144556 0.000126263
0.676483 0.000127016 149064 0.000127016
0.679687 0.000131352 148908 0.000131352
0.682871 0.000132441 151080 0.000132441
0.686079 0.000134762 153052 0.000134762
0.689314 0.000137813 157296 0.000137813
0.692548 0.000141289 154740 0.000141289
0.695723 0.000142264 156544 0.000142264
0.698997 0.000146908 165420 0.000146908
0.702314 0.000147317 164292 0.000147317
0.705609 0.000150287 167424 0.000150287
0.708938 0.000152747 169420 0.000152747
0.712273 0.000157314 172344 0.000157314
0.715624 0.000159251 172812 0.000159251
0.718964 0.000162576 176488 0.000162576
0.722353 0.000164881 179340 0.000164881
0.725741 0.00016743 181584 0.00016743
0.729184 0.000169898 186388 0.000169898
0.732605 0.000173869 184704 0.000173869
0.736035 0.000180747 189828 0.000180747
0.739481 0.000180017 191008 0.000180017
0.742951 0.000184855 194460 0.000184855
0.746441 0.00018677 197604 0.00018677
0.749957 0.000192539 201904 0.000192539
0.753469 0.000195787 199980 0.000195787
0.756983 0.000197183 206712 0.000197183
0.760565 0.000202761 210028 0.000202761
0.764149 0.000205079 213096 0.000205079
0.767736 0.000210207 212604 0.000210207
0.771306 0.000212021 216004 0.000212021
0.774926 0.000216612 223392 0.000216612
0.778598 0.000219942 224316 0.000219942
0.782245 0.000224811 226600 0.000224811
0.785923 0.00022743 230604 0.00022743
0.789616 0.000232919 234792 0.000232919
0.793312 0.000236942 234316 0.000236942
0.797042 0.000239697 242940 0.000239697
0.800776 0.000245462 241320 0.000245462
0.804553 0.000250998 250060 0.000250998
0.808343 0.000253578 250776 0.000253578
0.812158 0.000260033 256188 0.000260033
0.815959 0.000264258 254116 0.000264258
0.819781 0.000268146 264672 0.000268146
0.823648 0.000274025 264012 0.000274025
0.827505 0.000278728 268324 0.000278728
0.8314 0.000284921 275520 0.000284921
0.835324 0.000289042 275604 0.000289042
0.839214 0.000294505 278032 0.000294505
0.843171 0.000298493 288708 0.000298493
0.847141 0.000305717 285628 0.000305717
0.851084 0.000310045 291864 0.000310045
0.855081 0.000315068 296412 0.000315068
0.859091 0.000322184 301132 0.000322184
0.863128 0.000330437 305640 0.000330437
0.867194 0.000333493 310284 0.000333493
0.87127 0.00033932 314440 0.00033932
0.875368 0.000346178 318396 0.000346178
0.879473 0.000350881 321988 0.000350881
0.883606 0.000358854 329088 0.000358854
0.887753 0.000366972 330564 0.000366972
0.891919 0.000371227 336700 0.000371227
0.896109 0.000378417 343320 0.000378417
0.900336 0.000385608 347244 0.000385608
0.904563 0.000393728 350068 0.000393728
0.908805 0.000398167 357024 0.000398167
0.913051 0.00040549 357292 0.00040549
0.917348 0.000413324 370932 0.000413324
0.921672 0.000420373 370764 0.000420373
0.925992 0.000429452 376504 0.000429452
0.930354 0.000436177 384252 0.000436177
0.93473 0.000444966 387124 0.000444966
0.939107 0.000455415 392352 0.000455415
0.943526 0.000461183 400260 0.000461183
0.947959 0.000468609 402652 0.000468609
0.952394 0.000477265 409944 0.000477265
0.956874 0.000487365 416812 0.000487365
0.961345 0.000495241 416724 0.000495241
0.965874 0.000500792 435324 0.000500792
0.970451 0.000512933 434248 0.000512933
0.974982 0.000521449 434892 0.000521449
0.979556 0.00052874 449380 0.00052874
0.984147 0.000541297 448116 0.000541297
0.988771 0.000552096 463696 0.000552096
0.993453 0.00056027 467988 0.00056027
0.998112 0.00056811 468396 0.00056811
1.00278 0.000578763 479416 0.000578763
1.00751 0.00059167 487260 0.00059167
1.01226 0.000603718 494020 0.000603718
1.01699 0.000614645 492828 0.000614645
1.02174 0.000621979 507544 0.000621979
1.02654 0.000635736 513804 0.000635736
1.03137 0.000648589 522132 0.000648589
1.03624 0.000656648 531916 0.000656648
1.0411 0.000670068 530196 0.000670068
1.04596 0.000684142 542848 0.000684142
1.05088 0.000692718 553716 0.000692718
1.05585 0.000707997 562372 0.000707997
1.06082 0.000716197 565836 0.000716197
1.06577 0.000732301 570292 0.000732301
1.07077 0.00074378 586560 0.00074378
1.07581 0.000756309 589204 0.000756309
1.08087 0.000771639 602556 0.000771639
1.08595 0.000782603 605908 0.000782603
1.09104 0.000800416 615348 0.000800416
1.09614 0.000813495 621120 0.000813495
1.1013 0.000828275 641668 0.000828275
1.1065 0.000841415 643164 0.000841415
1.1117 0.000857065 650452 0.000857065
1.11691 0.00086706 662844 0.00086706
1.12216 0.000884056 670132 0.000884056
1.12744 0.000903047 682680 0.000903047
1.13272 0.00092277 684076 0.00092277
1.13803 0.000935983 702708 0.000935983
1.14339 0.000955123 710956 0.000955123
1.14877 0.000967307 720132 0.000967307
1.15416 0.000985398 729268 0.000985398
1.15957 0.00100488 738144 0.00100488
1.16503 0.00102286 755284 0.00102286
1.17053 0.00104063 764148 0.00104063
1.17602 0.00106294 768028 0.00106294
1.18154 0.00107481 786132 0.00107481
1.18707 0.00109325 787900 0.00109325
1.19264 0.00111668 808308 0.00111668
1.19826 0.00113309 818356 0.00113309
1.20388 0.00115191 826668 0.00115191
1.20954 0.00117354 842392 0.00117354
1.21521 0.00120358 845316 0.00120358
1.22091 0.00121827 869980 0.00121827
1.22666 0.00124161 874884 0.00124161
1.23241 0.00126368 886132 0.00126368
1.2382 0.00128702 904300 0.00128702
1.24401 0.00130376 911076 0.00130376
1.24985 0.00132985 926764 0.00132985
1.25571 0.00135324 937332 0.00135324
1.26162 0.00137468 959284 0.00137468
1.26756 0.00139887 965628 0.00139887
1.2735 0.00142442 978772 0.00142442
1.27948 0.00145467 997284 0.00145467
1.2855 0.00147226 1006900 0.00147226
1.29154 0.00150383 1025676 0.00150383
1.29761 0.00152578 1035172 0.00152578
1.30369 0.00155421 1048744 0.00155421
1.3098 0.00157929 1068540 0.00157929
1.31596 0.00161487 1080772 0.00161487
1.32215 0.00163966 1101876 0.00163966
1.32836 0.00167235 1108540 0.00167235
1.33459 0.0017006 1129956 0.0017006
1.34087 0.00172656 1148740 0.00172656
1.34718 0.00175299 1159228 0.00175299
1.3535 0.00178834 1175556 0.00178834
1.35985 0.00181974 1193956 0.00181974
1.36624 0.00185504 1213140 0.00185504
1.37267 0.00188254 1227964 0.00188254
1.37911 0.00191759 1242400 0.00191759
1.38558 0.00195043 1262772 0.00195043
1.39208 0.00198453 1280836 0.00198453
1.39864 0.00202154 1303740 0.00202154
1.40521 0.00205909 1315540 0.00205909
1.4118 0.0020911 1334164 0.0020911
1.41842 0.00213225 1351620 0.00213225
1.42509 0.00216615 1378636 0.00216615
1.4318 0.00220802 1397508 0.00220802
1.43854 0.00224642 1413844 0.00224642
1.44529 0.00228811 1431124 0.00228811
1.45208 0.00232655 1455324 0.00232655
1.45889 0.00235688 1468852 0.00235688
1.46572 0.00240441 1491492 0.00240441
1.4726 0.00244879 1519396 0.00244879
1.47952 0.00249498 1536280 0.00249498
1.48647 0.00253786 1557540 0.00253786
1.49347 0.00257369 1591684 0.00257369
1.50049 0.00262301 1598884 0.00262301
1.50754 0.00268009 1632084 0.00268009
1.51462 0.00272277 1644076 0.00272277
1.52173 0.00276478 1675444 0.00276478
1.52887 0.00281577 1692660 0.00281577
1.53605 0.00287121 1721536 0.00287121
1.54327 0.00291352 1747444 0.00291352
1.55052 0.00297263 1770876 0.00297263
1.55781 0.003015 1797460 0.003015
1.56513 0.00307546 1816804 0.00307546
1.57247 0.0031211 1846452 0.0031211
1.57985 0.003186 1867888 0.003186
1.58727 0.0032324 1899460 0.0032324
1.59472 0.00330117 1922556 0.00330117
1.60222 0.00335469 1962436 0.00335469
1.60976 0.00341679 1978372 0.00341679
1.6173 0.00347654 2002032 0.00347654
1.62489 0.00354145 2038276 0.00354145
1.63253 0.00359899 2065684 0.00359899
1.64019 0.00366255 2090788 0.00366255
1.6479 0.00372432 2132460 0.00372432
1.65565 0.00379065 2150992 0.00379065
1.66341 0.00386485 2180308 0.00386485
1.67122 0.00392831 2220756 0.00392831
1.67908 0.00399074 2249332 0.00399074
1.68697 0.00406255 2279248 0.00406255
1.6949 0.00414061 2314228 0.00414061
1.70286 0.00420288 2342868 0.00420288
1.71085 0.00428516 2376988 0.00428516
1.71889 0.00436478 2411008 0.00436478
1.72697 0.00443794 2453188 0.00443794
1.73508 0.00452911 2471124 0.00452911
1.74322 0.00460128 2518240 0.00460128
1.75141 0.00468856 2548996 0.00468856
1.75964 0.00476667 2591188 0.00476667
1.76791 0.0048544 2616624 0.0048544
1.77621 0.00495165 2667844 0.00495165
1.78456 0.00503262 2696836 0.00503262
1.79294 0.00511541 2732224 0.00511541
1.80136 0.00520999 2779476 0.00520999
1.80982 0.00531075 2814916 0.00531075
1.81832 0.00539095 2853040 0.00539095
1.82687 0.00549363 2897620 0.00549363
1.83545 0.00559667 2931604 0.00559667
1.84406 0.00570128 2976912 0.00570128
1.85272 0.00579884 3021532 0.00579884
1.86142 0.0059054 3056596 0.0059054
1.87016 0.00600774 3105568 0.00600774
1.87895 0.00611234 3159076 0.00611234
1.88779 0.00622623 3191568 0.00622623
1.89665 0.00634569 3239860 0.00634569
1.90555 0.00644998 3274372 0.00644998
1.91449 0.00657952 3339232 0.00657952
1.9235 0.00669579 3383668 0.00669579
1.93253 0.00681366 3413904 0.00681366
1.94159 0.00693671 3479260 0.00693671
1.95073 0.0070676 3530128 0.0070676
1.95988 0.00718245 3567076 0.00718245
1.9691 0.00732678 3634960 0.00732678
1.97835 0.0074534 3674068 0.0074534
1.98765 0.00758396 3733024 0.00758396
1.99698 0.00772218 3776484 0.00772218
2.00636 0.00788081 3834112 0.00788081
2.01577 0.00803281 3883108 0.00803281
2.02525 0.0081699 3956080 0.0081699
2.03477 0.00833001 3994852 0.00833001
2.04433 0.00847991 4058512 0.00847991
2.05393 0.0086385 4112740 0.0086385
2.06357 0.00878759 4168000 0.00878759
2.07326 0.00896905 4235556 0.00896905
2.083 0.00911428 4287904 0.00911428
2.09278 0.00929867 4351228 0.00929867
2.10261 0.00947631 4412800 0.00947631
2.11248 0.00965918 4467940 0.00965918
2.12241 0.00982452 4552912 0.00982452
2.13239 0.0100193 4603696 0.0100193
2.1424 0.0102029 4665844 0.0102029
2.15246 0.010398 4733920 0.010398
2.16256 0.0105948 4795396 0.0105948
2.17272 0.0107962 4873288 0.0107962
2.18293 0.0110058 4945216 0.0110058
2.19319 0.011219 5006100 0.011219
2.20348 0.0114174 5070784 0.0114174
2.21383 0.011646 5162176 0.011646
2.22424 0.011879 5225524 0.011879
2.23469 0.012099 5295928 0.012099
2.24518 0.0123439 5374432 0.0123439
2.25573 0.0125831 5448868 0.0125831
2.26633 0.0128355 5531680 0.0128355
2.27697 0.0130653 5597008 0.0130653
2.28766 0.013348 5682652 0.013348
2.29841 0.0136121 5772256 0.0136121
2.30921 0.0138664 5841616 0.0138664
2.32005 0.0141408 5935072 0.0141408
2.33094 0.0144481 6001348 0.0144481
2.34188 0.0147062 6100648 0.0147062
2.35289 0.0150234 6189328 0.0150234
2.36395 0.0153202 6272032 0.0153202
2.37505 0.015619 6359092 0.015619
2.38621 0.0159392 6454120 0.0159392
2.39742 0.0162605 6543664 0.0162605
2.40868 0.0165753 6630880 0.0165753
2.41998 0.0169425 6727600 0.0169425
2.43135 0.0172735 6828316 0.0172735
2.44278 0.0176473 6919504 0.0176473
2.45425 0.0179991 7017728 0.0179991
2.46578 0.0183599 7121608 0.0183599
2.47736 0.0187472 7217824 0.0187472
2.489 0.0191358 7321216 0.0191358
2.50068 0.0195615 7415692 0.0195615
2.51243 0.0199875 7539328 0.0199875
2.52424 0.0204008 7645840 0.0204008
2.53609 0.0207991 7727128 0.0207991
2.548 0.0212824 7861408 0.0212824
2.55998 0.0217386 7972336 0.0217386
2.572 0.0222367 8068456 0.0222367
2.58406 0.0227151 8181632 0.0227151
2.5962 0.0232252 8320720 0.0232252
2.60841 0.0237362 8426872 0.0237362
2.62066 0.0241985 8541952 0.0241985
2.63296 0.0247657 8664616 0.0247657
2.64533 0.025342 8791792 0.025342
2.65775 0.0259079 8908756 0.0259079
2.67023 0.0264792 9034072 0.0264792
2.68278 0.0270796 9177104 0.0270796
2.69539 0.0276953 9302632 0.0276953
2.70805 0.0283509 9422380 0.0283509
2.72076 0.0290318 9565408 0.0290318
2.73355 0.0297178 9699928 0.0297178
2.74639 0.0303891 9834160 0.0303891
2.75928 0.0311261 9970520 0.0311261
2.77224 0.0318463 10120912 0.0318463
2.78527 0.032632 10255576 0.032632
2.79835 0.0334178 10403344 0.0334178
2.81149 0.0342 10556392 0.0342
2.8247 0.0350828 10700768 0.0350828
2.83797 0.0359291 10846984 0.0359291
2.8513 0.0367936 11009440 0.0367936
2.86469 0.0377282 11162536 0.0377282
2.87815 0.038658 11318540 0.038658
2.89166 0.0396157 11472664 0.0396157
2.90524 0.0406615 11646208 0.0406615
2.91889 0.0417613 11819800 0.0417613
2.93261 0.0428221 11972336 0.0428221
2.94637 0.0439727 12128068 0.0439727
2.96021 0.0451426 12324496 0.0451426
2.97412 0.0463512 12499864 0.0463512
2.9881 0.0475447 12663176 0.0475447
3.00213 0.0488157 12849472 0.0488157
3.01623 0.0501339 13030132 0.0501339
3.0304 0.0515155 13215104 0.0515155
3.04463 0.0529562 13382824 0.0529562
3.05892 0.0544842 13593352 0.0544842
3.0733 0.0560652 13789676 0.0560652
3.08773 0.0576689 13966648 0.0576689
3.10224 0.0593118 14188240 0.0593118
3.11681 0.0610344 14365268 0.0610344
3.13145 0.0628427 14591176 0.0628427
3.14616 0.0646646 14779984 0.0646646
3.16094 0.06666 14998868 0.06666
3.17579 0.0687472 15212488 0.0687472
3.1907 0.0708659 15407308 0.0708659
3.20568 0.0729668 15647816 0.0729668
3.22074 0.075359 15866296 0.075359
3.23587 0.0777521 16070420 0.0777521
3.25107 0.0801788 16337296 0.0801788
3.26635 0.082821 16540804 0.082821
3.28169 0.0855928 16792568 0.0855928
3.2971 0.0884565 16993216 0.0884565
3.31258 0.0914235 17272964 0.0914235
3.32814 0.0944194 17489560 0.0944194
3.34377 0.0978171 17756548 0.0978171
3.35948 0.101175 17996576 0.101175
3.37526 0.104846 18254116 0.104846
3.39111 0.108468 18517352 0.108468
3.40704 0.112465 18789988 0.112465
3.42305 0.116468 19037060 0.116468
3.43912 0.120931 19304704 0.120931
3.45528 0.12548 19601012 0.12548
3.47151 0.130331 19858312 0.130331
3.48782 0.135398 20158004 0.135398
3.5042 0.140579 20405860 0.140579
3.52065 0.14624 20724296 0.14624
3.53719 0.15206 21016900 0.15206
3.5538 0.158354 21295568 0.158354
3.5705 0.16484 21635908 0.16484
3.58727 0.171561 21900068 0.171561
3.60411 0.178836 22232968 0.178836
3.62105 0.186737 22555220 0.186737
3.63806 0.194841 22860308 0.194841
3.65514 0.203086 23160148 0.203086
3.6723 0.212276 23518280 0.212276
3.68955 0.222062 23848756 0.222062
3.70689 0.231904 24199700 0.231904
3.7243 0.242701 24520100 0.242701
3.7418 0.253961 24878968 0.253961
3.75937 0.265968 25212452 0.265968
3.77703 0.278631 25600948 0.278631
3.79477 0.292011 25928516 0.292011
3.81259 0.306502 26311748 0.306502
3.8305 0.321445 26690788 0.321445
3.84849 0.337337 27051080 0.337337
3.86657 0.354206 27460244 0.354206
3.88473 0.372368 27835780 0.372368
3.90298 0.390761 28229876 0.390761
3.92131 0.410924 28633364 0.410924
3.93974 0.43195 29041252 0.43195
3.95824 0.454415 29417924 0.454415
3.97682 0.477357 29872004 0.477357
3.9955 0.502521 30283972 0.502521
4.01428 0.529021 30733988 0.529021
4.03313 0.556479 31126484 0.556479
4.05207 0.585167 31589228 0.585167
4.07111 0.616572 32042452 0.616572
4.09023 0.648538 32476676 0.648538
4.10944 0.681893 32953412 0.681893
4.12874 0.717893 33434564 0.717893
4.14814 0.754723 33871460 0.754723
4.16762 0.794117 34366540 0.794117
4.18719 0.834908 34863092 0.834908
4.20686 0.877695 35344256 0.877695
4.22662 0.921932 35858900 0.921932
4.24648 0.969208 36362492 0.969208
4.26643 1.0177 36872308 1.0177
4.28646 1.06639 37376132 1.06639
4.30659 1.11853 37932320 1.11853
4.32682 1.17354 38456684 1.17354
4.34714 1.2297 38995988 1.2297
4.36756 1.28499 39578804 1.28499
4.38808 1.34427 40096448 1.34427
4.40868 1.40632 40681388 1.40632
4.42939 1.46778 41263396 1.46778
4.4502 1.53097 41841476 1.53097
4.4711 1.59742 42449528 1.59742
4.49211 1.66645 43049588 1.66645
4.51321 1.73383 43639388 1.73383
4.53441 1.80378 44273552 1.80378
4.55571 1.87343 44892980 1.87343
4.5771 1.94473 45507416 1.94473
4.5986 2.0193 46185860 2.0193
4.6202 2.08983 46810040 2.08983
4.6419 2.16377 47489828 2.16377
4.66371 2.23686 48180188 2.23686
4.68561 2.31164 48833168 2.31164
4.70762 2.38614 49527644 2.38614
4.72973 2.46239 50232224 2.46239
4.75194 2.53453 50948696 2.53453
4.77427 2.61023 51679604 2.61023
4.79669 2.68247 52383464 2.68247
4.81921 2.76003 53126678 2.76003
4.84183 2.75587 53356256 2.75587
4.86457 2.73039 53311656 2.73039
4.88742 2.70805 53350280 2.70805
4.91038 2.69007 53289728 2.69007
4.93344 2.67582 53263280 2.67582
4.95661 2.66185 53239808 2.66185
4.9799 2.65161 53192360 2.65161
5.00329 2.64346 53114120 2.64346
5.02679 2.6368 53065040 2.6368
5.0504 2.63125 52986480 2.63125
5.07412 2.62707 52907528 2.62707
5.09795 2.62513 52825088 2.62513
5.1219 2.62162 52720952 2.62162
5.14595 2.62061 52599200 2.62061
5.17012 2.62098 52508184 2.62098
5.19441 2.62142 52357832 2.62142
5.21881 2.62351 52232192 2.62351
5.24332 2.62416 52081856 2.62416
5.26795 2.62582 51935472 2.62582
5.29269 2.62844 51724520 2.62844
5.31755 2.62954 51592832 2.62954
5.34253 2.63337 51378792 2.63337
5.36762 2.63416 51154352 2.63416
5.39283 2.6377 50979176 2.6377
5.41816 2.63813 50746656 2.63813
5.44362 2.64126 50500448 2.64126
5.46918 2.64246 50244248 2.64246
5.49487 2.64548 49981320 2.64548
5.52068 2.64785 49712384 2.64785
5.54661 2.64783 49412456 2.64783
5.57266 2.64969 49116408 2.64969
5.59883 2.65082 48784136 2.65082
5.62513 2.65202 48474960 2.65202
5.65155 2.65277 48128672 2.65277
5.67809 2.65402 47753960 2.65402
5.70476 2.65528 47394648 2.65528
5.73156 2.65526 46996976 2.65526
5.75848 2.65605 46584648 2.65605
5.78553 2.6568 46201928 2.6568
5.81271 2.65796 45725976 2.65796
5.84 2.65926 45269696 2.65926
5.86743 2.65928 44820024 2.65928
5.89499 2.66018 44321144 2.66018
5.92268 2.66188 43831200 2.66188
5.9505 2.66421 43291032 2.66421
5.97844 2.66384 42744464 2.66384
6.00652 2.66773 42202344 2.66773
6.03474 2.66982 41631128 2.66982
6.06308 2.67272 41009256 2.67272
6.09156 2.67675 40409472 2.67675
6.12017 2.67972 39766712 2.67972
6.14891 2.68512 39105696 2.68512
6.17779 2.69009 38434392 2.69009
6.20681 2.69659 37723472 2.69659
6.23596 2.70164 37005672 2.70164
6.26525 2.70847 36271560 2.70847
6.29467 2.71563 35499200 2.71563
6.32424 2.7251 34708464 2.7251
6.35394 2.73598 33906456 2.73598
6.38378 2.74544 33059312 2.74544
6.41376 2.75595 32198328 2.75595
6.44388 2.76631 31318776 2.76631
6.47415 2.77844 30415728 2.77844
6.50455 2.79045 29472264 2.79045
6.5351 2.80478 28511192 2.80478
6.56579 2.8151 27524664 2.8151
6.59662 2.82356 26504592 2.82356
6.6276 2.83555 25462536 2.83555
6.65872 2.8435 24397440 2.8435
6.68999 2.84732 23299320 2.84732
6.72141 2.84703 22163904 2.84703
6.75296 2.84175 21001304 2.84175
6.78467 2.82502 19822752 2.82502
6.81652 2.7971 18602946 2.7971
6.84856 2.77711 17474436 2.77711
6.88073 2.76433 16479060 2.76433
6.91305 2.76138 15577944 2.76138
6.94552 2.76272 14714904 2.76272
6.97814 2.76855 13916868 2.76855
7.01093 2.78064 13144908 2.78064
7.04385 2.79225 12409932 2.79225
7.07693 2.80857 11703048 2.80857
7.11016 2.82847 11037708 2.82847
7.14356 2.85717 10385856 2.85717
7.17711 2.87932 9767380 2.87932
7.21082 2.9124 9170244 2.9124
7.24468 2.94746 8588904 2.94746
7.27871 2.97879 8041740 2.97879
7.31289 3.01881 7501548 3.01881
7.34723 3.06771 6992244 3.06771
7.38174 3.11886 6500076 3.11886
7.41641 3.1731 6021808 3.1731
7.45123 3.23165 5567040 3.23165
7.48622 3.28763 5132964 3.28763
7.52138 3.35736 4711008 3.35736
7.55668 3.43306 4308700 3.43306
7.59215 3.51136 3928644 3.51136
7.62781 3.59641 3564360 3.59641
7.66364 3.69498 3216708 3.69498
7.69963 3.79716 2884024 3.79716
7.73577 3.89518 2571756 3.89518
7.77208 4.01414 2275272 4.01414
7.80856 4.1475 1998952 4.1475
7.84519 4.2831 1735692 4.2831
7.88195 4.4363 1493536 4.4363
7.91894 4.59786 1272552 4.59786
7.95615 4.75678 1065132 4.75678
7.99345 4.93805 870088 4.93805
8.03087 5.13742 703380 5.13742
8.06861 5.36078 551260 5.36078
8.1063 5.63145 409752 5.63145
8.14415 5.88075 301540 5.88075
8.18252 6.20885 201084 6.20885
8.22015 6.44297 118588 6.44297
8.25771 6.69092 65076 6.69092
8.29571 7.2696 23452 7.2696
8.32962 7.42456 3120 7.42456
8.35799 0.0445762 2 0.0445762
