# in Mpc/h Units 
# D1 = 0.0740561 
# k P N P(z=0)
0.020944 1.36829 6 249.492
0.0296192 1.11 12 202.396
0.036276 0.918029 8 167.392
0.0418879 0.78322 6 142.811
0.0468321 0.706079 24 128.745
0.051302 0.656199 24 119.65
0.0592384 0.588632 12 107.33
0.0628319 0.568566 30 103.671
0.0662306 0.547212 24 99.7778
0.0694632 0.523191 24 95.3978
0.072552 0.500906 8 91.3343
0.0755145 0.478352 24 87.222
0.0783651 0.451725 48 82.3668
0.0837758 0.409138 6 74.6015
0.0863541 0.383117 48 69.8569
0.0888577 0.362857 36 66.1627
0.0912926 0.343639 24 62.6586
0.0936642 0.328857 24 59.9633
0.0959772 0.313144 48 57.0981
0.0982358 0.29893 24 54.5064
0.102604 0.276106 24 50.3447
0.10472 0.263582 30 48.0612
0.106794 0.260286 72 47.46
0.108828 0.256093 32 46.6955
0.112787 0.244965 72 44.6665
0.114715 0.240138 48 43.7863
0.118477 0.236483 12 43.1199
0.120314 0.232351 48 42.3665
0.122123 0.228999 48 41.7553
0.123906 0.2255 48 41.1172
0.125664 0.221756 30 40.4347
0.127397 0.220895 24 40.2776
0.129107 0.215379 72 39.2718
0.132461 0.208524 24 38.0218
0.134107 0.204743 96 37.3324
0.135732 0.200942 48 36.6395
0.137339 0.197806 24 36.0676
0.138926 0.193795 24 35.3363
0.140496 0.188033 72 34.2856
0.142049 0.183203 48 33.4049
0.145104 0.177427 8 32.3516
0.146608 0.174819 54 31.8762
0.148632 0.166771 132 30.4087
0.151029 0.160422 24 29.2511
0.152474 0.156414 72 28.5202
0.153906 0.154129 96 28.1036
0.15673 0.14684 48 26.7746
0.158123 0.14405 48 26.2659
0.160531 0.139719 96 25.4762
0.163577 0.135121 72 24.6377
0.164913 0.132301 96 24.1236
0.167552 0.125805 6 22.939
0.169502 0.127316 192 23.2145
0.172283 0.124565 72 22.713
0.173974 0.122674 96 22.3682
0.17523 0.121486 48 22.1516
0.178418 0.118616 84 21.6283
0.180167 0.116778 120 21.2932
0.181741 0.11677 80 21.2917
0.184179 0.114095 144 20.8038
0.187328 0.112854 24 20.5776
0.188867 0.111052 150 20.249
0.191267 0.109212 120 19.9135
0.193903 0.106903 168 19.4926
0.196472 0.105253 24 19.1917
0.198088 0.103887 264 18.9426
0.199793 0.100803 48 18.3803
0.202698 0.0990804 144 18.0662
0.205919 0.0963579 72 17.5697
0.207757 0.0943367 180 17.2012
0.21056 0.090706 246 16.5392
0.213587 0.087631 72 15.9785
0.215528 0.0868134 240 15.8294
0.218352 0.0831261 104 15.1571
0.219662 0.0821515 144 14.9794
0.223423 0.0783131 240 14.2795
0.22618 0.0771843 192 14.0737
0.228278 0.0757821 120 13.818
0.231217 0.0732534 246 13.3569
0.234628 0.0719022 288 13.1105
0.237806 0.0706439 156 12.8811
0.239714 0.0695087 216 12.6741
0.242607 0.0682705 264 12.4483
0.245954 0.0669911 264 12.215
0.248695 0.0656266 192 11.9662
0.252641 0.0643255 318 11.729
0.255182 0.0636179 248 11.6
0.257969 0.0625431 336 11.404
0.260901 0.0609171 264 11.1075
0.263594 0.0603076 120 10.9964
0.266618 0.0587904 420 10.7197
0.269843 0.0570605 264 10.4043
0.273272 0.0555361 366 10.1264
0.275985 0.0545855 336 9.95302
0.280415 0.0525049 456 9.57366
0.283902 0.050575 384 9.22175
0.287082 0.0495696 432 9.03844
0.291553 0.0477638 296 8.70917
0.29372 0.0473523 390 8.63414
0.297469 0.0459911 444 8.38593
0.301416 0.0449851 600 8.20251
0.304904 0.0440132 408 8.02529
0.308899 0.0430078 408 7.84198
0.311881 0.0423506 384 7.72214
0.316099 0.0412594 774 7.52316
0.320152 0.0404155 432 7.36929
0.323319 0.0396655 456 7.23254
0.327249 0.0388896 620 7.09106
0.331125 0.0376412 600 6.86343
0.335425 0.0366118 582 6.67573
0.339086 0.0358901 576 6.54413
0.342966 0.0350895 768 6.39816
0.347538 0.0341679 744 6.23012
0.352007 0.0331973 648 6.05314
0.356145 0.0318448 666 5.80653
0.360285 0.0312963 960 5.70651
0.365066 0.0305794 752 5.57579
0.368573 0.0303293 552 5.5302
0.372864 0.0293926 984 5.3594
0.378105 0.0286039 1062 5.21558
0.382338 0.0282377 648 5.14882
0.386795 0.0274347 1140 5.00239
0.391574 0.0266649 864 4.86203
0.396297 0.025901 1062 4.72275
0.401127 0.0254947 968 4.64867
0.405513 0.02459 1248 4.48369
0.410547 0.0241768 864 4.40836
0.41537 0.0234075 1404 4.26809
0.420644 0.0229092 1086 4.17722
0.425289 0.0224599 1272 4.0953
0.430681 0.0216859 1392 3.95418
0.436011 0.0212944 1376 3.88278
0.440941 0.0207331 1110 3.78044
0.446174 0.0202539 1740 3.69306
0.45185 0.0197666 1584 3.60422
0.457529 0.0191176 1368 3.48587
0.462665 0.0188069 1662 3.42922
0.467842 0.01839 1536 3.3532
0.473473 0.0178374 1820 3.25245
0.479577 0.0173437 1902 3.16243
0.485197 0.0167892 1704 3.06132
0.490809 0.0164335 2040 2.99645
0.497084 0.0159503 2088 2.90835
0.503027 0.0156395 1842 2.85168
0.508843 0.0152743 2456 2.78509
0.51514 0.0148952 1968 2.71597
0.521205 0.0146051 2382 2.66307
0.527271 0.0142046 2352 2.59005
0.533802 0.0137589 2604 2.50878
0.539882 0.0134265 2280 2.44817
0.546709 0.0130683 2990 2.38284
0.553468 0.0127273 2880 2.32067
0.559954 0.0123922 2508 2.25956
0.566543 0.0121757 3126 2.2201
0.573496 0.0117892 3216 2.14963
0.580523 0.0114271 3032 2.08359
0.587241 0.0111907 3294 2.04048
0.594316 0.0110239 3540 2.01008
0.601466 0.0105918 3408 1.93128
0.609018 0.0104273 4014 1.90129
0.61634 0.0100928 3728 1.84029
0.623417 0.00989676 3588 1.80456
0.630695 0.00960826 4230 1.75195
0.638291 0.00923913 4176 1.68465
0.645683 0.00905321 4158 1.65075
0.653416 0.00886597 4652 1.61661
0.660988 0.00866344 4584 1.57968
0.669506 0.00841809 5454 1.53494
0.677708 0.00817381 4884 1.4904
0.685505 0.00796634 5000 1.45257
0.694 0.00775577 5934 1.41417
0.702333 0.00755879 5376 1.37826
0.710789 0.0074274 5898 1.3543
0.719251 0.00718988 6216 1.31099
0.727942 0.00703614 6104 1.28296
0.736661 0.00683918 6618 1.24704
0.745211 0.0067254 6480 1.2263
0.754127 0.00655103 6918 1.1945
0.762976 0.00637304 7304 1.16205
0.772239 0.00616762 7338 1.12459
0.781657 0.00604996 8376 1.10314
0.791082 0.00593467 7590 1.08212
0.800591 0.00576186 8780 1.05061
0.810283 0.00561775 8496 1.02433
0.820075 0.0055011 9294 1.00306
0.829801 0.00532517 8828 0.970983
0.839624 0.00523469 9846 0.954485
0.849851 0.00507655 10248 0.92565
0.860395 0.00496822 10626 0.905896
0.870624 0.00481021 10520 0.877085
0.880856 0.00479653 10902 0.874591
0.8914 0.00467617 11796 0.852644
0.902254 0.00451866 11894 0.823924
0.912774 0.00447259 12060 0.815525
0.923682 0.00430869 12942 0.785639
0.934704 0.00421493 13224 0.768543
0.946056 0.00411755 14042 0.750786
0.957461 0.00405591 14400 0.739548
0.969088 0.00397458 15054 0.724718
0.980756 0.0038925 15194 0.709751
0.992313 0.00383826 15768 0.699861
1.00427 0.00373024 16626 0.680166
1.0163 0.00365259 17168 0.666007
1.02842 0.00359706 17334 0.655882
1.04065 0.0035196 18564 0.641758
1.05325 0.00348022 19214 0.634577
1.06615 0.00339212 20298 0.618514
1.07882 0.00332961 19800 0.607115
1.09171 0.00327164 21434 0.596545
1.10469 0.00322333 21630 0.587736
1.1179 0.00318495 22976 0.580739
1.13133 0.00314141 23370 0.572799
1.14472 0.00312033 24240 0.568956
1.15877 0.00302622 26642 0.551797
1.17281 0.00299019 25518 0.545227
1.18671 0.00292131 27498 0.532667
1.20092 0.0029537 27944 0.538573
1.21541 0.00286291 29778 0.522018
1.23005 0.00285134 30158 0.519908
1.24487 0.00282073 32076 0.514328
1.25995 0.00280249 32430 0.511001
1.27496 0.00281812 33602 0.513851
1.29008 0.00276181 34584 0.503584
1.30561 0.00270922 36842 0.493994
1.32148 0.0027246 38070 0.496798
1.33731 0.00274036 38402 0.499673
1.35304 0.00272177 39600 0.496284
1.36931 0.00269113 42786 0.490696
1.38597 0.00270613 43754 0.493431
1.40251 0.00268761 44190 0.490054
1.41927 0.00268951 47042 0.490401
1.43629 0.00270977 48000 0.494094
1.45349 0.00271631 50210 0.495288
1.47092 0.00270087 51678 0.492472
1.48857 0.00270473 54050 0.493175
1.50651 0.00273813 56010 0.499266
1.5246 0.00276731 57782 0.504586
1.54296 0.00277254 60306 0.505541
1.5614 0.00282797 61244 0.515647
1.57996 0.00283819 64086 0.51751
1.59904 0.00291602 67706 0.531703
1.61841 0.00293715 69486 0.535554
1.63786 0.00299223 71426 0.545599
1.65727 0.00302826 72882 0.552168
1.67716 0.0030857 78230 0.562641
1.69752 0.00313328 80378 0.571317
1.71789 0.00320111 82242 0.583685
1.73855 0.00325155 86546 0.592881
1.75938 0.00336423 87750 0.613427
1.78034 0.00340843 91922 0.621487
1.80163 0.0035178 94890 0.641429
1.82321 0.00359611 99062 0.655708
1.84528 0.00367582 103898 0.670242
1.86742 0.0037894 105090 0.690952
1.88971 0.00388601 109874 0.708568
1.91235 0.00401483 114110 0.732058
1.93516 0.00414121 116850 0.755101
1.95828 0.00423375 122672 0.771975
1.98195 0.00435571 128874 0.794212
2.00592 0.00452156 131714 0.824454
2.02983 0.00467074 134822 0.851654
2.05418 0.0048182 142866 0.878543
2.07887 0.00500004 145514 0.911698
2.10372 0.00517954 151880 0.944428
2.12915 0.00535198 159746 0.975872
2.15486 0.00552706 162858 1.0078
2.18054 0.00572226 167474 1.04339
2.20649 0.00594828 174110 1.0846
2.23302 0.00621066 183336 1.13244
2.25999 0.00640392 189146 1.16768
2.28711 0.00666553 194354 1.21538
2.31452 0.00691702 202496 1.26124
2.3423 0.00717911 209754 1.30903
2.37031 0.0074777 215618 1.36347
2.39862 0.00779223 224600 1.42082
2.42748 0.00806905 235370 1.4713
2.45668 0.00839852 240794 1.53137
2.48608 0.00872812 250560 1.59147
2.5159 0.00911097 259874 1.66128
2.54615 0.00946066 270224 1.72504
2.57673 0.00990261 278570 1.80562
2.60767 0.010291 290216 1.87644
2.63893 0.0107412 298370 1.95853
2.67053 0.0111726 310928 2.0372
2.70255 0.0116794 321522 2.1296
2.73501 0.0121217 334640 2.21026
2.76784 0.0126416 345302 2.30504
2.80103 0.0132625 358736 2.41826
2.83468 0.0138007 372320 2.51639
2.86869 0.0143303 384386 2.61297
2.90306 0.0149139 398576 2.71937
2.93788 0.0155216 414032 2.83018
2.97314 0.0161666 428570 2.94778
3.00878 0.0169047 443420 3.08237
3.04485 0.0176758 460880 3.22297
3.08141 0.018388 477608 3.35284
3.11839 0.0192499 494666 3.50999
3.15587 0.020037 514172 3.6535
3.19377 0.0208962 531200 3.81018
3.23206 0.021728 549944 3.96184
3.27078 0.0226914 569924 4.13751
3.31006 0.0237517 593642 4.33084
3.34977 0.0246729 610856 4.49881
3.38996 0.02579 637756 4.7025
3.43072 0.0270154 659240 4.92595
3.47187 0.0281369 681752 5.13043
3.51352 0.0294713 708404 5.37375
3.55566 0.0307297 731720 5.60321
3.59831 0.0320992 761324 5.85291
3.64146 0.0335721 785624 6.12148
3.68509 0.0349914 815932 6.38028
3.72935 0.0365748 848150 6.66899
3.77412 0.0383435 875876 6.9915
3.81939 0.0400846 909872 7.30895
3.86521 0.0419537 940708 7.64976
3.91154 0.0439839 975368 8.01995
3.95847 0.0460112 1012826 8.3896
4.00597 0.048186 1047892 8.78615
4.05405 0.0506476 1088600 9.235
4.10276 0.0530344 1127762 9.6702
4.15198 0.0558517 1166140 10.1839
4.20175 0.0585798 1209440 10.6813
4.25218 0.0618647 1255802 11.2803
4.30322 0.0651315 1298860 11.876
4.35482 0.0689084 1347110 12.5646
4.40705 0.072765 1395124 13.2679
4.45993 0.0769439 1448666 14.0298
4.51349 0.0816782 1501036 14.8931
4.56763 0.0869152 1552442 15.848
4.6224 0.0923312 1611310 16.8355
4.67785 0.0989668 1669244 18.0454
4.73396 0.105668 1729786 19.2672
4.79079 0.113576 1796522 20.7092
4.84827 0.122562 1856476 22.3477
4.90642 0.133326 1928050 24.3104
4.96533 0.144705 1998290 26.3853
5.02487 0.158975 2065786 28.9872
5.0851 0.175805 2145058 32.0559
5.14613 0.19776 2224298 36.0593
5.20788 0.233771 2303434 42.6255
5.27036 0.285875 2388202 52.126
5.33364 118.67 2478599 21638.2
5.39744 0.208773 2508700 38.0672
5.46211 0.209211 2510380 38.1472
5.52769 0.213402 2512288 38.9114
5.59404 0.219059 2497276 39.9428
5.66113 0.226218 2490536 41.2481
5.72904 0.234886 2476432 42.8288
5.79779 0.244559 2464036 44.5924
5.86736 0.25685 2441572 46.8336
5.93771 0.269512 2420164 49.1424
6.00892 0.284962 2394628 51.9595
6.08102 0.301089 2368624 54.9001
6.15399 0.321492 2332204 58.6204
6.2278 0.342543 2296528 62.4586
6.30252 0.368569 2255452 67.2042
6.37813 0.396547 2208364 72.3057
6.45461 0.429179 2156872 78.2557
6.53204 0.466717 2104512 85.1005
6.6104 0.509805 2039548 92.9569
6.68969 0.561377 1976956 102.36
6.76993 0.618781 1900768 112.827
6.85111 0.6871 1825120 125.285
6.93325 0.762777 1737192 139.083
7.01639 0.856988 1649440 156.262
7.10058 0.96323 1549012 175.634
7.18569 1.10312 1441740 201.141
7.27174 1.28813 1326940 234.875
7.35886 1.66683 1207764 303.926
7.44702 2.6409 1075156 481.538
7.53611 4.73337 935664 863.075
7.62659 1447.72 801523 263975
7.71818 1.46077 692322 266.355
7.81076 1.63898 599362 298.849
7.90447 1.85574 516300 338.373
7.99927 2.13147 441076 388.649
8.09511 2.47489 372798 451.268
8.19203 2.92199 311442 532.79
8.2901 3.486 255850 635.631
8.3894 4.22497 206196 770.373
8.49004 5.22915 161820 953.475
8.59152 6.61418 121362 1206.02
8.69409 8.7919 88608 1603.1
8.79786 12.9997 59292 2370.34
8.90093 23.8269 35826 4344.55
9.00404 70.1146 19252 12784.6
9.10719 423.706 7314 77257.8
9.20136 6444.42 1158 1.17507e+06
9.28665 1.54004e+09 1 2.80808e+11
