# in Mpc/h Units 
# D1 = 1 
# k P N P(z=0)
0.020944 1.93973e-11 12 1.93973e-11
0.0296192 2.07244e-11 24 2.07244e-11
0.036276 5.1836e-13 16 5.1836e-13
0.0418879 4.53533e-10 12 4.53533e-10
0.0468321 2.08668e-10 48 2.08668e-10
0.051302 1.7762e-10 48 1.7762e-10
0.0592384 5.30448e-10 24 5.30448e-10
0.0628319 4.25432e-10 60 4.25432e-10
0.0662306 3.1285e-09 48 3.1285e-09
0.0694632 1.11832e-09 48 1.11832e-09
0.072552 6.15086e-11 16 6.15086e-11
0.0755145 1.44788e-09 48 1.44788e-09
0.0783651 1.02912e-09 96 1.02912e-09
0.0837758 3.38915e-09 12 3.38915e-09
0.0863541 2.78652e-09 96 2.78652e-09
0.0888577 1.7055e-09 72 1.7055e-09
0.0912926 1.21169e-09 48 1.21169e-09
0.0936642 3.12709e-09 48 3.12709e-09
0.0959772 4.92779e-09 96 4.92779e-09
0.0982358 4.71318e-10 48 4.71318e-10
0.102604 5.55484e-09 48 5.55484e-09
0.10472 6.37603e-09 60 6.37603e-09
0.106794 7.42432e-09 144 7.42432e-09
0.108828 1.1372e-08 64 1.1372e-08
0.112787 7.22789e-09 144 7.22789e-09
0.114715 1.33809e-08 96 1.33809e-08
0.118477 4.48143e-09 24 4.48143e-09
0.120314 6.0853e-09 96 6.0853e-09
0.122123 6.68397e-09 96 6.68397e-09
0.123906 1.25371e-08 96 1.25371e-08
0.125664 7.31186e-09 60 7.31186e-09
0.127397 2.30267e-08 48 2.30267e-08
0.129107 1.92491e-08 144 1.92491e-08
0.132461 3.44393e-08 48 3.44393e-08
0.134107 1.46276e-08 192 1.46276e-08
0.135732 1.24892e-08 96 1.24892e-08
0.137339 5.34648e-09 48 5.34648e-09
0.138926 2.20396e-08 48 2.20396e-08
0.140496 1.36305e-08 144 1.36305e-08
0.142049 1.73199e-08 96 1.73199e-08
0.145104 7.52858e-10 16 7.52858e-10
0.146608 1.7066e-08 108 1.7066e-08
0.148632 1.85496e-08 264 1.85496e-08
0.151029 2.28128e-08 48 2.28128e-08
0.152474 3.30995e-08 144 3.30995e-08
0.153906 3.13439e-08 192 3.13439e-08
0.15673 2.06662e-08 96 2.06662e-08
0.158123 2.13613e-08 96 2.13613e-08
0.160531 4.5098e-08 192 4.5098e-08
0.163577 1.70292e-08 144 1.70292e-08
0.164913 3.16033e-08 192 3.16033e-08
0.167552 2.84711e-08 12 2.84711e-08
0.169502 4.45287e-08 384 4.45287e-08
0.172283 4.33329e-08 144 4.33329e-08
0.173974 5.81111e-08 192 5.81111e-08
0.17523 2.11762e-08 96 2.11762e-08
0.178418 6.33434e-08 168 6.33434e-08
0.180167 4.9318e-08 240 4.9318e-08
0.181741 4.42059e-08 160 4.42059e-08
0.184179 3.01613e-08 288 3.01613e-08
0.187328 8.56156e-08 48 8.56156e-08
0.188867 7.15592e-08 300 7.15592e-08
0.191267 6.69415e-08 240 6.69415e-08
0.193903 9.67366e-08 336 9.67366e-08
0.196472 1.36106e-08 48 1.36106e-08
0.198088 6.28107e-08 528 6.28107e-08
0.199793 1.68246e-07 96 1.68246e-07
0.202698 6.82972e-08 288 6.82972e-08
0.205919 9.85709e-08 144 9.85709e-08
0.207757 7.43779e-08 360 7.43779e-08
0.21056 9.34649e-08 492 9.34649e-08
0.213587 8.08601e-08 144 8.08601e-08
0.215528 1.2555e-07 480 1.2555e-07
0.218352 1.27692e-07 208 1.27692e-07
0.219662 1.26529e-07 288 1.26529e-07
0.223423 1.04641e-07 480 1.04641e-07
0.22618 1.19188e-07 384 1.19188e-07
0.228278 1.94802e-07 240 1.94802e-07
0.231217 1.50668e-07 492 1.50668e-07
0.234628 1.45028e-07 576 1.45028e-07
0.237806 1.51483e-07 312 1.51483e-07
0.239714 1.88852e-07 432 1.88852e-07
0.242607 1.39809e-07 528 1.39809e-07
0.245954 1.61734e-07 528 1.61734e-07
0.248695 1.39237e-07 384 1.39237e-07
0.252641 2.38705e-07 636 2.38705e-07
0.255182 2.27441e-07 496 2.27441e-07
0.257969 1.78039e-07 672 1.78039e-07
0.260901 2.973e-07 528 2.973e-07
0.263594 2.99005e-07 240 2.99005e-07
0.266618 2.38589e-07 840 2.38589e-07
0.269843 1.52895e-07 528 1.52895e-07
0.273272 3.03726e-07 732 3.03726e-07
0.275985 2.81069e-07 672 2.81069e-07
0.280415 3.03127e-07 912 3.03127e-07
0.283902 3.11637e-07 768 3.11637e-07
0.287082 3.41046e-07 864 3.41046e-07
0.291553 2.56697e-07 592 2.56697e-07
0.29372 3.64481e-07 780 3.64481e-07
0.297469 3.70242e-07 888 3.70242e-07
0.301416 3.9793e-07 1200 3.9793e-07
0.304904 4.4109e-07 816 4.4109e-07
0.308899 3.49708e-07 816 3.49708e-07
0.311881 4.23566e-07 768 4.23566e-07
0.316099 4.93933e-07 1548 4.93933e-07
0.320152 6.188e-07 864 6.188e-07
0.323319 5.37288e-07 912 5.37288e-07
0.327249 5.19436e-07 1240 5.19436e-07
0.331125 5.53048e-07 1200 5.53048e-07
0.335425 6.25272e-07 1164 6.25272e-07
0.339086 7.58642e-07 1152 7.58642e-07
0.342966 5.54215e-07 1536 5.54215e-07
0.347538 7.21834e-07 1488 7.21834e-07
0.352007 6.45657e-07 1296 6.45657e-07
0.356145 7.56743e-07 1332 7.56743e-07
0.360285 9.66265e-07 1920 9.66265e-07
0.365066 7.88387e-07 1504 7.88387e-07
0.368573 8.02647e-07 1104 8.02647e-07
0.372864 9.2728e-07 1968 9.2728e-07
0.378105 9.51745e-07 2124 9.51745e-07
0.382338 1.11163e-06 1296 1.11163e-06
0.386795 1.04459e-06 2280 1.04459e-06
0.391574 1.18855e-06 1728 1.18855e-06
0.396297 1.17987e-06 2124 1.17987e-06
0.401127 1.25496e-06 1936 1.25496e-06
0.405513 1.36121e-06 2496 1.36121e-06
0.410547 1.2783e-06 1728 1.2783e-06
0.41537 1.29203e-06 2808 1.29203e-06
0.420644 1.3694e-06 2172 1.3694e-06
0.425289 1.69484e-06 2544 1.69484e-06
0.430681 1.48377e-06 2784 1.48377e-06
0.436011 1.46782e-06 2752 1.46782e-06
0.440941 2.08538e-06 2220 2.08538e-06
0.446174 1.8339e-06 3480 1.8339e-06
0.45185 1.96987e-06 3168 1.96987e-06
0.457529 1.91844e-06 2736 1.91844e-06
0.462665 2.1238e-06 3324 2.1238e-06
0.467842 2.1824e-06 3072 2.1824e-06
0.473473 2.08255e-06 3640 2.08255e-06
0.479577 2.42389e-06 3804 2.42389e-06
0.485197 2.4903e-06 3408 2.4903e-06
0.490809 2.54204e-06 4080 2.54204e-06
0.497084 2.65793e-06 4176 2.65793e-06
0.503027 2.78947e-06 3684 2.78947e-06
0.508843 2.94152e-06 4912 2.94152e-06
0.51514 3.03859e-06 3936 3.03859e-06
0.521205 2.85819e-06 4764 2.85819e-06
0.527271 3.59246e-06 4704 3.59246e-06
0.533802 3.64686e-06 5208 3.64686e-06
0.539882 3.62391e-06 4560 3.62391e-06
0.546709 4.08125e-06 5980 4.08125e-06
0.553468 4.1473e-06 5760 4.1473e-06
0.559954 4.2546e-06 5016 4.2546e-06
0.566543 4.53865e-06 6252 4.53865e-06
0.573496 4.87425e-06 6432 4.87425e-06
0.580523 4.50871e-06 6064 4.50871e-06
0.587241 4.94243e-06 6588 4.94243e-06
0.594316 5.31846e-06 7080 5.31846e-06
0.601466 5.30962e-06 6816 5.30962e-06
0.609018 5.50736e-06 8028 5.50736e-06
0.61634 6.09693e-06 7456 6.09693e-06
0.623417 5.73162e-06 7176 5.73162e-06
0.630695 6.48524e-06 8460 6.48524e-06
0.638291 6.55383e-06 8352 6.55383e-06
0.645683 6.80941e-06 8316 6.80941e-06
0.653416 7.05958e-06 9304 7.05958e-06
0.660988 7.60296e-06 9168 7.60296e-06
0.669506 7.36112e-06 10908 7.36112e-06
0.677708 7.89404e-06 9768 7.89404e-06
0.685505 8.32954e-06 10000 8.32954e-06
0.694 8.99504e-06 11868 8.99504e-06
0.702333 9.08564e-06 10752 9.08564e-06
0.710789 9.46103e-06 11796 9.46103e-06
0.719251 1.04869e-05 12432 1.04869e-05
0.727942 9.87976e-06 12208 9.87976e-06
0.736661 1.07615e-05 13236 1.07615e-05
0.745211 1.06233e-05 12960 1.06233e-05
0.754127 1.12569e-05 13836 1.12569e-05
0.762976 1.16775e-05 14608 1.16775e-05
0.772239 1.20487e-05 14676 1.20487e-05
0.781657 1.30543e-05 16752 1.30543e-05
0.791082 1.28592e-05 15180 1.28592e-05
0.800591 1.36663e-05 17560 1.36663e-05
0.810283 1.35257e-05 16992 1.35257e-05
0.820075 1.49224e-05 18588 1.49224e-05
0.829801 1.50466e-05 17656 1.50466e-05
0.839624 1.59337e-05 19692 1.59337e-05
0.849851 1.6342e-05 20496 1.6342e-05
0.860395 1.67311e-05 21252 1.67311e-05
0.870624 1.74203e-05 21040 1.74203e-05
0.880856 1.81245e-05 21804 1.81245e-05
0.8914 1.88406e-05 23592 1.88406e-05
0.902254 1.94774e-05 23788 1.94774e-05
0.912774 1.96665e-05 24120 1.96665e-05
0.923682 2.10134e-05 25884 2.10134e-05
0.934704 2.09262e-05 26448 2.09262e-05
0.946056 2.19841e-05 28084 2.19841e-05
0.957461 2.24147e-05 28800 2.24147e-05
0.969088 2.36668e-05 30108 2.36668e-05
0.980756 2.39675e-05 30388 2.39675e-05
0.992313 2.45713e-05 31536 2.45713e-05
1.00427 2.59641e-05 33252 2.59641e-05
1.0163 2.66962e-05 34336 2.66962e-05
1.02842 2.77287e-05 34668 2.77287e-05
1.04065 2.77207e-05 37128 2.77207e-05
1.05325 2.91755e-05 38428 2.91755e-05
1.06615 2.9287e-05 40596 2.9287e-05
1.07882 3.09672e-05 39600 3.09672e-05
1.09171 3.26369e-05 42868 3.26369e-05
1.10469 3.24811e-05 43260 3.24811e-05
1.1179 3.43637e-05 45952 3.43637e-05
1.13133 3.54209e-05 46740 3.54209e-05
1.14472 3.56316e-05 48480 3.56316e-05
1.15877 3.72571e-05 53284 3.72571e-05
1.17281 3.84038e-05 51036 3.84038e-05
1.18671 3.83668e-05 54996 3.83668e-05
1.20092 4.06713e-05 55888 4.06713e-05
1.21541 4.08466e-05 59556 4.08466e-05
1.23005 4.2516e-05 60316 4.2516e-05
1.24487 4.32486e-05 64152 4.32486e-05
1.25995 4.55449e-05 64860 4.55449e-05
1.27496 4.64723e-05 67204 4.64723e-05
1.29008 4.72015e-05 69168 4.72015e-05
1.30561 4.87674e-05 73684 4.87674e-05
1.32148 4.9765e-05 76140 4.9765e-05
1.33731 5.16518e-05 76804 5.16518e-05
1.35304 5.31619e-05 79200 5.31619e-05
1.36931 5.52104e-05 85572 5.52104e-05
1.38597 5.60734e-05 87508 5.60734e-05
1.40251 5.80496e-05 88380 5.80496e-05
1.41927 5.93459e-05 94084 5.93459e-05
1.43629 5.9829e-05 96000 5.9829e-05
1.45349 6.24204e-05 100420 6.24204e-05
1.47092 6.50233e-05 103356 6.50233e-05
1.48857 6.64933e-05 108100 6.64933e-05
1.50651 6.81582e-05 112020 6.81582e-05
1.5246 6.95913e-05 115564 6.95913e-05
1.54296 7.14431e-05 120612 7.14431e-05
1.5614 7.35754e-05 122488 7.35754e-05
1.57996 7.52205e-05 128172 7.52205e-05
1.59904 7.81686e-05 135412 7.81686e-05
1.61841 8.02886e-05 138972 8.02886e-05
1.63786 8.21469e-05 142852 8.21469e-05
1.65727 8.51803e-05 145764 8.51803e-05
1.67716 8.71352e-05 156460 8.71352e-05
1.69752 9.03889e-05 160756 9.03889e-05
1.71789 9.22335e-05 164484 9.22335e-05
1.73855 9.45347e-05 173092 9.45347e-05
1.75938 9.69925e-05 175500 9.69925e-05
1.78034 9.96862e-05 183844 9.96862e-05
1.80163 0.000103427 189780 0.000103427
1.82321 0.000105149 198124 0.000105149
1.84528 0.000109143 207796 0.000109143
1.86742 0.00011268 210180 0.00011268
1.88971 0.000115624 219748 0.000115624
1.91235 0.000120328 228220 0.000120328
1.93516 0.000123253 233700 0.000123253
1.95828 0.000127515 245344 0.000127515
1.98195 0.00013175 257748 0.00013175
2.00592 0.000136118 263428 0.000136118
2.02983 0.000140702 269644 0.000140702
2.05418 0.000145473 285732 0.000145473
2.07887 0.000149962 291028 0.000149962
2.10372 0.000155057 303760 0.000155057
2.12915 0.000163064 319492 0.000163064
2.15486 0.000167897 325716 0.000167897
2.18054 0.000173514 334948 0.000173514
2.20649 0.000179694 348220 0.000179694
2.23302 0.000187816 366672 0.000187816
2.25999 0.000195746 378292 0.000195746
2.28711 0.000202099 388708 0.000202099
2.31452 0.000209014 404992 0.000209014
2.3423 0.000220452 419508 0.000220452
2.37031 0.000227654 431236 0.000227654
2.39862 0.000237832 449200 0.000237832
2.42748 0.000246471 470740 0.000246471
2.45668 0.00025714 481588 0.00025714
2.48608 0.000269522 501120 0.000269522
2.5159 0.000280425 519748 0.000280425
2.54615 0.00029293 540448 0.00029293
2.57673 0.000305314 557140 0.000305314
2.60767 0.000319583 580432 0.000319583
2.63893 0.000334601 596740 0.000334601
2.67053 0.000350357 621856 0.000350357
2.70255 0.000365539 643044 0.000365539
2.73501 0.000383253 669280 0.000383253
2.76784 0.000401432 690604 0.000401432
2.80103 0.000421667 717472 0.000421667
2.83468 0.000440115 744640 0.000440115
2.86869 0.00046301 768772 0.00046301
2.90306 0.000489512 797152 0.000489512
2.93788 0.000514065 828064 0.000514065
2.97314 0.000542292 857140 0.000542292
3.00878 0.000571213 886840 0.000571213
3.04485 0.000599643 921760 0.000599643
3.08141 0.000632046 955216 0.000632046
3.11839 0.000669902 989332 0.000669902
3.15587 0.000706245 1028344 0.000706245
3.19377 0.000749298 1062400 0.000749298
3.23206 0.000791681 1099888 0.000791681
3.27078 0.00083898 1139848 0.00083898
3.31006 0.000890662 1187284 0.000890662
3.34977 0.000945231 1221712 0.000945231
3.38996 0.00100874 1275512 0.00100874
3.43072 0.00107154 1318480 0.00107154
3.47187 0.00114397 1363504 0.00114397
3.51352 0.00121756 1416808 0.00121756
3.55566 0.00130513 1463440 0.00130513
3.59831 0.00139904 1522648 0.00139904
3.64146 0.00149615 1571248 0.00149615
3.68509 0.00160925 1631864 0.00160925
3.72935 0.00173298 1696300 0.00173298
3.77412 0.00187295 1751752 0.00187295
3.81939 0.00201946 1819744 0.00201946
3.86521 0.00219141 1881416 0.00219141
3.91154 0.0023827 1950736 0.0023827
3.95847 0.00259259 2025652 0.00259259
4.00597 0.00283182 2095784 0.00283182
4.05405 0.00309432 2177200 0.00309432
4.10276 0.00339289 2255524 0.00339289
4.15198 0.00376075 2332280 0.00376075
4.20175 0.00415245 2418880 0.00415245
4.25218 0.00461075 2511604 0.00461075
4.30322 0.00514727 2597720 0.00514727
4.35482 0.00576205 2694220 0.00576205
4.40705 0.00648411 2790248 0.00648411
4.45993 0.00732834 2897332 0.00732834
4.51349 0.00833091 3002072 0.00833091
4.56763 0.00950892 3104884 0.00950892
4.6224 0.0107932 3222620 0.0107932
4.67785 0.0124517 3338488 0.0124517
4.73396 0.0142165 3459572 0.0142165
4.79079 0.0163314 3593044 0.0163314
4.84827 0.0188028 3712952 0.0188028
4.90642 0.021583 3856100 0.021583
4.96533 0.0245341 3996580 0.0245341
5.02487 0.0278894 4131572 0.0278894
5.0851 0.0315854 4290116 0.0315854
5.14613 0.0354533 4448596 0.0354533
5.20788 0.0395412 4606868 0.0395412
5.27036 0.0436986 4776404 0.0436986
5.33364 36.2006 4957198 36.2006
5.39744 0.0487719 5017400 0.0487719
5.46211 0.0475292 5020760 0.0475292
5.52769 0.0468399 5024576 0.0468399
5.59404 0.046687 4994552 0.046687
5.66113 0.0469247 4981072 0.0469247
5.72904 0.047348 4952864 0.047348
5.79779 0.0479947 4928072 0.0479947
5.86736 0.0488753 4883144 0.0488753
5.93771 0.0498402 4840328 0.0498402
6.00892 0.0510138 4789256 0.0510138
6.08102 0.052268 4737248 0.052268
6.15399 0.0536332 4664408 0.0536332
6.2278 0.055172 4593056 0.055172
6.30252 0.0567678 4510904 0.0567678
6.37813 0.0584675 4416728 0.0584675
6.45461 0.0604192 4313744 0.0604192
6.53204 0.0622375 4209024 0.0622375
6.6104 0.0644317 4079096 0.0644317
6.68969 0.0665322 3953912 0.0665322
6.76993 0.0689199 3801536 0.0689199
6.85111 0.0716211 3650240 0.0716211
6.93325 0.073878 3474384 0.073878
7.01639 0.0762415 3298880 0.0762415
7.10058 0.0783397 3098024 0.0783397
7.18569 0.0799939 2883480 0.0799939
7.27174 0.0809562 2653880 0.0809562
7.35886 0.0817044 2415528 0.0817044
7.44702 0.082277 2150312 0.082277
7.53611 0.0834586 1871328 0.0834586
7.62659 266.189 1603046 266.189
7.71818 0.0910998 1384644 0.0910998
7.81076 0.0973175 1198724 0.0973175
7.90447 0.105651 1032600 0.105651
7.99927 0.11517 882152 0.11517
8.09511 0.126907 745596 0.126907
8.19203 0.139411 622884 0.139411
8.2901 0.152798 511700 0.152798
8.3894 0.166713 412392 0.166713
8.49004 0.177981 323640 0.177981
8.59152 0.184724 242724 0.184724
8.69409 0.188284 177216 0.188284
8.79786 0.179457 118584 0.179457
8.90093 0.168505 71652 0.168505
9.00404 0.156193 38504 0.156193
9.10719 0.146386 14628 0.146386
9.20136 0.13874 2316 0.13874
9.28665 1.88306e+08 2 1.88306e+08
