# in Mpc/h Units 
# D1 = 1 
# k P N P(z=0)
0.020944 1.95005e-11 12 1.95005e-11
0.0296192 2.15851e-11 24 2.15851e-11
0.036276 5.51398e-13 16 5.51398e-13
0.0418879 4.54325e-10 12 4.54325e-10
0.0468321 2.10856e-10 48 2.10856e-10
0.051302 1.78351e-10 48 1.78351e-10
0.0592384 5.04599e-10 24 5.04599e-10
0.0628319 4.27437e-10 60 4.27437e-10
0.0662306 3.2015e-09 48 3.2015e-09
0.0694632 1.15094e-09 48 1.15094e-09
0.072552 6.77382e-11 16 6.77382e-11
0.0755145 1.47621e-09 48 1.47621e-09
0.0783651 1.04757e-09 96 1.04757e-09
0.0837758 3.39965e-09 12 3.39965e-09
0.0863541 2.8944e-09 96 2.8944e-09
0.0888577 1.68116e-09 72 1.68116e-09
0.0912926 1.22852e-09 48 1.22852e-09
0.0936642 3.12764e-09 48 3.12764e-09
0.0959772 4.94595e-09 96 4.94595e-09
0.0982358 4.91839e-10 48 4.91839e-10
0.102604 5.64368e-09 48 5.64368e-09
0.10472 6.5937e-09 60 6.5937e-09
0.106794 7.67341e-09 144 7.67341e-09
0.108828 1.14301e-08 64 1.14301e-08
0.112787 7.37424e-09 144 7.37424e-09
0.114715 1.35718e-08 96 1.35718e-08
0.118477 4.39709e-09 24 4.39709e-09
0.120314 6.12346e-09 96 6.12346e-09
0.122123 6.68445e-09 96 6.68445e-09
0.123906 1.24683e-08 96 1.24683e-08
0.125664 7.29233e-09 60 7.29233e-09
0.127397 2.33283e-08 48 2.33283e-08
0.129107 1.93564e-08 144 1.93564e-08
0.132461 3.45173e-08 48 3.45173e-08
0.134107 1.4802e-08 192 1.4802e-08
0.135732 1.27717e-08 96 1.27717e-08
0.137339 5.5253e-09 48 5.5253e-09
0.138926 2.20826e-08 48 2.20826e-08
0.140496 1.3581e-08 144 1.3581e-08
0.142049 1.7476e-08 96 1.7476e-08
0.145104 7.27265e-10 16 7.27265e-10
0.146608 1.72031e-08 108 1.72031e-08
0.148632 1.87676e-08 264 1.87676e-08
0.151029 2.33289e-08 48 2.33289e-08
0.152474 3.35675e-08 144 3.35675e-08
0.153906 3.18823e-08 192 3.18823e-08
0.15673 2.09512e-08 96 2.09512e-08
0.158123 2.20685e-08 96 2.20685e-08
0.160531 4.61533e-08 192 4.61533e-08
0.163577 1.70393e-08 144 1.70393e-08
0.164913 3.20743e-08 192 3.20743e-08
0.167552 2.69129e-08 12 2.69129e-08
0.169502 4.52034e-08 384 4.52034e-08
0.172283 4.39353e-08 144 4.39353e-08
0.173974 5.82833e-08 192 5.82833e-08
0.17523 2.17236e-08 96 2.17236e-08
0.178418 6.42328e-08 168 6.42328e-08
0.180167 4.94993e-08 240 4.94993e-08
0.181741 4.52458e-08 160 4.52458e-08
0.184179 3.03887e-08 288 3.03887e-08
0.187328 8.73231e-08 48 8.73231e-08
0.188867 7.21758e-08 300 7.21758e-08
0.191267 6.82197e-08 240 6.82197e-08
0.193903 9.74805e-08 336 9.74805e-08
0.196472 1.37777e-08 48 1.37777e-08
0.198088 6.33411e-08 528 6.33411e-08
0.199793 1.69188e-07 96 1.69188e-07
0.202698 6.85137e-08 288 6.85137e-08
0.205919 9.85422e-08 144 9.85422e-08
0.207757 7.54279e-08 360 7.54279e-08
0.21056 9.37018e-08 492 9.37018e-08
0.213587 8.09584e-08 144 8.09584e-08
0.215528 1.27567e-07 480 1.27567e-07
0.218352 1.30083e-07 208 1.30083e-07
0.219662 1.27456e-07 288 1.27456e-07
0.223423 1.05785e-07 480 1.05785e-07
0.22618 1.20085e-07 384 1.20085e-07
0.228278 1.96198e-07 240 1.96198e-07
0.231217 1.5254e-07 492 1.5254e-07
0.234628 1.46345e-07 576 1.46345e-07
0.237806 1.52442e-07 312 1.52442e-07
0.239714 1.91904e-07 432 1.91904e-07
0.242607 1.41758e-07 528 1.41758e-07
0.245954 1.62245e-07 528 1.62245e-07
0.248695 1.39802e-07 384 1.39802e-07
0.252641 2.39384e-07 636 2.39384e-07
0.255182 2.2899e-07 496 2.2899e-07
0.257969 1.78797e-07 672 1.78797e-07
0.260901 3.00058e-07 528 3.00058e-07
0.263594 2.99751e-07 240 2.99751e-07
0.266618 2.40588e-07 840 2.40588e-07
0.269843 1.55238e-07 528 1.55238e-07
0.273272 3.07406e-07 732 3.07406e-07
0.275985 2.81686e-07 672 2.81686e-07
0.280415 3.05921e-07 912 3.05921e-07
0.283902 3.13301e-07 768 3.13301e-07
0.287082 3.4266e-07 864 3.4266e-07
0.291553 2.60501e-07 592 2.60501e-07
0.29372 3.65416e-07 780 3.65416e-07
0.297469 3.72941e-07 888 3.72941e-07
0.301416 3.99872e-07 1200 3.99872e-07
0.304904 4.45652e-07 816 4.45652e-07
0.308899 3.50853e-07 816 3.50853e-07
0.311881 4.2743e-07 768 4.2743e-07
0.316099 4.97276e-07 1548 4.97276e-07
0.320152 6.20071e-07 864 6.20071e-07
0.323319 5.4189e-07 912 5.4189e-07
0.327249 5.19241e-07 1240 5.19241e-07
0.331125 5.5347e-07 1200 5.5347e-07
0.335425 6.2644e-07 1164 6.2644e-07
0.339086 7.62398e-07 1152 7.62398e-07
0.342966 5.55317e-07 1536 5.55317e-07
0.347538 7.27887e-07 1488 7.27887e-07
0.352007 6.48559e-07 1296 6.48559e-07
0.356145 7.63127e-07 1332 7.63127e-07
0.360285 9.68229e-07 1920 9.68229e-07
0.365066 7.94004e-07 1504 7.94004e-07
0.368573 8.01829e-07 1104 8.01829e-07
0.372864 9.37721e-07 1968 9.37721e-07
0.378105 9.59675e-07 2124 9.59675e-07
0.382338 1.11374e-06 1296 1.11374e-06
0.386795 1.05038e-06 2280 1.05038e-06
0.391574 1.19361e-06 1728 1.19361e-06
0.396297 1.18313e-06 2124 1.18313e-06
0.401127 1.26792e-06 1936 1.26792e-06
0.405513 1.36312e-06 2496 1.36312e-06
0.410547 1.28533e-06 1728 1.28533e-06
0.41537 1.30071e-06 2808 1.30071e-06
0.420644 1.37618e-06 2172 1.37618e-06
0.425289 1.69994e-06 2544 1.69994e-06
0.430681 1.49178e-06 2784 1.49178e-06
0.436011 1.47212e-06 2752 1.47212e-06
0.440941 2.09166e-06 2220 2.09166e-06
0.446174 1.83631e-06 3480 1.83631e-06
0.45185 1.97499e-06 3168 1.97499e-06
0.457529 1.91259e-06 2736 1.91259e-06
0.462665 2.12367e-06 3324 2.12367e-06
0.467842 2.18647e-06 3072 2.18647e-06
0.473473 2.08242e-06 3640 2.08242e-06
0.479577 2.42955e-06 3804 2.42955e-06
0.485197 2.48601e-06 3408 2.48601e-06
0.490809 2.54942e-06 4080 2.54942e-06
0.497084 2.66403e-06 4176 2.66403e-06
0.503027 2.79509e-06 3684 2.79509e-06
0.508843 2.93531e-06 4912 2.93531e-06
0.51514 3.02176e-06 3936 3.02176e-06
0.521205 2.871e-06 4764 2.871e-06
0.527271 3.58383e-06 4704 3.58383e-06
0.533802 3.64091e-06 5208 3.64091e-06
0.539882 3.61068e-06 4560 3.61068e-06
0.546709 4.06738e-06 5980 4.06738e-06
0.553468 4.133e-06 5760 4.133e-06
0.559954 4.23989e-06 5016 4.23989e-06
0.566543 4.52115e-06 6252 4.52115e-06
0.573496 4.83455e-06 6432 4.83455e-06
0.580523 4.47194e-06 6064 4.47194e-06
0.587241 4.91498e-06 6588 4.91498e-06
0.594316 5.29231e-06 7080 5.29231e-06
0.601466 5.24831e-06 6816 5.24831e-06
0.609018 5.50276e-06 8028 5.50276e-06
0.61634 6.04263e-06 7456 6.04263e-06
0.623417 5.6881e-06 7176 5.6881e-06
0.630695 6.44442e-06 8460 6.44442e-06
0.638291 6.53653e-06 8352 6.53653e-06
0.645683 6.72714e-06 8316 6.72714e-06
0.653416 7.00872e-06 9304 7.00872e-06
0.660988 7.52263e-06 9168 7.52263e-06
0.669506 7.31311e-06 10908 7.31311e-06
0.677708 7.81074e-06 9768 7.81074e-06
0.685505 8.24059e-06 10000 8.24059e-06
0.694 8.90318e-06 11868 8.90318e-06
0.702333 8.99319e-06 10752 8.99319e-06
0.710789 9.35633e-06 11796 9.35633e-06
0.719251 1.03529e-05 12432 1.03529e-05
0.727942 9.77184e-06 12208 9.77184e-06
0.736661 1.06271e-05 13236 1.06271e-05
0.745211 1.05008e-05 12960 1.05008e-05
0.754127 1.1101e-05 13836 1.1101e-05
0.762976 1.15052e-05 14608 1.15052e-05
0.772239 1.18794e-05 14676 1.18794e-05
0.781657 1.28295e-05 16752 1.28295e-05
0.791082 1.26464e-05 15180 1.26464e-05
0.800591 1.34307e-05 17560 1.34307e-05
0.810283 1.32612e-05 16992 1.32612e-05
0.820075 1.46522e-05 18588 1.46522e-05
0.829801 1.48039e-05 17656 1.48039e-05
0.839624 1.55886e-05 19692 1.55886e-05
0.849851 1.60566e-05 20496 1.60566e-05
0.860395 1.64105e-05 21252 1.64105e-05
0.870624 1.70195e-05 21040 1.70195e-05
0.880856 1.77488e-05 21804 1.77488e-05
0.8914 1.84043e-05 23592 1.84043e-05
0.902254 1.90616e-05 23788 1.90616e-05
0.912774 1.91429e-05 24120 1.91429e-05
0.923682 2.05132e-05 25884 2.05132e-05
0.934704 2.04228e-05 26448 2.04228e-05
0.946056 2.13937e-05 28084 2.13937e-05
0.957461 2.17516e-05 28800 2.17516e-05
0.969088 2.30821e-05 30108 2.30821e-05
0.980756 2.33404e-05 30388 2.33404e-05
0.992313 2.39034e-05 31536 2.39034e-05
1.00427 2.52254e-05 33252 2.52254e-05
1.0163 2.58547e-05 34336 2.58547e-05
1.02842 2.696e-05 34668 2.696e-05
1.04065 2.6882e-05 37128 2.6882e-05
1.05325 2.8298e-05 38428 2.8298e-05
1.06615 2.83097e-05 40596 2.83097e-05
1.07882 2.99441e-05 39600 2.99441e-05
1.09171 3.13862e-05 42868 3.13862e-05
1.10469 3.13677e-05 43260 3.13677e-05
1.1179 3.31734e-05 45952 3.31734e-05
1.13133 3.41527e-05 46740 3.41527e-05
1.14472 3.42076e-05 48480 3.42076e-05
1.15877 3.58077e-05 53284 3.58077e-05
1.17281 3.68164e-05 51036 3.68164e-05
1.18671 3.67903e-05 54996 3.67903e-05
1.20092 3.89479e-05 55888 3.89479e-05
1.21541 3.92486e-05 59556 3.92486e-05
1.23005 4.06097e-05 60316 4.06097e-05
1.24487 4.13775e-05 64152 4.13775e-05
1.25995 4.34554e-05 64860 4.34554e-05
1.27496 4.42895e-05 67204 4.42895e-05
1.29008 4.49511e-05 69168 4.49511e-05
1.30561 4.64667e-05 73684 4.64667e-05
1.32148 4.72908e-05 76140 4.72908e-05
1.33731 4.89587e-05 76804 4.89587e-05
1.35304 5.04639e-05 79200 5.04639e-05
1.36931 5.22717e-05 85572 5.22717e-05
1.38597 5.31491e-05 87508 5.31491e-05
1.40251 5.50831e-05 88380 5.50831e-05
1.41927 5.61799e-05 94084 5.61799e-05
1.43629 5.66444e-05 96000 5.66444e-05
1.45349 5.90243e-05 100420 5.90243e-05
1.47092 6.14383e-05 103356 6.14383e-05
1.48857 6.28154e-05 108100 6.28154e-05
1.50651 6.4297e-05 112020 6.4297e-05
1.5246 6.55815e-05 115564 6.55815e-05
1.54296 6.73398e-05 120612 6.73398e-05
1.5614 6.93873e-05 122488 6.93873e-05
1.57996 7.10059e-05 128172 7.10059e-05
1.59904 7.35711e-05 135412 7.35711e-05
1.61841 7.56679e-05 138972 7.56679e-05
1.63786 7.7602e-05 142852 7.7602e-05
1.65727 8.04227e-05 145764 8.04227e-05
1.67716 8.22268e-05 156460 8.22268e-05
1.69752 8.52934e-05 160756 8.52934e-05
1.71789 8.70873e-05 164484 8.70873e-05
1.73855 8.93555e-05 173092 8.93555e-05
1.75938 9.19047e-05 175500 9.19047e-05
1.78034 9.45082e-05 183844 9.45082e-05
1.80163 9.79429e-05 189780 9.79429e-05
1.82321 9.99353e-05 198124 9.99353e-05
1.84528 0.000103866 207796 0.000103866
1.86742 0.000107308 210180 0.000107308
1.88971 0.000110202 219748 0.000110202
1.91235 0.000114749 228220 0.000114749
1.93516 0.000117867 233700 0.000117867
1.95828 0.000122291 245344 0.000122291
1.98195 0.000126383 257748 0.000126383
2.00592 0.000131073 263428 0.000131073
2.02983 0.000135585 269644 0.000135585
2.05418 0.000140419 285732 0.000140419
2.07887 0.00014492 291028 0.00014492
2.10372 0.000150024 303760 0.000150024
2.12915 0.000158228 319492 0.000158228
2.15486 0.000163505 325716 0.000163505
2.18054 0.000169175 334948 0.000169175
2.20649 0.000175456 348220 0.000175456
2.23302 0.000183707 366672 0.000183707
2.25999 0.000191944 378292 0.000191944
2.28711 0.00019852 388708 0.00019852
2.31452 0.000205462 404992 0.000205462
2.3423 0.000217401 419508 0.000217401
2.37031 0.000224736 431236 0.000224736
2.39862 0.00023491 449200 0.00023491
2.42748 0.000244017 470740 0.000244017
2.45668 0.000254697 481588 0.000254697
2.48608 0.000267429 501120 0.000267429
2.5159 0.000278351 519748 0.000278351
2.54615 0.000291301 540448 0.000291301
2.57673 0.000303622 557140 0.000303622
2.60767 0.000318264 580432 0.000318264
2.63893 0.000332999 596740 0.000332999
2.67053 0.000349061 621856 0.000349061
2.70255 0.000364481 643044 0.000364481
2.73501 0.000382061 669280 0.000382061
2.76784 0.000400225 690604 0.000400225
2.80103 0.000420523 717472 0.000420523
2.83468 0.000438497 744640 0.000438497
2.86869 0.000461241 768772 0.000461241
2.90306 0.000487854 797152 0.000487854
2.93788 0.000511781 828064 0.000511781
2.97314 0.000539802 857140 0.000539802
3.00878 0.000568728 886840 0.000568728
3.04485 0.000596394 921760 0.000596394
3.08141 0.000628532 955216 0.000628532
3.11839 0.000665844 989332 0.000665844
3.15587 0.000702013 1028344 0.000702013
3.19377 0.000744757 1062400 0.000744757
3.23206 0.000786619 1099888 0.000786619
3.27078 0.000832905 1139848 0.000832905
3.31006 0.000883956 1187284 0.000883956
3.34977 0.000938664 1221712 0.000938664
3.38996 0.00100129 1275512 0.00100129
3.43072 0.00106355 1318480 0.00106355
3.47187 0.00113545 1363504 0.00113545
3.51352 0.00120913 1416808 0.00120913
3.55566 0.00129615 1463440 0.00129615
3.59831 0.0013894 1522648 0.0013894
3.64146 0.00148644 1571248 0.00148644
3.68509 0.00159858 1631864 0.00159858
3.72935 0.00172243 1696300 0.00172243
3.77412 0.00186293 1751752 0.00186293
3.81939 0.00200861 1819744 0.00200861
3.86521 0.00218014 1881416 0.00218014
3.91154 0.00236989 1950736 0.00236989
3.95847 0.0025788 2025652 0.0025788
4.00597 0.00281585 2095784 0.00281585
4.05405 0.00307648 2177200 0.00307648
4.10276 0.00337136 2255524 0.00337136
4.15198 0.00373493 2332280 0.00373493
4.20175 0.00411939 2418880 0.00411939
4.25218 0.00456894 2511604 0.00456894
4.30322 0.00509347 2597720 0.00509347
4.35482 0.00569279 2694220 0.00569279
4.40705 0.00639369 2790248 0.00639369
4.45993 0.00720836 2897332 0.00720836
4.51349 0.00817174 3002072 0.00817174
4.56763 0.00930295 3104884 0.00930295
4.6224 0.0105283 3222620 0.0105283
4.67785 0.0121119 3338488 0.0121119
4.73396 0.0138029 3459572 0.0138029
4.79079 0.0158277 3593044 0.0158277
4.84827 0.0182099 3712952 0.0182099
4.90642 0.0208994 3856100 0.0208994
4.96533 0.0237736 3996580 0.0237736
5.02487 0.027066 4131572 0.027066
5.0851 0.0307146 4290116 0.0307146
5.14613 0.0345501 4448596 0.0345501
5.20788 0.0386164 4606868 0.0386164
5.27036 0.0427758 4776404 0.0427758
5.33364 36.3602 4957198 36.3602
5.39744 0.0478903 5017400 0.0478903
5.46211 0.0466901 5020760 0.0466901
5.52769 0.0460902 5024576 0.0460902
5.59404 0.0460222 4994552 0.0460222
5.66113 0.0463837 4981072 0.0463837
5.72904 0.0469494 4952864 0.0469494
5.79779 0.0477687 4928072 0.0477687
5.86736 0.0488536 4883144 0.0488536
5.93771 0.0500547 4840328 0.0500547
6.00892 0.0514921 4789256 0.0514921
6.08102 0.0530293 4737248 0.0530293
6.15399 0.0547212 4664408 0.0547212
6.2278 0.056625 4593056 0.056625
6.30252 0.0586426 4510904 0.0586426
6.37813 0.060802 4416728 0.060802
6.45461 0.0632554 4313744 0.0632554
6.53204 0.0656132 4209024 0.0656132
6.6104 0.0684053 4079096 0.0684053
6.68969 0.0711448 3953912 0.0711448
6.76993 0.0741841 3801536 0.0741841
6.85111 0.0776196 3650240 0.0776196
6.93325 0.0805237 3474384 0.0805237
7.01639 0.0835924 3298880 0.0835924
7.10058 0.0862763 3098024 0.0862763
7.18569 0.0883766 2883480 0.0883766
7.27174 0.0894153 2653880 0.0894153
7.35886 0.0900203 2415528 0.0900203
7.44702 0.0903707 2150312 0.0903707
7.53611 0.0918418 1871328 0.0918418
7.62659 267.508 1603046 267.508
7.71818 0.102626 1384644 0.102626
7.81076 0.111259 1198724 0.111259
7.90447 0.122837 1032600 0.122837
7.99927 0.136156 882152 0.136156
8.09511 0.152646 745596 0.152646
8.19203 0.170896 622884 0.170896
8.2901 0.190565 511700 0.190565
8.3894 0.210919 412392 0.210919
8.49004 0.227852 323640 0.227852
8.59152 0.237808 242724 0.237808
8.69409 0.24206 177216 0.24206
8.79786 0.227305 118584 0.227305
8.90093 0.207026 71652 0.207026
9.00404 0.182189 38504 0.182189
9.10719 0.159153 14628 0.159153
9.20136 0.141954 2316 0.141954
9.28665 1.89381e+08 2 1.89381e+08
