# in Mpc/h Units 
# D1 = 0.329158 
# k P N P(z=0)
0.0523599 558.32 6 5153.16
0.074048 927.263 12 8558.42
0.09069 988.779 8 9126.2
0.10472 140.165 6 1293.69
0.11708 609.139 24 5622.21
0.128255 363.372 24 3353.84
0.148096 656.558 12 6059.88
0.15708 279.314 30 2578
0.165576 317.265 24 2928.28
0.173658 278.421 24 2569.76
0.18138 138.971 8 1282.67
0.188786 295.807 24 2730.23
0.195913 228.919 48 2112.87
0.20944 122.822 6 1133.62
0.215885 173.134 48 1597.99
0.222144 179.399 36 1655.81
0.228231 100.762 24 930.011
0.23416 218.108 24 2013.09
0.239943 152.293 48 1405.63
0.24559 170.28 24 1571.65
0.25651 128.506 24 1186.08
0.261799 77.4979 30 715.287
0.266984 115.614 72 1067.09
0.27207 193.74 32 1788.18
0.281967 108.48 72 1001.24
0.286787 127.163 48 1173.68
0.296192 114.569 12 1057.44
0.300785 127.276 48 1174.72
0.305308 121.388 48 1120.38
0.309765 96.2165 48 888.056
0.314159 75.3368 30 695.341
0.318493 102.864 24 949.413
0.322768 97.9288 72 903.86
0.331153 95.0843 24 877.605
0.335267 71.7922 96 662.625
0.339331 105.473 48 973.492
0.343347 87.5591 24 808.15
0.347316 87.2958 24 805.72
0.351241 68.3771 72 631.104
0.355122 58.896 48 543.596
0.36276 128.686 8 1187.74
0.366519 99.7553 54 920.717
0.37024 64.5609 84 595.882
0.373924 65.0572 48 600.463
0.377572 71.1142 24 656.367
0.381186 60.9497 72 562.551
0.384765 83.432 96 770.058
0.391825 65.8359 48 607.65
0.395308 55.8574 48 515.551
0.398761 73.9512 24 682.552
0.402184 61.1947 72 564.812
0.408944 65.2631 72 602.363
0.412282 58.3165 96 538.248
0.418879 10.0765 6 93.0041
0.422139 55.9758 96 516.643
0.425374 67.0718 96 619.057
0.428584 45.596 24 420.841
0.431771 39.1496 48 361.342
0.434934 55.8737 96 515.701
0.438074 60.53 48 558.678
0.444288 60.915 36 562.231
0.447363 43.1201 48 397.988
0.450417 49.9385 120 460.92
0.45345 44.7027 56 412.595
0.456463 40.2441 24 371.444
0.459456 47.1666 96 435.336
0.46243 48.8439 48 450.818
0.468321 33.9121 24 313.001
0.471239 35.5964 102 328.546
0.475868 34.7661 120 320.883
0.479886 66.6746 48 615.39
0.482734 31.6291 48 291.929
0.485566 32.9102 120 303.753
0.491179 41.6806 24 384.702
0.493962 41.2341 144 380.581
0.497516 27.8416 168 256.971
0.50494 48.5899 48 448.473
0.507648 37.0186 96 341.673
0.51302 54.9196 24 506.894
0.515685 45.9151 48 423.786
0.518336 42.9398 108 396.324
0.520974 28.1059 72 259.41
0.525815 42.1341 198 388.888
0.528809 31.3594 48 289.44
0.533968 31.137 72 287.387
0.536529 33.9325 96 313.189
0.539078 44.2219 72 408.157
0.542392 29.4315 104 271.646
0.546653 30.3058 72 279.716
0.549155 33.4364 144 308.61
0.557822 32.2017 192 297.214
0.561497 29.211 48 269.61
0.565449 36.0394 192 332.635
0.568774 27.2551 72 251.558
0.573574 37.6757 48 347.738
0.575959 39.0687 78 360.595
0.57901 32.9303 168 303.939
0.585401 30.5344 144 281.826
0.587738 25.7276 144 237.46
0.592384 18.7803 12 173.338
0.595269 31.7327 192 292.885
0.599938 28.1095 168 259.444
0.603844 31.1109 48 287.147
0.606109 29.8591 168 275.593
0.61211 31.4075 144 289.884
0.616043 27.31 168 252.064
0.621003 25.5078 144 235.431
0.62394 28.0284 48 258.696
0.628319 22.2562 30 205.419
0.631943 23.419 288 216.152
0.635476 23.4722 80 216.642
0.640026 23.5435 288 217.301
0.645536 18.3878 72 169.715
0.648501 21.5456 240 198.861
0.651875 24.428 96 225.465
0.657259 27.127 168 250.376
0.664143 22.513 216 207.79
0.666806 28.0157 132 258.578
0.671554 24.5202 192 226.316
0.67461 20.9767 120 193.61
0.67991 20.3004 126 187.368
0.683858 20.4738 288 188.968
0.689604 22.0465 312 203.484
0.694632 19.4978 24 179.96
0.699101 24.1622 264 223.011
0.703699 19.8984 192 183.657
0.707341 23.1296 192 213.481
0.712995 20.9629 336 193.483
0.716011 18.6471 48 172.109
0.72021 21.1984 240 195.656
0.728882 19.621 296 181.097
0.73184 23.6817 150 218.576
0.735837 18.8889 240 174.34
0.741648 24.3072 228 224.35
0.745808 20.2535 216 186.935
0.750984 17.7927 336 164.222
0.757319 17.8488 360 164.74
0.761471 19.5495 144 180.437
0.764935 20.4772 168 189
0.771444 18.1622 312 167.633
0.777209 18.3322 288 169.202
0.781021 18.7625 192 173.174
0.786997 15.9702 366 147.401
0.793162 15.696 408 144.87
0.798994 14.0946 168 130.089
0.801928 19.719 336 182.001
0.80675 14.5795 240 134.566
0.81435 15.928 380 147.012
0.819874 14.7526 384 136.163
0.825561 15.3679 240 141.842
0.829315 13.606 360 125.58
0.834578 13.3679 198 123.383
0.840616 15.3317 384 141.508
0.845798 16.6416 384 153.598
0.852892 13.5402 432 124.973
0.858982 15.0288 528 138.712
0.865654 15.4156 288 142.282
0.869604 14.428 288 133.167
0.875816 13.5437 456 125.005
0.882071 15.0306 360 138.729
0.886104 14.282 180 131.819
0.89194 14.4417 486 133.294
0.897856 13.6934 504 126.387
0.904202 12.854 512 118.639
0.909643 14.6969 264 135.649
0.916102 13.1515 600 121.386
0.921642 12.6206 288 116.485
0.928714 13.0629 672 120.567
0.936467 13.7693 408 127.087
0.942098 12.1906 462 112.516
0.947697 11.7038 600 108.023
0.95445 13.7451 504 126.864
0.96178 12.4753 324 115.144
0.966657 12.789 744 118.04
0.973282 10.8851 456 100.467
0.979174 13.7217 432 126.648
0.98607 12.2645 720 113.198
0.994526 11.6184 534 107.236
1.00005 12.2444 536 113.013
1.00695 12.8522 624 118.623
1.01254 11.3327 600 104.598
1.01915 11.231 696 103.659
1.02716 11.0082 456 101.604
1.03311 10.5776 732 97.629
1.04021 11.7428 600 108.383
1.04746 9.83328 702 90.7589
1.05386 11.0285 672 101.791
1.06134 9.54955 768 88.1401
1.06878 10.2411 768 94.5233
1.07508 10.1122 408 93.3328
1.08188 10.3388 1080 95.425
1.09086 9.92019 632 91.561
1.09724 9.99721 750 92.2719
1.10427 9.61456 696 88.7401
1.11146 9.48531 876 87.5472
1.11946 9.84739 864 90.8891
1.12585 10.2647 768 94.7407
1.13353 8.9407 888 82.5205
1.14144 9.85414 816 90.9514
1.14947 8.92128 654 82.3413
1.15655 8.99465 1296 83.0185
1.16466 8.31997 816 76.7913
1.17201 9.37024 816 86.4851
1.17979 9.01387 1088 83.1959
1.18868 8.1971 1020 75.6573
1.19695 7.89336 1032 72.8539
1.2048 8.71819 942 80.4668
1.21235 8.01665 1032 73.9918
1.22125 7.74488 1128 71.4834
1.22758 7.84136 888 72.3739
1.23587 8.24714 1176 76.1192
1.24422 8.45291 960 78.0184
1.25132 7.9572 1110 73.4431
1.26083 7.72715 1116 71.3198
1.26841 7.68755 1352 70.9542
1.27694 7.51507 1200 69.3624
1.28569 8.13756 1224 75.1078
1.29494 7.13239 1320 65.8303
1.30323 7.33308 1128 67.6826
1.31205 7.32191 1518 67.5795
1.31993 6.92612 1080 63.9264
1.32925 7.05217 1524 65.0899
1.33806 7.25384 1416 66.9512
1.34776 7.24358 1704 66.8566
1.3575 6.86339 1088 63.3475
1.36503 7.20064 1446 66.4603
1.37457 6.7664 1800 62.4522
1.38423 6.68097 1512 61.6638
1.39292 6.73537 1392 62.1659
1.40119 6.02852 1392 55.6418
1.41152 6.41019 1962 59.1646
1.42148 6.37163 1776 58.8086
1.4311 6.52334 1680 60.2089
1.44075 6.24173 1776 57.6097
1.4503 6.26429 1544 57.818
1.45906 5.78007 1896 53.3487
1.46881 5.71353 1662 52.7345
1.47857 6.20041 1908 57.2283
1.48825 5.93423 2184 54.7715
1.49906 5.97452 1848 55.1434
1.50823 5.51526 1848 50.9045
1.51928 5.72779 2238 52.8662
1.52892 5.78007 2088 53.3487
1.53945 5.86566 2192 54.1386
1.54826 5.58835 1536 51.5792
1.55799 5.43088 2412 50.1258
1.56909 5.55706 2262 51.2904
1.57956 5.59832 2448 51.6712
1.58993 5.38624 2040 49.7137
1.60098 5.17225 2976 47.7387
1.61239 5.09824 2184 47.0555
1.62326 5.22034 2550 48.1825
1.63365 5.24734 2396 48.4317
1.64411 5.26783 2760 48.6209
1.65507 4.87627 2424 45.0068
1.66671 4.98701 2832 46.0289
1.67729 5.16141 2574 47.6386
1.68865 4.89011 3024 45.1345
1.69926 4.83147 2484 44.5933
1.71073 4.75201 3168 43.8599
1.72232 4.68106 2894 43.2051
1.73367 4.85687 2856 44.8277
1.74507 4.72714 3384 43.6304
1.75738 4.78572 3240 44.1711
1.76843 4.34019 2856 40.0589
1.78079 4.55348 3474 42.0276
1.79234 4.50485 3432 41.5787
1.80467 4.41444 3552 40.7443
1.81741 4.33406 3560 40.0023
1.82908 4.22771 3270 39.0208
1.84056 4.29097 3552 39.6047
1.85297 4.19484 3780 38.7174
1.86529 4.37406 3960 40.3715
1.87828 4.21329 3696 38.8876
1.89033 4.13227 3726 38.1399
1.90289 4.16758 4376 38.4658
1.91524 4.09904 3648 37.8332
1.92801 4.07942 4332 37.652
1.94114 3.99914 4254 36.9111
1.95358 3.9498 4296 36.4557
1.96683 4.07885 4320 37.6468
1.97893 3.72744 4368 34.4034
1.99314 3.74341 4826 34.5508
2.00669 3.79698 5016 35.0452
2.02001 3.84706 4608 35.5074
2.03371 3.73584 4824 34.4809
2.0469 3.68412 4950 34.0035
2.06043 3.54122 5232 32.6846
2.07427 3.67048 4980 33.8777
2.0873 3.68353 4838 33.9981
2.10142 3.67714 6024 33.9391
2.1162 3.54666 5520 32.7349
2.12987 3.4917 5400 32.2276
2.14398 3.47169 5538 32.0428
2.15842 3.42689 6456 31.6294
2.17295 3.51435 5504 32.4366
2.18708 3.2433 6168 29.9349
2.2017 3.40328 5910 31.4114
2.21574 3.2858 6372 30.3271
2.23088 3.25862 6768 30.0763
2.246 3.19393 6294 29.4793
2.26057 3.23077 6656 29.8193
2.27558 3.17686 7224 29.3217
2.29128 3.15974 6708 29.1637
2.30663 3.14645 7566 29.041
2.32238 3.09783 7416 28.5923
2.33773 2.93142 6984 27.0563
2.35249 2.97426 7310 27.4517
2.36851 3.01945 8148 27.8688
2.38413 3.0172 7632 27.848
2.40004 3.00756 8088 27.7591
2.41649 2.9189 8478 26.9407
2.43227 2.87103 8112 26.4989
2.44806 2.91186 8108 26.8758
2.46464 2.82099 9510 26.037
2.48167 2.73157 8472 25.2117
2.4972 2.78609 8832 25.7149
2.51377 2.67228 8898 24.6645
2.5304 2.73288 10008 25.2239
2.54769 2.60153 9392 24.0115
2.56498 2.72374 10206 25.1394
2.58178 2.67356 9528 24.6763
2.59871 2.66049 10236 24.5557
2.61602 2.64229 10398 24.3877
2.63365 2.58661 10784 23.8738
2.6509 2.53215 10584 23.3711
2.66899 2.5895 11346 23.9005
2.68677 2.44339 11400 22.5519
2.70438 2.53332 11016 23.382
2.72238 2.5053 11870 23.1234
2.74093 2.45779 12516 22.6848
2.75923 2.45414 11880 22.6512
2.77729 2.39924 11886 22.1444
2.79526 2.40495 13104 22.1971
2.81432 2.3533 12764 21.7204
2.833 2.36195 13446 21.8002
2.85202 2.2972 13464 21.2026
2.87073 2.28153 13398 21.058
2.89013 2.28332 14628 21.0745
2.90936 2.24534 14024 20.7239
2.92925 2.2851 15054 21.0909
2.94838 2.23766 14496 20.653
2.96782 2.19357 15012 20.2461
2.98749 2.189 15422 20.204
3.00704 2.15506 15624 19.8907
3.02719 2.17465 16146 20.0715
3.04759 2.11872 17064 19.5553
3.06788 2.09383 16152 19.3256
3.08831 2.0969 17510 19.3539
3.10884 2.07654 17172 19.166
3.12935 2.05133 17880 18.9333
3.15034 2.02132 18030 18.6563
3.17113 2.03111 18680 18.7467
3.19265 2.01357 19170 18.5847
3.21364 2.00178 18720 18.4759
3.23467 1.94916 19536 17.9903
3.25676 1.9619 20954 18.1079
3.27858 1.93434 20328 17.8535
3.3005 1.90393 20718 17.5728
3.32227 1.89744 21348 17.5129
3.34438 1.87268 21534 17.2844
3.36657 1.84816 22256 17.0581
3.38869 1.83129 22104 16.9024
3.41124 1.81181 23178 16.7226
3.43406 1.82089 23880 16.8063
3.45721 1.80522 24230 16.6617
3.48034 1.79677 24468 16.5838
3.50366 1.78695 25230 16.4931
3.5269 1.74666 25328 16.1212
3.5504 1.75046 25818 16.1563
3.57388 1.75454 26616 16.194
3.59743 1.72286 26376 15.9016
3.62141 1.70084 28034 15.6983
3.64536 1.68881 27816 15.5873
3.66958 1.62628 28398 15.0102
3.69387 1.67494 29652 15.4593
3.71882 1.65145 30134 15.2425
3.74375 1.64459 30792 15.1792
3.76897 1.60623 31218 14.8251
3.79359 1.60296 30912 14.7949
3.81905 1.59116 33158 14.686
3.84456 1.56585 32772 14.4524
3.86994 1.5467 33150 14.2757
3.89542 1.52225 34256 14.05
3.92167 1.52213 35562 14.0489
3.9475 1.50702 34992 13.9094
3.97388 1.5044 37158 13.8853
4.00046 1.50111 36956 13.8549
4.0271 1.46993 37950 13.5671
4.05369 1.4678 38496 13.5475
4.08104 1.44402 40274 13.3279
4.10806 1.43269 39264 13.2234
4.13528 1.44014 41466 13.2922
4.16281 1.43972 41960 13.2882
4.19067 1.40148 42702 12.9353
4.2184 1.4035 43356 12.954
4.24659 1.36747 44886 12.6214
4.27484 1.37078 45248 12.652
4.30338 1.36687 46362 12.6159
4.33198 1.34441 46974 12.4086
4.36071 1.33719 48236 12.3419
4.3897 1.33201 48774 12.2942
4.4189 1.3064 50616 12.0578
4.44852 1.29803 51050 11.9805
4.4781 1.29161 52272 11.9212
4.50814 1.28145 53658 11.8275
4.53768 1.28261 52640 11.8382
4.56805 1.26558 57366 11.681
4.59871 1.2414 55170 11.4579
4.62914 1.232 58544 11.3711
4.66021 1.22049 58506 11.2649
4.69082 1.21069 58968 11.1744
4.72214 1.19834 62366 11.0604
4.75359 1.19538 61266 11.033
4.785 1.1805 63960 10.8957
4.81697 1.17691 64730 10.8626
4.84894 1.15918 66360 10.699
4.88139 1.15543 67778 10.6644
4.91407 1.13954 69558 10.5176
4.94671 1.12662 69660 10.3984
4.97947 1.12145 71390 10.3507
5.01272 1.11148 73974 10.2587
5.04614 1.11055 74196 10.2502
5.07982 1.10661 76622 10.2137
5.11321 1.09283 75516 10.0866
5.14731 1.06836 81510 9.86076
5.18198 1.07168 80138 9.89134
5.21624 1.05467 82368 9.73435
5.25098 1.04402 84098 9.63602
5.28607 1.03688 86286 9.57016
5.32112 1.0308 86700 9.51405
5.35657 1.03019 90014 9.50841
5.39237 1.02173 90930 9.43034
5.42797 1.00508 91694 9.27664
5.46416 0.984774 96228 9.08923
5.5009 0.999121 97014 9.22165
5.53734 0.977191 97370 9.01925
5.57394 0.974047 100656 8.99022
5.61112 0.964232 102530 8.89963
5.64841 0.961735 104454 8.87658
5.68598 0.949532 107196 8.76395
5.72422 0.933294 110414 8.61408
5.76233 0.932883 109578 8.61029
5.80067 0.919674 114974 8.48837
5.83932 0.917681 114396 8.46998
5.87805 0.915263 118190 8.44766
5.91726 0.907733 120498 8.37817
5.95666 0.898638 122718 8.29422
5.99617 0.881968 124604 8.14035
6.03605 0.871637 127950 8.045
6.07637 0.871032 130826 8.03942
6.11683 0.860618 132510 7.9433
6.15724 0.850288 134180 7.84795
6.19831 0.853636 140214 7.87886
6.23974 0.83947 140018 7.74811
6.28136 0.836143 145650 7.71741
6.32317 0.822519 145350 7.59166
6.3651 0.812296 150188 7.4973
6.40747 0.812153 152214 7.49598
6.45023 0.803324 157226 7.41449
6.49325 0.79674 158118 7.35373
6.53637 0.789156 162338 7.28372
6.57987 0.782143 165378 7.219
6.62371 0.774836 169256 7.15155
6.66769 0.767879 170682 7.08734
6.71213 0.754121 177566 6.96036
6.75715 0.755754 179610 6.97543
6.80213 0.74593 182690 6.88476
6.8473 0.744455 185694 6.87114
6.8928 0.731592 190346 6.75242
6.93857 0.732122 192852 6.75732
6.98472 0.722672 198806 6.67009
7.03127 0.716574 201378 6.61381
7.07818 0.710893 207446 6.56138
7.12517 0.703151 207258 6.48992
7.17243 0.697569 215762 6.43839
7.22044 0.692693 219702 6.39339
7.26849 0.687503 221522 6.34549
7.31672 0.677548 227754 6.25361
7.3654 0.673307 231710 6.21447
7.41433 0.667265 235994 6.1587
7.4637 0.657609 242346 6.06957
7.51349 0.652942 246704 6.0265
7.56347 0.64699 250410 5.97156
7.61393 0.643677 258410 5.94099
7.66479 0.632418 261414 5.83707
7.71574 0.62948 265874 5.80995
7.76711 0.623817 273450 5.75768
7.81889 0.618803 276974 5.71141
7.87101 0.613067 284402 5.65846
7.92338 0.606064 287754 5.59383
7.97606 0.600704 295010 5.54436
8.0293 0.597754 302142 5.51713
8.08275 0.588838 304946 5.43484
8.13628 0.583877 311642 5.38905
8.19037 0.579787 319326 5.3513
8.24475 0.572928 323618 5.28799
8.29961 0.567584 333744 5.23866
8.35495 0.558948 337970 5.15896
8.41075 0.559888 348758 5.16763
8.46683 0.553262 350346 5.10647
8.52295 0.544272 358778 5.0235
8.57991 0.540874 370578 4.99214
8.63732 0.534794 374258 4.93602
8.69471 0.532024 380558 4.91046
8.75245 0.52474 388434 4.84323
8.81071 0.519387 398522 4.79382
8.8694 0.515388 404042 4.75691
8.92825 0.509674 412164 4.70417
8.98764 0.505665 422258 4.66716
9.04755 0.500015 430754 4.61502
9.10782 0.494307 438906 4.56233
9.16841 0.489761 446738 4.52038
9.22955 0.484194 459098 4.46899
9.29099 0.480146 463380 4.43163
9.35274 0.474678 476138 4.38116
9.41504 0.471349 484322 4.35044
9.47775 0.469017 495738 4.32892
9.54092 0.463872 504266 4.28143
9.60451 0.457848 515696 4.22582
9.66826 0.452343 520974 4.17502
9.73246 0.446047 536882 4.1169
9.79738 0.444189 546818 4.09976
9.86258 0.440695 556178 4.06751
9.92813 0.435528 567672 4.01982
9.99431 0.43222 582314 3.98929
10.0611 0.426333 593138 3.93495
10.128 0.424227 600920 3.91551
10.1952 0.416994 614274 3.84876
10.2631 0.414034 630050 3.82144
10.3315 0.411732 638678 3.80019
10.4002 0.406111 653984 3.7483
10.4696 0.401431 669618 3.70511
10.5393 0.398908 676922 3.68183
10.6093 0.393103 692552 3.62825
10.6799 0.390348 709178 3.60282
10.7511 0.385201 721416 3.55531
10.8226 0.381798 735698 3.52391
10.8947 0.377587 752546 3.48503
10.9672 0.3738 763760 3.45009
11.0401 0.36973 782498 3.41252
11.1137 0.36648 797178 3.38253
11.1877 0.362537 814976 3.34613
11.2623 0.358768 831266 3.31135
11.3374 0.355649 845696 3.28256
11.4126 0.352395 860234 3.25253
11.4886 0.348856 883928 3.21986
11.5652 0.346084 898338 3.19427
11.6423 0.342037 917576 3.15692
11.7197 0.33773 933194 3.11717
11.7976 0.335059 952736 3.09252
11.8762 0.330844 974522 3.05361
11.9552 0.326943 990032 3.0176
12.0348 0.324462 1013438 2.99471
12.1149 0.32091 1031168 2.96192
12.1955 0.318463 1055610 2.93934
12.2768 0.314105 1074440 2.89912
12.3584 0.310992 1095146 2.87038
12.4407 0.308127 1119584 2.84394
12.5236 0.305078 1141922 2.8158
12.6069 0.302282 1160216 2.78999
12.6907 0.298466 1185992 2.75477
12.7753 0.294892 1215422 2.72179
12.8604 0.291649 1235072 2.69185
12.946 0.289447 1259024 2.67153
13.0322 0.285903 1286210 2.63882
13.1189 0.282961 1310960 2.61166
13.2063 0.28059 1338056 2.58978
13.2942 0.276953 1364966 2.55621
13.3827 0.274214 1391768 2.53093
13.4718 0.271167 1420448 2.50281
13.5615 0.268645 1448858 2.47953
13.6518 0.265482 1477952 2.45033
13.7426 0.262409 1506308 2.42197
13.8341 0.260058 1538144 2.40027
13.9261 0.257406 1567562 2.3758
14.0187 0.254456 1596704 2.34857
14.112 0.251289 1635572 2.31934
14.2061 0.249088 1666520 2.29902
14.3007 0.246468 1699304 2.27485
14.396 0.243676 1734278 2.24907
14.4918 0.241075 1764392 2.22506
14.5882 0.238791 1804904 2.20398
14.6854 0.2365 1841024 2.18284
14.7831 0.233171 1873820 2.15211
14.8815 0.230824 1913600 2.13045
14.9805 0.228666 1952864 2.11054
15.0803 0.225814 1994966 2.08421
15.1808 0.223661 2032160 2.06434
15.2818 0.221392 2070124 2.04339
15.3835 0.21897 2117456 2.02104
15.486 0.21656 2156600 1.9988
15.5891 0.214341 2200316 1.97832
15.6929 0.212012 2247272 1.95682
15.7974 0.21048 2287460 1.94269
15.9025 0.20798 2335424 1.91961
16.0083 0.205861 2383216 1.90005
16.1149 0.203621 2430548 1.87937
16.2221 0.201409 2474288 1.85896
16.3301 0.199234 2533724 1.83889
16.4388 0.196844 2578544 1.81682
16.5483 0.194789 2634154 1.79786
16.6585 0.193071 2685200 1.782
16.7694 0.190932 2740268 1.76225
16.881 0.188945 2791568 1.74392
16.9934 0.186807 2854940 1.72418
17.1066 0.184804 2904208 1.7057
17.2204 0.183052 2965964 1.68953
17.335 0.180902 3022550 1.66968
17.4504 0.179007 3089068 1.6522
17.5666 0.177159 3148604 1.63514
17.6835 0.175374 3210680 1.61866
17.8012 0.174055 3275210 1.60648
17.9197 0.17203 3346312 1.5878
18.0391 0.170193 3408932 1.57085
18.1591 0.168235 3475196 1.55277
18.28 0.166448 3550342 1.53628
18.4017 0.164884 3618788 1.52184
18.5242 0.163175 3690872 1.50606
18.6475 0.161627 3765538 1.49178
18.7716 0.159741 3838964 1.47437
18.8965 0.158289 3920362 1.46097
19.0224 0.156752 4000832 1.44678
19.149 0.155031 4077428 1.4309
19.2765 0.153645 4160626 1.41811
19.4048 0.151844 4243208 1.40148
19.5341 0.15045 4335538 1.38862
19.6642 0.149067 4413500 1.37585
19.795 0.147384 4505450 1.36032
19.9268 0.145791 4596040 1.34562
20.0594 0.144638 4684418 1.33498
20.1929 0.143432 4784836 1.32384
20.3274 0.141991 4877354 1.31055
20.4627 0.14051 4975786 1.29687
20.5989 0.139278 5078756 1.28551
20.736 0.137866 5177662 1.27247
20.874 0.136696 5280932 1.26167
21.013 0.13547 5391274 1.25036
21.153 0.134195 5500906 1.23859
21.2938 0.133057 5604530 1.22809
21.4354 0.131687 5715700 1.21544
21.5782 0.130614 5842058 1.20554
21.7219 0.1295 5955226 1.19526
21.8664 0.12843 6063770 1.18537
22.012 0.127415 6202156 1.17601
22.1586 0.126137 6320530 1.16422
22.3061 0.125218 6442874 1.15573
22.4546 0.124397 6578986 1.14815
22.6041 0.123541 6707818 1.14025
22.7545 0.122617 6838082 1.13173
22.906 0.121752 6987316 1.12374
23.0585 0.120934 7117018 1.11619
23.2119 0.120308 7259306 1.11041
23.3665 0.11932 7415650 1.1013
23.5221 0.118662 7558810 1.09523
23.6787 0.117881 7716338 1.08802
23.8363 0.117192 7860058 1.08165
23.9949 0.116681 8022286 1.07694
24.1547 0.115936 8191498 1.07006
24.3155 0.115431 8341402 1.0654
24.4773 0.114889 8524784 1.06039
24.6403 0.114517 8686018 1.05697
24.8043 0.114168 8865142 1.05375
24.9694 0.113729 9040714 1.0497
25.1357 0.113495 9225754 1.04753
25.303 0.113355 9409058 1.04624
25.4715 0.113064 9599212 1.04355
25.641 0.11306 9792874 1.04351
25.8118 0.112962 9989362 1.04262
25.9836 0.113142 10185502 1.04428
26.1565 0.113104 10394392 1.04392
26.3307 0.11318 10607554 1.04463
26.506 0.113483 10813990 1.04742
26.6824 0.113873 11029240 1.05102
26.8598 0.113816 11191111 1.0505
27.0386 0.112984 11185948 1.04281
27.2186 0.11225 11191384 1.03604
27.3998 0.111412 11166280 1.0283
27.5821 0.110727 11162812 1.02198
27.7658 0.110126 11148064 1.01644
27.9506 0.109411 11122480 1.00984
28.1366 0.10863 11104984 1.00263
28.3239 0.108077 11085376 0.997525
28.5125 0.107365 11049712 0.990951
28.7023 0.106768 11013328 0.985439
28.8933 0.106139 10970140 0.979642
29.0857 0.105625 10943872 0.974893
29.2794 0.105043 10885456 0.969518
29.4742 0.104604 10833720 0.965473
29.6704 0.104146 10777816 0.961244
29.8679 0.10367 10724320 0.95685
30.0668 0.103321 10657576 0.953626
30.2669 0.103012 10579924 0.95078
30.4684 0.10268 10508784 0.947708
30.6712 0.102404 10422700 0.945169
30.8754 0.102182 10345720 0.943116
31.081 0.101838 10248148 0.939938
31.2878 0.101802 10144776 0.939613
31.4961 0.101583 10050904 0.937591
31.7058 0.10153 9924772 0.937096
31.9167 0.101436 9816636 0.936233
32.1292 0.101482 9692764 0.936655
32.3431 0.101548 9567688 0.937262
32.5585 0.101574 9424104 0.937507
32.7752 0.101792 9278716 0.939514
32.9933 0.102022 9127788 0.94164
33.2129 0.102182 8968792 0.943113
33.434 0.102632 8801068 0.947269
33.6565 0.102941 8626764 0.950123
33.8806 0.103398 8444740 0.954339
34.1061 0.103921 8248812 0.959163
34.3331 0.104544 8050900 0.964917
34.5617 0.105186 7840044 0.970837
34.7917 0.106019 7621816 0.978528
35.0232 0.106876 7391184 0.986437
35.2564 0.107822 7158996 0.995172
35.491 0.108806 6904924 1.00425
35.7272 0.109881 6649248 1.01417
35.965 0.111026 6384676 1.02474
36.2044 0.112049 6098844 1.03419
36.4453 0.113292 5811012 1.04566
36.6878 0.114403 5508112 1.05591
36.9319 0.115536 5195916 1.06637
37.1776 0.116351 4872228 1.07389
37.425 0.116794 4531392 1.07798
37.6739 0.11668 4181068 1.07693
37.9246 0.116219 3827115 1.07268
38.1772 0.115746 3511752 1.06831
38.4314 0.115836 3240696 1.06914
38.6872 0.116173 2990682 1.07225
38.9448 0.11679 2763190 1.07795
39.2041 0.117693 2544444 1.08628
39.465 0.118945 2340936 1.09783
39.7277 0.12011 2149530 1.10859
39.9921 0.121591 1967724 1.12226
40.2582 0.123344 1794918 1.13844
40.5261 0.124913 1632468 1.15292
40.7957 0.127146 1477728 1.17352
41.0671 0.130323 1333008 1.20285
41.3404 0.133035 1194306 1.22788
41.6155 0.136374 1064754 1.2587
41.8925 0.139535 941964 1.28788
42.1712 0.144215 826020 1.33107
42.4515 0.148423 718284 1.36991
42.7339 0.153299 619944 1.41492
43.0181 0.159014 524820 1.46766
43.3041 0.164967 441182 1.52261
43.5916 0.171929 360702 1.58687
43.8811 0.179827 292782 1.65976
44.1732 0.18982 228006 1.75199
44.4652 0.199021 171158 1.83692
44.7587 0.210233 124494 1.9404
45.0552 0.221947 84168 2.04852
45.3521 0.23918 51006 2.20758
45.6466 0.252499 26360 2.3305
45.9351 0.275151 9960 2.53958
46.1972 0.295525 1561 2.72763
