# in Mpc/h Units 
# D1 = 0.405586 
# k P N P(z=0)
0.0523599 847.774 6 5153.63
0.074048 1404.11 12 8535.63
0.09069 1483.58 8 9018.7
0.10472 206.915 6 1257.84
0.11708 920.802 24 5597.57
0.128255 557.971 24 3391.92
0.148096 986.733 12 5998.37
0.15708 424.592 30 2581.1
0.165576 480.015 24 2918.02
0.173658 411.252 24 2500.01
0.18138 226.757 8 1378.46
0.188786 451.372 24 2743.9
0.195913 345.184 48 2098.38
0.20944 204.285 6 1241.85
0.215885 263.034 48 1598.99
0.222144 280.068 36 1702.54
0.228231 160.619 24 976.405
0.23416 340.231 24 2068.27
0.239943 247.814 48 1506.47
0.24559 261.332 24 1588.64
0.25651 193.968 24 1179.14
0.261799 117.926 30 716.874
0.266984 181.451 72 1103.05
0.27207 300.991 32 1829.73
0.281967 165.299 72 1004.86
0.286787 195.899 48 1190.87
0.296192 195.672 12 1189.49
0.300785 196.209 48 1192.76
0.305308 198.645 48 1207.57
0.309765 151.468 48 920.777
0.314159 120.304 30 731.332
0.318493 158.384 24 962.822
0.322768 154.691 72 940.372
0.331153 151.999 24 924.003
0.335267 112.477 96 683.751
0.339331 165.905 48 1008.54
0.343347 136.368 24 828.984
0.347316 135.302 24 822.504
0.351241 106.187 72 645.514
0.355122 94.6587 48 575.432
0.36276 196.147 8 1192.38
0.366519 154.115 54 936.867
0.37024 96.4672 84 586.426
0.373924 102.163 48 621.051
0.377572 112.347 24 682.958
0.381186 99.8916 72 607.243
0.384765 130.539 96 793.546
0.391825 107.753 48 655.033
0.395308 88.3515 48 537.091
0.398761 115.432 24 701.712
0.402184 102.169 72 621.086
0.408944 108.748 72 661.084
0.412282 90.0552 96 547.448
0.418879 16.0014 6 97.2726
0.422139 97.4142 96 592.183
0.425374 110.513 96 671.813
0.428584 79.7866 24 485.024
0.431771 62.4961 48 379.915
0.434934 91.2761 96 554.869
0.438074 101.743 48 618.496
0.444288 102.067 36 620.47
0.447363 77.6409 48 471.981
0.450417 83.2417 120 506.028
0.45345 74.5669 56 453.294
0.456463 61.2194 24 372.154
0.459456 78.3186 96 476.101
0.46243 80.8024 48 491.2
0.468321 59.818 24 363.635
0.471239 57.922 102 352.109
0.475868 55.2446 120 335.833
0.479886 111.581 48 678.304
0.482734 52.1632 48 317.101
0.485566 53.7394 120 326.683
0.491179 64.757 24 393.659
0.493962 63.8258 144 387.998
0.497516 44.3853 168 269.819
0.50494 84.4823 48 513.57
0.507648 65.4336 96 397.772
0.51302 91.5219 24 556.364
0.515685 74.7771 48 454.572
0.518336 75.664 108 459.963
0.520974 48.9945 72 297.839
0.525815 70.2069 198 426.789
0.528809 48.9954 48 297.844
0.533968 52.8338 72 321.178
0.536529 58.6689 96 356.65
0.539078 70.9538 72 431.329
0.542392 49.9557 104 303.682
0.546653 48.3504 72 293.923
0.549155 59.2372 144 360.104
0.557822 55.7244 192 338.75
0.561497 50.9071 48 309.465
0.565449 60.1066 192 365.389
0.568774 42.8794 72 260.665
0.573574 64.3076 48 390.927
0.575959 66.1809 78 402.315
0.57901 57.2219 168 347.853
0.585401 51.4387 144 312.697
0.587738 42.3879 144 257.677
0.592384 41.5322 12 252.475
0.595269 53.5536 192 325.553
0.599938 44.4885 168 270.447
0.603844 53.5729 48 325.671
0.606109 52.6717 168 320.193
0.61211 51.2922 144 311.807
0.616043 45.5812 168 277.089
0.621003 45.4506 144 276.295
0.62394 45.0917 48 274.113
0.628319 42.5987 30 258.959
0.631943 39.7955 288 241.918
0.635476 37.714 80 229.264
0.640026 39.9393 288 242.792
0.645536 35.0586 72 213.122
0.648501 36.4951 240 221.855
0.651875 45.3626 96 275.76
0.657259 46.1771 168 280.711
0.664143 38.6469 216 234.935
0.666806 47.8645 132 290.969
0.671554 40.5265 192 246.361
0.67461 35.7094 120 217.078
0.67991 34.3104 126 208.574
0.683858 33.5865 288 204.173
0.689604 38.0442 312 231.271
0.694632 33.3007 24 202.436
0.699101 41.6072 264 252.931
0.703699 35.5308 192 215.992
0.707341 38.6984 192 235.248
0.712995 35.4761 336 215.66
0.716011 29.3508 48 178.424
0.72021 37.4493 240 227.655
0.728882 36.6511 296 222.803
0.73184 41.6439 150 253.154
0.735837 32.3207 240 196.478
0.741648 40.2191 228 244.493
0.745808 34.7856 216 211.463
0.750984 32.1061 336 195.174
0.757319 31.6969 360 192.686
0.761471 36.1222 144 219.588
0.764935 36.3983 168 221.266
0.771444 32.8251 312 199.545
0.777209 33.9788 288 206.558
0.781021 34.3872 192 209.04
0.786997 28.8187 366 175.19
0.793162 28.3986 408 172.636
0.798994 27.0026 168 164.15
0.801928 33.3734 336 202.877
0.80675 24.9494 240 151.668
0.81435 28.0161 380 170.31
0.819874 26.779 384 162.79
0.825561 26.2249 240 159.421
0.829315 24.4966 360 148.915
0.834578 24.6614 198 149.917
0.840616 26.9309 384 163.713
0.845798 30.3371 384 184.42
0.852892 25.3989 432 154.401
0.858982 25.8692 528 157.259
0.865654 27.2644 288 165.741
0.869604 27.3895 288 166.501
0.875816 24.7003 456 150.153
0.882071 25.4821 360 154.906
0.886104 23.8064 180 144.72
0.89194 25.3535 486 154.124
0.897856 25.6983 504 156.22
0.904202 24.2816 512 147.608
0.909643 26.8697 264 163.342
0.916102 25.4195 600 154.526
0.921642 21.5557 288 131.038
0.928714 23.5874 672 143.388
0.936467 25.5783 408 155.491
0.942098 22.0779 462 134.212
0.947697 20.8916 600 127.001
0.95445 24.7512 504 150.463
0.96178 22.4697 324 136.594
0.966657 23.0785 744 140.295
0.973282 19.5573 456 118.889
0.979174 24.283 432 147.617
0.98607 21.184 720 128.778
0.994526 20.637 534 125.453
1.00005 22.4018 536 136.181
1.00695 24.3852 624 148.238
1.01254 20.6364 600 125.449
1.01915 21.0252 696 127.812
1.02716 21.3714 456 129.917
1.03311 19.8453 732 120.64
1.04021 21.7632 600 132.299
1.04746 18.3544 702 111.577
1.05386 21.153 672 128.589
1.06134 17.9665 768 109.219
1.06878 19.443 768 118.194
1.07508 19.6501 408 119.454
1.08188 19.7014 1080 119.765
1.09086 18.0018 632 109.433
1.09724 18.9029 750 114.911
1.10427 18.213 696 110.717
1.11146 17.6861 876 107.514
1.11946 18.7315 864 113.869
1.12585 18.9283 768 115.065
1.13353 17.1284 888 104.124
1.14144 18.0319 816 109.616
1.14947 16.6274 654 101.078
1.15655 17.1097 1296 104.01
1.16466 16.1979 816 98.4674
1.17201 16.4306 816 99.8821
1.17979 17.2607 1088 104.928
1.18868 15.3134 1020 93.0903
1.19695 15.7879 1032 95.9747
1.2048 16.4875 942 100.228
1.21235 15.095 1032 91.7629
1.22125 15.3911 1128 93.5626
1.22758 14.5963 888 88.731
1.23587 15.7968 1176 96.0289
1.24422 16.442 960 99.951
1.25132 15.4224 1110 93.7531
1.26083 15.2093 1116 92.4576
1.26841 15.0259 1352 91.3429
1.27694 14.8388 1200 90.2054
1.28569 15.4068 1224 93.658
1.29494 13.7765 1320 83.7476
1.30323 14.175 1128 86.1698
1.31205 15.0239 1518 91.3308
1.31993 13.8237 1080 84.0343
1.32925 14.0253 1524 85.2604
1.33806 13.8813 1416 84.3849
1.34776 13.8242 1704 84.0377
1.3575 12.8775 1088 78.2828
1.36503 14.422 1446 87.6716
1.37457 13.0105 1800 79.091
1.38423 12.634 1512 76.8027
1.39292 12.7975 1392 77.7962
1.40119 11.8136 1392 71.8152
1.41152 12.8525 1962 78.1305
1.42148 12.5085 1776 76.0393
1.4311 12.5891 1680 76.5294
1.44075 12.309 1776 74.8269
1.4503 12.1107 1544 73.621
1.45906 12.0539 1896 73.2757
1.46881 12.0128 1662 73.0259
1.47857 11.8143 1908 71.8192
1.48825 12.031 2184 73.1369
1.49906 12.0481 1848 73.2406
1.50823 11.2825 1848 68.5866
1.51928 11.3908 2238 69.2449
1.52892 11.765 2088 71.5197
1.53945 11.797 2192 71.7141
1.54826 11.2679 1536 68.4979
1.55799 10.5417 2412 64.0833
1.56909 10.6887 2262 64.9769
1.57956 11.3513 2448 69.0047
1.58993 10.4205 2040 63.3465
1.60098 10.7364 2976 65.2668
1.61239 10.3901 2184 63.1618
1.62326 10.1296 2550 61.5782
1.63365 10.5177 2396 63.937
1.64411 10.2117 2760 62.077
1.65507 10.0739 2424 61.2392
1.66671 10.3025 2832 62.6294
1.67729 10.0255 2574 60.9451
1.68865 9.95081 3024 60.4912
1.69926 10.0945 2484 61.3645
1.71073 9.83886 3168 59.8106
1.72232 9.5758 2894 58.2115
1.73367 10.0982 2856 61.3872
1.74507 9.50855 3384 57.8027
1.75738 9.82497 3240 59.7262
1.76843 8.76517 2856 53.2837
1.78079 9.22305 3474 56.0671
1.79234 9.10049 3432 55.322
1.80467 9.18544 3552 55.8385
1.81741 9.14322 3560 55.5818
1.82908 8.8457 3270 53.7732
1.84056 8.85264 3552 53.8154
1.85297 8.83041 3780 53.6802
1.86529 8.78791 3960 53.4219
1.87828 8.49424 3696 51.6367
1.89033 8.39394 3726 51.0269
1.90289 8.84868 4376 53.7913
1.91524 8.32267 3648 50.5937
1.92801 8.5669 4332 52.0783
1.94114 8.35003 4254 50.76
1.95358 8.07029 4296 49.0595
1.96683 8.21679 4320 49.95
1.97893 7.92316 4368 48.1651
1.99314 7.88501 4826 47.9331
2.00669 8.06809 5016 49.0461
2.02001 8.20473 4608 49.8767
2.03371 7.85338 4824 47.7409
2.0469 7.69853 4950 46.7996
2.06043 7.37491 5232 44.8322
2.07427 7.46494 4980 45.3795
2.0873 7.63565 4838 46.4173
2.10142 7.52569 6024 45.7488
2.1162 7.57692 5520 46.0602
2.12987 7.54892 5400 45.89
2.14398 7.59201 5538 46.152
2.15842 7.47531 6456 45.4426
2.17295 7.38656 5504 44.9031
2.18708 6.82668 6168 41.4996
2.2017 7.1752 5910 43.6182
2.21574 7.13595 6372 43.3796
2.23088 7.02744 6768 42.7199
2.246 6.95711 6294 42.2924
2.26057 6.90711 6656 41.9884
2.27558 6.93196 7224 42.1395
2.29128 6.8132 6708 41.4176
2.30663 6.73523 7566 40.9436
2.32238 6.68638 7416 40.6467
2.33773 6.46402 6984 39.2949
2.35249 6.49184 7310 39.464
2.36851 6.56682 8148 39.9198
2.38413 6.59829 7632 40.1111
2.40004 6.40654 8088 38.9455
2.41649 6.2935 8478 38.2583
2.43227 6.20234 8112 37.7042
2.44806 6.30813 8108 38.3473
2.46464 6.12044 9510 37.2063
2.48167 6.17213 8472 37.5205
2.4972 6.05102 8832 36.7843
2.51377 5.94654 8898 36.1491
2.5304 6.04736 10008 36.762
2.54769 5.66826 9392 34.4575
2.56498 5.89063 10206 35.8093
2.58178 5.82628 9528 35.4181
2.59871 5.6644 10236 34.434
2.61602 5.79309 10398 35.2163
2.63365 5.7654 10784 35.048
2.6509 5.60987 10584 34.1025
2.66899 5.58522 11346 33.9527
2.68677 5.55049 11400 33.7416
2.70438 5.58551 11016 33.9544
2.72238 5.63174 11870 34.2355
2.74093 5.38195 12516 32.717
2.75923 5.39203 11880 32.7782
2.77729 5.26601 11886 32.0122
2.79526 5.31463 13104 32.3077
2.81432 5.16013 12764 31.3686
2.833 5.22948 13446 31.7901
2.85202 5.11596 13464 31.1
2.87073 5.05855 13398 30.751
2.89013 5.25527 14628 31.9469
2.90936 5.08966 14024 30.9402
2.92925 4.98745 15054 30.3188
2.94838 4.92025 14496 29.9103
2.96782 4.93672 15012 30.0104
2.98749 4.80309 15422 29.1981
3.00704 4.89087 15624 29.7317
3.02719 4.86469 16146 29.5726
3.04759 4.78799 17064 29.1063
3.06788 4.70748 16152 28.6168
3.08831 4.76782 17510 28.9837
3.10884 4.66517 17172 28.3597
3.12935 4.61001 17880 28.0244
3.15034 4.65819 18030 28.3173
3.17113 4.50192 18680 27.3672
3.19265 4.51998 19170 27.477
3.21364 4.41618 18720 26.8461
3.23467 4.40063 19536 26.7515
3.25676 4.42894 20954 26.9236
3.27858 4.44336 20328 27.0113
3.3005 4.30419 20718 26.1653
3.32227 4.30849 21348 26.1914
3.34438 4.27215 21534 25.9705
3.36657 4.22348 22256 25.6746
3.38869 4.12383 22104 25.0689
3.41124 4.15339 23178 25.2485
3.43406 4.17558 23880 25.3834
3.45721 4.03155 24230 24.5078
3.48034 4.12988 24468 25.1057
3.50366 4.09159 25230 24.8729
3.5269 4.00697 25328 24.3584
3.5504 4.01082 25818 24.3819
3.57388 3.9099 26616 23.7684
3.59743 3.87597 26376 23.5621
3.62141 3.89334 28034 23.6677
3.64536 3.82736 27816 23.2666
3.66958 3.7517 28398 22.8067
3.69387 3.74539 29652 22.7683
3.71882 3.76653 30134 22.8968
3.74375 3.68779 30792 22.4182
3.76897 3.67516 31218 22.3414
3.79359 3.64456 30912 22.1553
3.81905 3.62404 33158 22.0306
3.84456 3.60045 32772 21.8872
3.86994 3.55297 33150 21.5986
3.89542 3.52653 34256 21.4379
3.92167 3.52261 35562 21.414
3.9475 3.49412 34992 21.2408
3.97388 3.44662 37158 20.9521
4.00046 3.43453 36956 20.8786
4.0271 3.35278 37950 20.3816
4.05369 3.32153 38496 20.1917
4.08104 3.33936 40274 20.3001
4.10806 3.29041 39264 20.0024
4.13528 3.26197 41466 19.8296
4.16281 3.22804 41960 19.6233
4.19067 3.17666 42702 19.311
4.2184 3.19273 43356 19.4087
4.24659 3.17569 44886 19.3051
4.27484 3.18299 45248 19.3494
4.30338 3.08355 46362 18.745
4.33198 3.09012 46974 18.7849
4.36071 3.05763 48236 18.5874
4.3897 3.00375 48774 18.2599
4.4189 3.00134 50616 18.2452
4.44852 2.96426 51050 18.0198
4.4781 2.9575 52272 17.9787
4.50814 2.91145 53658 17.6987
4.53768 2.89245 52640 17.5833
4.56805 2.89075 57366 17.5729
4.59871 2.82377 55170 17.1658
4.62914 2.7809 58544 16.9051
4.66021 2.82248 58506 17.1579
4.69082 2.74981 58968 16.7162
4.72214 2.70389 62366 16.437
4.75359 2.75059 61266 16.7209
4.785 2.71743 63960 16.5193
4.81697 2.69164 64730 16.3625
4.84894 2.65496 66360 16.1396
4.88139 2.6173 67778 15.9106
4.91407 2.60301 69558 15.8238
4.94671 2.57006 69660 15.6235
4.97947 2.54656 71390 15.4806
5.01272 2.54584 73974 15.4762
5.04614 2.52226 74196 15.3329
5.07982 2.49263 76622 15.1527
5.11321 2.45821 75516 14.9435
5.14731 2.45066 81510 14.8976
5.18198 2.40662 80138 14.6299
5.21624 2.4089 82368 14.6437
5.25098 2.3554 84098 14.3185
5.28607 2.35305 86286 14.3042
5.32112 2.33251 86700 14.1794
5.35657 2.29955 90014 13.979
5.39237 2.26027 90930 13.7402
5.42797 2.26013 91694 13.7393
5.46416 2.22731 96228 13.5399
5.5009 2.21533 97014 13.467
5.53734 2.19627 97370 13.3512
5.57394 2.17585 100656 13.227
5.61112 2.16293 102530 13.1485
5.64841 2.13275 104454 12.965
5.68598 2.10093 107196 12.7716
5.72422 2.09707 110414 12.7481
5.76233 2.0689 109578 12.5769
5.80067 2.04287 114974 12.4186
5.83932 2.03032 114396 12.3423
5.87805 2.01784 118190 12.2665
5.91726 2.0001 120498 12.1587
5.95666 1.97581 122718 12.011
5.99617 1.95132 124604 11.8621
6.03605 1.93843 127950 11.7837
6.07637 1.9062 130826 11.5878
6.11683 1.90502 132510 11.5806
6.15724 1.88248 134180 11.4437
6.19831 1.84502 140214 11.2159
6.23974 1.84361 140018 11.2073
6.28136 1.82951 145650 11.1216
6.32317 1.81715 145350 11.0465
6.3651 1.78019 150188 10.8218
6.40747 1.77327 152214 10.7797
6.45023 1.75657 157226 10.6782
6.49325 1.74119 158118 10.5847
6.53637 1.72227 162338 10.4697
6.57987 1.6952 165378 10.3051
6.62371 1.68355 169256 10.2344
6.66769 1.66685 170682 10.1328
6.71213 1.65007 177566 10.0308
6.75715 1.63973 179610 9.96795
6.80213 1.61382 182690 9.81045
6.8473 1.60346 185694 9.74749
6.8928 1.59159 190346 9.67533
6.93857 1.56501 192852 9.51371
6.98472 1.55904 198806 9.47747
7.03127 1.533 201378 9.31914
7.07818 1.51324 207446 9.19902
7.12517 1.50733 207258 9.16312
7.17243 1.49354 215762 9.07925
7.22044 1.47921 219702 8.99213
7.26849 1.46214 221522 8.88836
7.31672 1.4465 227754 8.79328
7.3654 1.4283 231710 8.68269
7.41433 1.42346 235994 8.65321
7.4637 1.40574 242346 8.54553
7.51349 1.39006 246704 8.45023
7.56347 1.37059 250410 8.33185
7.61393 1.35883 258410 8.26038
7.66479 1.35026 261414 8.20823
7.71574 1.32791 265874 8.07238
7.76711 1.3246 273450 8.05229
7.81889 1.31152 276974 7.97275
7.87101 1.29245 284402 7.85684
7.92338 1.27743 287754 7.76555
7.97606 1.26535 295010 7.69209
8.0293 1.24394 302142 7.56195
8.08275 1.23651 304946 7.51679
8.13628 1.21891 311642 7.40978
8.19037 1.20687 319326 7.33656
8.24475 1.18799 323618 7.2218
8.29961 1.18186 333744 7.18453
8.35495 1.17402 337970 7.13691
8.41075 1.1576 348758 7.03707
8.46683 1.14136 350346 6.93835
8.52295 1.13432 358778 6.89557
8.57991 1.12127 370578 6.81621
8.63732 1.10715 374258 6.7304
8.69471 1.09895 380558 6.68053
8.75245 1.08663 388434 6.60566
8.81071 1.07152 398522 6.5138
8.8694 1.06251 404042 6.459
8.92825 1.04991 412164 6.38241
8.98764 1.03503 422258 6.29198
9.04755 1.02561 430754 6.23471
9.10782 1.01439 438906 6.16652
9.16841 1.00082 446738 6.08398
9.22955 0.993698 459098 6.04071
9.29099 0.98225 463380 5.97112
9.35274 0.970125 476138 5.89741
9.41504 0.959743 484322 5.8343
9.47775 0.951093 495738 5.78172
9.54092 0.936582 504266 5.6935
9.60451 0.927361 515696 5.63745
9.66826 0.919484 520974 5.58956
9.73246 0.906016 536882 5.50769
9.79738 0.900139 546818 5.47197
9.86258 0.890796 556178 5.41517
9.92813 0.876785 567672 5.33
9.99431 0.867367 582314 5.27274
10.0611 0.855639 593138 5.20145
10.128 0.848787 600920 5.15979
10.1952 0.836224 614274 5.08343
10.2631 0.829936 630050 5.0452
10.3315 0.817949 638678 4.97233
10.4002 0.811234 653984 4.93151
10.4696 0.800899 669618 4.86868
10.5393 0.794081 676922 4.82723
10.6093 0.783102 692552 4.76049
10.6799 0.773023 709178 4.69922
10.7511 0.765162 721416 4.65144
10.8226 0.758457 735698 4.61067
10.8947 0.747999 752546 4.5471
10.9672 0.740183 763760 4.49959
11.0401 0.731515 782498 4.4469
11.1137 0.723396 797178 4.39754
11.1877 0.716482 814976 4.35551
11.2623 0.708651 831266 4.30791
11.3374 0.700749 845696 4.25987
11.4126 0.69107 860234 4.20103
11.4886 0.681839 883928 4.14492
11.5652 0.673681 898338 4.09532
11.6423 0.668139 917576 4.06163
11.7197 0.660752 933194 4.01672
11.7976 0.654787 952736 3.98046
11.8762 0.645107 974522 3.92162
11.9552 0.637725 990032 3.87674
12.0348 0.632301 1013438 3.84377
12.1149 0.623966 1031168 3.7931
12.1955 0.615821 1055610 3.74359
12.2768 0.609494 1074440 3.70513
12.3584 0.602665 1095146 3.66361
12.4407 0.595778 1119584 3.62175
12.5236 0.588556 1141922 3.57784
12.6069 0.582457 1160216 3.54077
12.6907 0.574639 1185992 3.49324
12.7753 0.567869 1215422 3.45209
12.8604 0.559845 1235072 3.40331
12.946 0.555335 1259024 3.37589
13.0322 0.549899 1286210 3.34285
13.1189 0.542217 1310960 3.29615
13.2063 0.536262 1338056 3.25995
13.2942 0.530064 1364966 3.22227
13.3827 0.522869 1391768 3.17853
13.4718 0.517959 1420448 3.14868
13.5615 0.511495 1448858 3.10939
13.6518 0.505984 1477952 3.07589
13.7426 0.500605 1506308 3.04319
13.8341 0.493043 1538144 2.99722
13.9261 0.489166 1567562 2.97365
14.0187 0.482686 1596704 2.93426
14.112 0.476968 1635572 2.8995
14.2061 0.47169 1666520 2.86741
14.3007 0.466283 1699304 2.83454
14.396 0.461632 1734278 2.80627
14.4918 0.456305 1764392 2.77389
14.5882 0.450668 1804904 2.73962
14.6854 0.445807 1841024 2.71007
14.7831 0.440215 1873820 2.67607
14.8815 0.435848 1913600 2.64953
14.9805 0.431641 1952864 2.62396
15.0803 0.425811 1994966 2.58851
15.1808 0.419857 2032160 2.55232
15.2818 0.416365 2070124 2.53109
15.3835 0.411064 2117456 2.49886
15.486 0.406267 2156600 2.46971
15.5891 0.401805 2200316 2.44258
15.6929 0.395697 2247272 2.40545
15.7974 0.391545 2287460 2.38021
15.9025 0.387162 2335424 2.35357
16.0083 0.382467 2383216 2.32502
16.1149 0.378531 2430548 2.3011
16.2221 0.374148 2474288 2.27445
16.3301 0.36987 2533724 2.24845
16.4388 0.365304 2578544 2.22069
16.5483 0.361047 2634154 2.19481
16.6585 0.357468 2685200 2.17306
16.7694 0.353261 2740268 2.14748
16.881 0.349478 2791568 2.12448
16.9934 0.345342 2854940 2.09934
17.1066 0.341764 2904208 2.07759
17.2204 0.337452 2965964 2.05138
17.335 0.33371 3022550 2.02863
17.4504 0.330062 3089068 2.00645
17.5666 0.32662 3148604 1.98553
17.6835 0.322575 3210680 1.96094
17.8012 0.318759 3275210 1.93774
17.9197 0.315083 3346312 1.9154
18.0391 0.312023 3408932 1.89679
18.1591 0.308755 3475196 1.87693
18.28 0.305278 3550342 1.85579
18.4017 0.30119 3618788 1.83094
18.5242 0.298054 3690872 1.81188
18.6475 0.295391 3765538 1.79569
18.7716 0.291948 3838964 1.77476
18.8965 0.288844 3920362 1.75589
19.0224 0.285018 4000832 1.73263
19.149 0.282085 4077428 1.7148
19.2765 0.279386 4160626 1.69839
19.4048 0.276083 4243208 1.67831
19.5341 0.273311 4335538 1.66146
19.6642 0.270409 4413500 1.64382
19.795 0.267555 4505450 1.62647
19.9268 0.264448 4596040 1.60758
20.0594 0.26195 4684418 1.5924
20.1929 0.258862 4784836 1.57363
20.3274 0.256101 4877354 1.55685
20.4627 0.253514 4975786 1.54111
20.5989 0.250784 5078756 1.52452
20.736 0.24834 5177662 1.50967
20.874 0.246143 5280932 1.49631
21.013 0.243686 5391274 1.48137
21.153 0.241181 5500906 1.46615
21.2938 0.238918 5604530 1.45239
21.4354 0.236279 5715700 1.43635
21.5782 0.233986 5842058 1.42241
21.7219 0.231706 5955226 1.40854
21.8664 0.229886 6063770 1.39748
22.012 0.227701 6202156 1.3842
22.1586 0.225801 6320530 1.37265
22.3061 0.223627 6442874 1.35943
22.4546 0.221796 6578986 1.3483
22.6041 0.220006 6707818 1.33742
22.7545 0.218294 6838082 1.32701
22.906 0.216421 6987316 1.31563
23.0585 0.214479 7117018 1.30382
23.2119 0.212693 7259306 1.29296
23.3665 0.211422 7415650 1.28524
23.5221 0.209854 7558810 1.27571
23.6787 0.208622 7716338 1.26822
23.8363 0.207145 7860058 1.25924
23.9949 0.205718 8022286 1.25056
24.1547 0.204522 8191498 1.24329
24.3155 0.203585 8341402 1.2376
24.4773 0.202391 8524784 1.23034
24.6403 0.201495 8686018 1.22489
24.8043 0.20039 8865142 1.21817
24.9694 0.199601 9040714 1.21338
25.1357 0.198998 9225754 1.20971
25.303 0.198371 9409058 1.2059
25.4715 0.198022 9599212 1.20378
25.641 0.19762 9792874 1.20133
25.8118 0.197329 9989362 1.19957
25.9836 0.197161 10185502 1.19854
26.1565 0.19751 10394392 1.20067
26.3307 0.197696 10607554 1.2018
26.506 0.197669 10813990 1.20163
26.6824 0.198183 11029240 1.20476
26.8598 0.19816 11191111 1.20462
27.0386 0.196548 11185948 1.19482
27.2186 0.19483 11191384 1.18438
27.3998 0.193315 11166280 1.17516
27.5821 0.191875 11162812 1.16641
27.7658 0.1904 11148064 1.15745
27.9506 0.189109 11122480 1.1496
28.1366 0.187631 11104984 1.14061
28.3239 0.1864 11085376 1.13313
28.5125 0.185147 11049712 1.12551
28.7023 0.184036 11013328 1.11876
28.8933 0.183056 10970140 1.1128
29.0857 0.181791 10943872 1.10511
29.2794 0.180704 10885456 1.0985
29.4742 0.179711 10833720 1.09247
29.6704 0.178759 10777816 1.08668
29.8679 0.177796 10724320 1.08082
30.0668 0.17697 10657576 1.07581
30.2669 0.176405 10579924 1.07237
30.4684 0.175492 10508784 1.06682
30.6712 0.17476 10422700 1.06237
30.8754 0.174119 10345720 1.05847
31.081 0.173823 10248148 1.05668
31.2878 0.173222 10144776 1.05302
31.4961 0.172823 10050904 1.0506
31.7058 0.172549 9924772 1.04893
31.9167 0.172195 9816636 1.04678
32.1292 0.172112 9692764 1.04627
32.3431 0.171983 9567688 1.04549
32.5585 0.171837 9424104 1.0446
32.7752 0.172 9278716 1.04559
32.9933 0.171957 9127788 1.04533
33.2129 0.172267 8968792 1.04722
33.434 0.172454 8801068 1.04835
33.6565 0.173236 8626764 1.05311
33.8806 0.173586 8444740 1.05523
34.1061 0.174581 8248812 1.06128
34.3331 0.175013 8050900 1.06391
34.5617 0.176366 7840044 1.07213
34.7917 0.177635 7621816 1.07984
35.0232 0.178884 7391184 1.08744
35.2564 0.180278 7158996 1.09592
35.491 0.181552 6904924 1.10366
35.7272 0.183577 6649248 1.11597
35.965 0.18515 6384676 1.12553
36.2044 0.186739 6098844 1.13519
36.4453 0.188415 5811012 1.14538
36.6878 0.190103 5508112 1.15564
36.9319 0.191699 5195916 1.16535
37.1776 0.192981 4872228 1.17314
37.425 0.193586 4531392 1.17681
37.6739 0.19337 4181068 1.1755
37.9246 0.1917 3827115 1.16535
38.1772 0.190595 3511752 1.15863
38.4314 0.190415 3240696 1.15754
38.6872 0.190876 2990682 1.16034
38.9448 0.191867 2763190 1.16637
39.2041 0.19312 2544444 1.17398
39.465 0.194337 2340936 1.18138
39.7277 0.196347 2149530 1.1936
39.9921 0.198169 1967724 1.20467
40.2582 0.200685 1794918 1.21997
40.5261 0.204451 1632468 1.24286
40.7957 0.206863 1477728 1.25753
41.0671 0.21053 1333008 1.27982
41.3404 0.214416 1194306 1.30344
41.6155 0.219802 1064754 1.33618
41.8925 0.225497 941964 1.3708
42.1712 0.231928 826020 1.40989
42.4515 0.239533 718284 1.45613
42.7339 0.24692 619944 1.50103
43.0181 0.255384 524820 1.55248
43.3041 0.264969 441182 1.61075
43.5916 0.277917 360702 1.68946
43.8811 0.290052 292782 1.76324
44.1732 0.302134 228006 1.83668
44.4652 0.31878 171158 1.93787
44.7587 0.339252 124494 2.06232
45.0552 0.358215 84168 2.17759
45.3521 0.37713 51006 2.29258
45.6466 0.401561 26360 2.4411
45.9351 0.41551 9960 2.52589
46.1972 0.448625 1561 2.7272
