# in Mpc/h Units 
# D1 = 0.351241 
# k P N P(z=0)
0.0523599 635.782 6 5153.44
0.074048 1055.12 12 8552.46
0.09069 1122.18 8 9095.98
0.10472 158.33 6 1283.37
0.11708 692.814 24 5615.72
0.128255 415.191 24 3365.4
0.148096 745.427 12 6042.18
0.15708 318.154 30 2578.85
0.165576 361.019 24 2926.29
0.173658 314.597 24 2550.01
0.18138 161.525 8 1309.27
0.188786 337.308 24 2734.11
0.195913 260.151 48 2108.69
0.20944 143.765 6 1165.31
0.215885 197.212 48 1598.54
0.222144 205.991 36 1669.69
0.228231 116.339 24 943.004
0.23416 250.522 24 2030.65
0.239943 176.905 48 1433.93
0.24559 194.363 24 1575.44
0.25651 146.035 24 1183.71
0.261799 88.1685 30 714.664
0.266984 132.943 72 1077.59
0.27207 222.303 32 1801.92
0.281967 123.621 72 1002.03
0.286787 145.262 48 1177.44
0.296192 135.215 12 1096.01
0.300785 145.585 48 1180.07
0.305308 141.265 48 1145.04
0.309765 110.703 48 897.322
0.314159 87.0155 30 705.318
0.318493 117.602 24 953.244
0.322768 112.791 72 914.242
0.331153 109.85 24 890.405
0.335267 82.3898 96 667.824
0.339331 121.305 48 983.256
0.343347 100.422 24 813.985
0.347316 100.064 24 811.086
0.351241 78.224 72 634.057
0.355122 68.0951 48 551.956
0.36276 147.007 8 1191.59
0.366519 114.217 54 925.804
0.37024 73.149 84 592.921
0.373924 74.7008 48 605.5
0.377572 81.8253 24 663.248
0.381186 70.9107 72 574.778
0.384765 95.8988 96 777.323
0.391825 76.5506 48 620.493
0.395308 64.3043 48 521.229
0.398761 85.1854 24 690.484
0.402184 71.631 72 580.617
0.408944 76.4791 72 619.914
0.412282 66.7917 96 541.391
0.418879 11.174 6 90.5725
0.422139 66.2769 96 537.218
0.425374 78.2559 96 634.316
0.428584 54.0308 24 437.956
0.431771 45.1787 48 366.203
0.434934 64.9672 96 526.602
0.438074 70.9836 48 575.369
0.444288 71.2489 36 577.519
0.447363 51.6208 48 418.42
0.450417 58.3577 120 473.028
0.45345 52.3729 56 424.517
0.456463 45.9348 24 372.332
0.459456 55.0839 96 446.491
0.46243 56.75 48 459.996
0.468321 40.3732 24 327.251
0.471239 41.2951 102 334.724
0.475868 40.0678 120 324.776
0.479886 78.1426 48 633.398
0.482734 36.7792 48 298.12
0.485566 38.0941 120 308.778
0.491179 47.8067 24 387.505
0.493962 47.1656 144 382.308
0.497516 32.0484 168 259.773
0.50494 57.5851 48 466.765
0.507648 43.9803 96 356.489
0.51302 64.4509 24 522.417
0.515685 53.4236 48 433.034
0.518336 51.0798 108 414.036
0.520974 33.349 72 270.316
0.525815 49.2913 198 399.539
0.528809 36.0371 48 292.105
0.533968 36.6228 72 296.852
0.536529 40.0339 96 324.502
0.539078 51.1343 72 414.477
0.542392 34.6244 104 280.654
0.546653 34.919 72 283.042
0.549155 39.8432 144 322.956
0.557822 38.0126 192 308.117
0.561497 34.6487 48 280.85
0.565449 42.2336 192 342.332
0.568774 31.315 72 253.829
0.573574 44.4352 48 360.177
0.575959 46.0527 78 373.287
0.57901 38.9013 168 315.321
0.585401 35.8158 144 290.311
0.587738 29.9407 144 242.69
0.592384 23.867 12 193.458
0.595269 37.2573 192 301.996
0.599938 32.3685 168 262.368
0.603844 36.7603 48 297.967
0.606109 35.5267 168 287.968
0.61211 36.5152 144 295.98
0.616043 31.8978 168 258.553
0.621003 30.3747 144 246.207
0.62394 32.4315 48 262.879
0.628319 27.0993 30 219.658
0.631943 27.4773 288 222.722
0.635476 27.1413 80 219.998
0.640026 27.6299 288 223.958
0.645536 22.2555 72 180.396
0.648501 25.2501 240 204.668
0.651875 29.4723 96 238.893
0.657259 31.8336 168 258.033
0.664143 26.6027 216 215.633
0.666806 32.9764 132 267.296
0.671554 28.6389 192 232.137
0.67461 24.5481 120 198.979
0.67991 23.7514 126 192.521
0.683858 23.8384 288 193.226
0.689604 26.0332 312 211.016
0.694632 22.9639 24 186.138
0.699101 28.5579 264 231.481
0.703699 23.7914 192 192.845
0.707341 27.0319 192 219.111
0.712995 24.6422 336 199.741
0.716011 21.4151 48 173.584
0.72021 25.2036 240 204.292
0.728882 23.7012 296 192.114
0.73184 28.2108 150 228.667
0.735837 22.2316 240 180.202
0.741648 28.4053 228 230.244
0.745808 23.986 216 194.423
0.750984 21.3395 336 172.971
0.757319 21.2399 360 172.163
0.761471 23.53 144 190.726
0.764935 24.4417 168 198.116
0.771444 21.7659 312 176.427
0.777209 22.0975 288 179.115
0.781021 22.6184 192 183.337
0.786997 19.1172 366 154.958
0.793162 18.7481 408 151.965
0.798994 17.1649 168 139.133
0.801928 23.1928 336 187.993
0.80675 17.1173 240 138.747
0.81435 18.9086 380 153.267
0.819874 17.6717 384 143.241
0.825561 18.0524 240 146.326
0.829315 16.226 360 131.522
0.834578 16.0041 198 129.724
0.840616 18.1692 384 147.274
0.845798 19.9795 384 161.947
0.852892 16.368 432 132.674
0.858982 17.7117 528 143.565
0.865654 18.3557 288 148.785
0.869604 17.5068 288 141.904
0.875816 16.2199 456 131.473
0.882071 17.7089 360 143.542
0.886104 16.7923 180 136.113
0.89194 17.1659 486 139.141
0.897856 16.5684 504 134.298
0.904202 15.5617 512 126.138
0.909643 17.6452 264 143.026
0.916102 16.0093 600 129.766
0.921642 14.7237 288 119.345
0.928714 15.6093 672 126.524
0.936467 16.6122 408 134.653
0.942098 14.5651 462 118.06
0.947697 13.8611 600 112.353
0.95445 16.3816 504 132.784
0.96178 14.8657 324 120.496
0.966657 15.3238 744 124.209
0.973282 12.9162 456 104.694
0.979174 16.3304 432 132.369
0.98607 14.4841 720 117.403
0.994526 13.8442 534 112.217
1.00005 14.7572 536 119.617
1.00695 15.6347 624 126.73
1.01254 13.5675 600 109.974
1.01915 13.5745 696 110.03
1.02716 13.4588 456 109.093
1.03311 12.7917 732 103.685
1.04021 14.2264 600 115.315
1.04746 11.85 702 96.0523
1.05386 13.4534 672 109.049
1.06134 11.5389 768 93.5306
1.06878 12.4078 768 100.573
1.07508 12.3352 408 99.9851
1.08188 12.5938 1080 102.081
1.09086 11.7886 632 95.5545
1.09724 12.1408 750 98.4095
1.10427 11.6617 696 94.526
1.11146 11.4043 876 92.4395
1.11946 12.0008 864 97.2742
1.12585 12.3429 768 100.048
1.13353 10.8399 888 87.8645
1.14144 11.8695 816 96.2105
1.14947 10.7406 654 87.0601
1.15655 10.9387 1296 88.6656
1.16466 10.1288 816 82.1005
1.17201 11.1188 816 90.1251
1.17979 10.985 1088 89.0408
1.18868 9.84979 1020 79.8391
1.19695 9.66145 1032 78.3124
1.2048 10.5346 942 85.3897
1.21235 9.71215 1032 78.7234
1.22125 9.51927 1128 77.16
1.22758 9.39339 888 76.1396
1.23587 10.0508 1176 81.4682
1.24422 10.3323 960 83.7505
1.25132 9.70301 1110 78.6494
1.26083 9.48755 1116 76.9029
1.26841 9.40677 1352 76.2481
1.27694 9.21616 1200 74.7031
1.28569 9.88582 1224 80.1312
1.29494 8.65527 1320 70.1567
1.30323 8.87739 1128 71.9571
1.31205 9.08022 1518 73.6012
1.31993 8.46847 1080 68.6426
1.32925 8.64616 1524 70.0828
1.33806 8.81795 1416 71.4754
1.34776 8.81097 1704 71.4188
1.3575 8.27524 1088 67.0763
1.36503 8.90545 1446 72.1845
1.37457 8.24948 1800 66.8675
1.38423 8.09505 1512 65.6157
1.39292 8.17624 1392 66.2739
1.40119 7.34259 1392 59.5165
1.41152 7.89859 1962 64.0233
1.42148 7.82171 1776 63.4002
1.4311 7.95144 1680 64.4517
1.44075 7.67541 1776 62.2143
1.4503 7.61028 1544 61.6864
1.45906 7.17059 1896 58.1224
1.46881 7.10054 1662 57.5545
1.47857 7.53027 1908 61.0378
1.48825 7.35673 2184 59.6312
1.49906 7.38865 1848 59.8899
1.50823 6.83716 1848 55.4197
1.51928 7.00504 2238 56.7805
1.52892 7.15884 2088 58.0271
1.53945 7.23785 2192 58.6676
1.54826 6.90439 1536 55.9647
1.55799 6.61285 2412 53.6016
1.56909 6.75832 2262 54.7806
1.57956 6.94602 2448 56.3021
1.58993 6.52523 2040 52.8913
1.60098 6.40781 2976 51.9395
1.61239 6.32213 2184 51.2451
1.62326 6.40869 2550 51.9466
1.63365 6.45358 2396 52.3105
1.64411 6.46053 2760 52.3669
1.65507 6.06269 2424 49.1421
1.66671 6.21211 2832 50.3533
1.67729 6.32372 2574 51.2579
1.68865 6.05405 3024 49.0721
1.69926 6.02601 2484 48.8448
1.71073 5.91672 3168 47.9589
1.72232 5.76442 2894 46.7244
1.73367 6.08123 2856 49.2924
1.74507 5.81941 3384 47.1702
1.75738 5.96715 3240 48.3677
1.76843 5.34734 2856 43.3438
1.78079 5.65664 3474 45.8508
1.79234 5.57239 3432 45.1679
1.80467 5.52358 3552 44.7723
1.81741 5.41076 3560 43.8578
1.82908 5.27426 3270 42.7514
1.84056 5.3249 3552 43.1618
1.85297 5.22514 3780 42.3532
1.86529 5.42828 3960 43.9998
1.87828 5.22396 3696 42.3437
1.89033 5.12949 3726 41.5779
1.90289 5.23865 4376 42.4627
1.91524 5.07133 3648 41.1065
1.92801 5.10918 4332 41.4133
1.94114 5.00243 4254 40.548
1.95358 4.89864 4296 39.7067
1.96683 5.05821 4320 41.0001
1.97893 4.66924 4368 37.8473
1.99314 4.70046 4826 38.1003
2.00669 4.78716 5016 38.8031
2.02001 4.83508 4608 39.1915
2.03371 4.6875 4824 37.9953
2.0469 4.58817 4950 37.1901
2.06043 4.42391 5232 35.8587
2.07427 4.55675 4980 36.9354
2.0873 4.6092 4838 37.3607
2.10142 4.60233 6024 37.3049
2.1162 4.4642 5520 36.1853
2.12987 4.41557 5400 35.7911
2.14398 4.39544 5538 35.6279
2.15842 4.37386 6456 35.453
2.17295 4.43085 5504 35.915
2.18708 4.05382 6168 32.8589
2.2017 4.30418 5910 34.8882
2.21574 4.16134 6372 33.7304
2.23088 4.13049 6768 33.4804
2.246 4.06351 6294 32.9375
2.26057 4.08886 6656 33.143
2.27558 4.04728 7224 32.8059
2.29128 4.00848 6708 32.4914
2.30663 3.97533 7566 32.2227
2.32238 3.92007 7416 31.7747
2.33773 3.69562 6984 29.9555
2.35249 3.75956 7310 30.4738
2.36851 3.84652 8148 31.1786
2.38413 3.85063 7632 31.2119
2.40004 3.78759 8088 30.701
2.41649 3.69399 8478 29.9422
2.43227 3.61004 8112 29.2618
2.44806 3.7033 8108 30.0177
2.46464 3.58014 9510 29.0194
2.48167 3.49925 8472 28.3637
2.4972 3.52423 8832 28.5663
2.51377 3.41323 8898 27.6665
2.5304 3.49403 10008 28.3214
2.54769 3.30172 9392 26.7626
2.56498 3.46307 10206 28.0705
2.58178 3.39646 9528 27.5306
2.59871 3.36188 10236 27.2502
2.61602 3.36163 10398 27.2482
2.63365 3.31277 10784 26.8522
2.6509 3.24809 10584 26.3279
2.66899 3.29035 11346 26.6705
2.68677 3.13782 11400 25.4341
2.70438 3.23609 11016 26.2307
2.72238 3.21613 11870 26.0689
2.74093 3.13959 12516 25.4484
2.75923 3.14005 11880 25.4522
2.77729 3.0545 11886 24.7587
2.79526 3.07878 13104 24.9556
2.81432 3.00678 12764 24.3719
2.833 3.03083 13446 24.5669
2.85202 2.9555 13464 23.9563
2.87073 2.91691 13398 23.6435
2.89013 2.95438 14628 23.9472
2.90936 2.88259 14024 23.3653
2.92925 2.91737 15054 23.6472
2.94838 2.8553 14496 23.1441
2.96782 2.82507 15012 22.899
2.98749 2.80136 15422 22.7069
3.00704 2.79784 15624 22.6784
3.02719 2.80772 16146 22.7584
3.04759 2.71548 17064 22.0108
3.06788 2.69116 16152 21.8137
3.08831 2.71343 17510 21.9942
3.10884 2.66687 17172 21.6168
3.12935 2.65455 17880 21.5168
3.15034 2.60567 18030 21.1207
3.17113 2.60109 18680 21.0836
3.19265 2.58361 19170 20.9419
3.21364 2.56406 18720 20.7834
3.23467 2.52625 19536 20.4769
3.25676 2.52783 20954 20.4897
3.27858 2.50224 20328 20.2823
3.3005 2.4637 20718 19.97
3.32227 2.47078 21348 20.0273
3.34438 2.43401 21534 19.7293
3.36657 2.4116 22256 19.5476
3.38869 2.34403 22104 19
3.41124 2.34465 23178 19.0049
3.43406 2.36274 23880 19.1516
3.45721 2.34374 24230 18.9976
3.48034 2.33246 24468 18.9061
3.50366 2.32011 25230 18.806
3.5269 2.26968 25328 18.3973
3.5504 2.27226 25818 18.4182
3.57388 2.27036 26616 18.4027
3.59743 2.23045 26376 18.0792
3.62141 2.21061 28034 17.9184
3.64536 2.18929 27816 17.7456
3.66958 2.13171 28398 17.2789
3.69387 2.16564 29652 17.554
3.71882 2.15374 30134 17.4575
3.74375 2.13519 30792 17.3071
3.76897 2.10803 31218 17.087
3.79359 2.08762 30912 16.9216
3.81905 2.07653 33158 16.8316
3.84456 2.03288 32772 16.4778
3.86994 2.02956 33150 16.451
3.89542 1.99299 34256 16.1545
3.92167 1.98264 35562 16.0706
3.9475 1.98458 34992 16.0863
3.97388 1.95708 37158 15.8635
4.00046 1.94937 36956 15.8009
4.0271 1.90816 37950 15.4669
4.05369 1.91091 38496 15.4892
4.08104 1.87958 40274 15.2352
4.10806 1.86276 39264 15.0989
4.13528 1.87636 41466 15.2092
4.16281 1.86459 41960 15.1137
4.19067 1.82714 42702 14.8102
4.2184 1.84097 43356 14.9223
4.24659 1.798 44886 14.5739
4.27484 1.80775 45248 14.653
4.30338 1.77447 46362 14.3833
4.33198 1.75195 46974 14.2007
4.36071 1.7489 48236 14.176
4.3897 1.73783 48774 14.0863
4.4189 1.71505 50616 13.9016
4.44852 1.70727 51050 13.8385
4.4781 1.69237 52272 13.7178
4.50814 1.67127 53658 13.5468
4.53768 1.67027 52640 13.5387
4.56805 1.65609 57366 13.4237
4.59871 1.62924 55170 13.206
4.62914 1.60301 58544 12.9935
4.66021 1.59958 58506 12.9657
4.69082 1.58307 58968 12.8318
4.72214 1.56888 62366 12.7168
4.75359 1.56563 61266 12.6905
4.785 1.55371 63960 12.5939
4.81697 1.53895 64730 12.4742
4.84894 1.50304 66360 12.1831
4.88139 1.51137 67778 12.2507
4.91407 1.50093 69558 12.166
4.94671 1.47508 69660 11.9565
4.97947 1.46037 71390 11.8372
5.01272 1.45243 73974 11.7729
5.04614 1.44409 74196 11.7053
5.07982 1.43904 76622 11.6644
5.11321 1.42743 75516 11.5702
5.14731 1.40196 81510 11.3638
5.18198 1.39334 80138 11.2939
5.21624 1.38532 82368 11.2289
5.25098 1.36181 84098 11.0384
5.28607 1.35489 86286 10.9823
5.32112 1.34455 86700 10.8985
5.35657 1.34498 90014 10.9019
5.39237 1.32621 90930 10.7498
5.42797 1.30908 91694 10.611
5.46416 1.28313 96228 10.4007
5.5009 1.30345 97014 10.5653
5.53734 1.27376 97370 10.3247
5.57394 1.27352 100656 10.3227
5.61112 1.25366 102530 10.1618
5.64841 1.25277 104454 10.1546
5.68598 1.24207 107196 10.0678
5.72422 1.21937 110414 9.88377
5.76233 1.21717 109578 9.86598
5.80067 1.19993 114974 9.72623
5.83932 1.19267 114396 9.66741
5.87805 1.1827 118190 9.58653
5.91726 1.1772 120498 9.54199
5.95666 1.16391 122718 9.43425
5.99617 1.15031 124604 9.32404
6.03605 1.1354 127950 9.20314
6.07637 1.13266 130826 9.18095
6.11683 1.1176 132510 9.05891
6.15724 1.10475 134180 8.9547
6.19831 1.10915 140214 8.9904
6.23974 1.08948 140018 8.83099
6.28136 1.08211 145650 8.77119
6.32317 1.07534 145350 8.7163
6.3651 1.05727 150188 8.56984
6.40747 1.05088 152214 8.51806
6.45023 1.04848 157226 8.49862
6.49325 1.02818 158118 8.33412
6.53637 1.02403 162338 8.30043
6.57987 1.01795 165378 8.25115
6.62371 1.00809 169256 8.17122
6.66769 0.994147 170682 8.05822
6.71213 0.980298 177566 7.94596
6.75715 0.97756 179610 7.92378
6.80213 0.967968 182690 7.84602
6.8473 0.961449 185694 7.79318
6.8928 0.947626 190346 7.68114
6.93857 0.945729 192852 7.66576
6.98472 0.937344 198806 7.5978
7.03127 0.925546 201378 7.50217
7.07818 0.922315 207446 7.47597
7.12517 0.914879 207258 7.4157
7.17243 0.901465 215762 7.30697
7.22044 0.895635 219702 7.25972
7.26849 0.886199 221522 7.18323
7.31672 0.87988 227754 7.13201
7.3654 0.870064 231710 7.05245
7.41433 0.863967 235994 7.00302
7.4637 0.853358 242346 6.91703
7.51349 0.844041 246704 6.84151
7.56347 0.838486 250410 6.79648
7.61393 0.830346 258410 6.73051
7.66479 0.821033 261414 6.65502
7.71574 0.811974 265874 6.58159
7.76711 0.803579 273450 6.51354
7.81889 0.793775 276974 6.43407
7.87101 0.790053 284402 6.4039
7.92338 0.780502 287754 6.32649
7.97606 0.771864 295010 6.25647
8.0293 0.766856 302142 6.21588
8.08275 0.757595 304946 6.14081
8.13628 0.750915 311642 6.08667
8.19037 0.743364 319326 6.02546
8.24475 0.736339 323618 5.96851
8.29961 0.727781 333744 5.89915
8.35495 0.717908 337970 5.81912
8.41075 0.716663 348758 5.80903
8.46683 0.708756 350346 5.74493
8.52295 0.701612 358778 5.68703
8.57991 0.694048 370578 5.62572
8.63732 0.686503 374258 5.56456
8.69471 0.678972 380558 5.50352
8.75245 0.67378 388434 5.46143
8.81071 0.663287 398522 5.37638
8.8694 0.660237 404042 5.35166
8.92825 0.653715 412164 5.2988
8.98764 0.647129 422258 5.24541
9.04755 0.639481 430754 5.18342
9.10782 0.632782 438906 5.12911
9.16841 0.62507 446738 5.06661
9.22955 0.619174 459098 5.01881
9.29099 0.612837 463380 4.96745
9.35274 0.605113 476138 4.90485
9.41504 0.597967 484322 4.84692
9.47775 0.593051 495738 4.80707
9.54092 0.589566 504266 4.77882
9.60451 0.583037 515696 4.7259
9.66826 0.576983 520974 4.67683
9.73246 0.56778 536882 4.60224
9.79738 0.563188 546818 4.56501
9.86258 0.55673 556178 4.51267
9.92813 0.551979 567672 4.47416
9.99431 0.545408 582314 4.4209
10.0611 0.539236 593138 4.37087
10.128 0.53265 600920 4.31748
10.1952 0.526571 614274 4.26821
10.2631 0.520053 630050 4.21538
10.3315 0.517357 638678 4.19352
10.4002 0.511437 653984 4.14554
10.4696 0.504858 669618 4.09221
10.5393 0.50071 676922 4.05859
10.6093 0.495049 692552 4.0127
10.6799 0.491649 709178 3.98514
10.7511 0.48362 721416 3.92006
10.8226 0.479401 735698 3.88587
10.8947 0.474474 752546 3.84593
10.9672 0.469484 763760 3.80548
11.0401 0.463519 782498 3.75713
11.1137 0.458386 797178 3.71552
11.1877 0.455488 814976 3.69203
11.2623 0.447619 831266 3.62825
11.3374 0.445098 845696 3.60781
11.4126 0.438939 860234 3.55789
11.4886 0.435424 883928 3.5294
11.5652 0.431751 898338 3.49963
11.6423 0.425461 917576 3.44864
11.7197 0.421336 933194 3.4152
11.7976 0.416458 952736 3.37567
11.8762 0.410988 974522 3.33133
11.9552 0.407163 990032 3.30033
12.0348 0.402679 1013438 3.26398
12.1149 0.398125 1031168 3.22707
12.1955 0.395236 1055610 3.20365
12.2768 0.389753 1074440 3.1592
12.3584 0.385821 1095146 3.12733
12.4407 0.381528 1119584 3.09254
12.5236 0.378139 1141922 3.06507
12.6069 0.372676 1160216 3.02078
12.6907 0.369772 1185992 2.99724
12.7753 0.365176 1215422 2.95999
12.8604 0.361373 1235072 2.92917
12.946 0.357654 1259024 2.89903
13.0322 0.354032 1286210 2.86967
13.1189 0.349358 1310960 2.83178
13.2063 0.34667 1338056 2.80999
13.2942 0.342361 1364966 2.77506
13.3827 0.339455 1391768 2.75151
13.4718 0.33566 1420448 2.72075
13.5615 0.331613 1448858 2.68794
13.6518 0.327448 1477952 2.65418
13.7426 0.32453 1506308 2.63053
13.8341 0.3213 1538144 2.60435
13.9261 0.317793 1567562 2.57592
14.0187 0.314808 1596704 2.55172
14.112 0.310919 1635572 2.52021
14.2061 0.307664 1666520 2.49382
14.3007 0.3043 1699304 2.46655
14.396 0.301113 1734278 2.44072
14.4918 0.297674 1764392 2.41285
14.5882 0.294092 1804904 2.38381
14.6854 0.29143 1841024 2.36224
14.7831 0.287622 1873820 2.33137
14.8815 0.284787 1913600 2.30839
14.9805 0.280927 1952864 2.2771
15.0803 0.278563 1994966 2.25793
15.1808 0.275195 2032160 2.23063
15.2818 0.272108 2070124 2.20562
15.3835 0.268968 2117456 2.18017
15.486 0.266137 2156600 2.15722
15.5891 0.263154 2200316 2.13304
15.6929 0.260097 2247272 2.10826
15.7974 0.257253 2287460 2.0852
15.9025 0.254634 2335424 2.06398
16.0083 0.252292 2383216 2.04499
16.1149 0.249499 2430548 2.02235
16.2221 0.246733 2474288 1.99993
16.3301 0.244081 2533724 1.97843
16.4388 0.241108 2578544 1.95434
16.5483 0.238657 2634154 1.93448
16.6585 0.236185 2685200 1.91443
16.7694 0.233383 2740268 1.89172
16.881 0.231404 2791568 1.87568
16.9934 0.22882 2854940 1.85474
17.1066 0.225885 2904208 1.83094
17.2204 0.223862 2965964 1.81455
17.335 0.22141 3022550 1.79467
17.4504 0.218905 3089068 1.77437
17.5666 0.216436 3148604 1.75435
17.6835 0.214582 3210680 1.73933
17.8012 0.212026 3275210 1.71861
17.9197 0.209746 3346312 1.70013
18.0391 0.207808 3408932 1.68442
18.1591 0.205134 3475196 1.66275
18.28 0.203324 3550342 1.64808
18.4017 0.201011 3618788 1.62933
18.5242 0.199143 3690872 1.61419
18.6475 0.196969 3765538 1.59657
18.7716 0.195287 3838964 1.58293
18.8965 0.19326 3920362 1.5665
19.0224 0.191327 4000832 1.55083
19.149 0.189284 4077428 1.53427
19.2765 0.187354 4160626 1.51863
19.4048 0.185334 4243208 1.50226
19.5341 0.183513 4335538 1.48749
19.6642 0.181679 4413500 1.47263
19.795 0.18004 4505450 1.45934
19.9268 0.177968 4596040 1.44255
20.0594 0.176445 4684418 1.4302
20.1929 0.174443 4784836 1.41398
20.3274 0.172723 4877354 1.40003
20.4627 0.171184 4975786 1.38756
20.5989 0.169626 5078756 1.37493
20.736 0.168152 5177662 1.36299
20.874 0.166209 5280932 1.34723
21.013 0.164854 5391274 1.33625
21.153 0.163598 5500906 1.32607
21.2938 0.162106 5604530 1.31398
21.4354 0.160634 5715700 1.30204
21.5782 0.159147 5842058 1.28999
21.7219 0.157837 5955226 1.27938
21.8664 0.156286 6063770 1.2668
22.012 0.155068 6202156 1.25693
22.1586 0.153806 6320530 1.2467
22.3061 0.152368 6442874 1.23504
22.4546 0.150983 6578986 1.22381
22.6041 0.149949 6707818 1.21544
22.7545 0.148641 6838082 1.20483
22.906 0.147762 6987316 1.19771
23.0585 0.146614 7117018 1.1884
23.2119 0.145665 7259306 1.18071
23.3665 0.14447 7415650 1.17102
23.5221 0.143466 7558810 1.16289
23.6787 0.142612 7716338 1.15597
23.8363 0.141703 7860058 1.1486
23.9949 0.141029 8022286 1.14313
24.1547 0.140171 8191498 1.13618
24.3155 0.139334 8341402 1.1294
24.4773 0.138784 8524784 1.12494
24.6403 0.138204 8686018 1.12024
24.8043 0.137663 8865142 1.11585
24.9694 0.137316 9040714 1.11304
25.1357 0.13702 9225754 1.11064
25.303 0.136532 9409058 1.10668
25.4715 0.13633 9599212 1.10504
25.641 0.136155 9792874 1.10363
25.8118 0.13619 9989362 1.10391
25.9836 0.136143 10185502 1.10353
26.1565 0.136224 10394392 1.10419
26.3307 0.136191 10607554 1.10391
26.506 0.136474 10813990 1.10621
26.6824 0.136977 11029240 1.11029
26.8598 0.136906 11191111 1.10971
27.0386 0.136022 11185948 1.10255
27.2186 0.135165 11191384 1.0956
27.3998 0.134001 11166280 1.08616
27.5821 0.133077 11162812 1.07868
27.7658 0.13215 11148064 1.07116
27.9506 0.131284 11122480 1.06414
28.1366 0.130458 11104984 1.05745
28.3239 0.129662 11085376 1.051
28.5125 0.128872 11049712 1.04459
28.7023 0.128111 11013328 1.03843
28.8933 0.127278 10970140 1.03167
29.0857 0.126556 10943872 1.02582
29.2794 0.125945 10885456 1.02087
29.4742 0.125283 10833720 1.0155
29.6704 0.124769 10777816 1.01134
29.8679 0.124254 10724320 1.00716
30.0668 0.12363 10657576 1.0021
30.2669 0.12315 10579924 0.998213
30.4684 0.122655 10508784 0.994202
30.6712 0.122306 10422700 0.991374
30.8754 0.121989 10345720 0.988801
31.081 0.121632 10248148 0.985911
31.2878 0.121347 10144776 0.9836
31.4961 0.121233 10050904 0.982672
31.7058 0.121084 9924772 0.981467
31.9167 0.120957 9816636 0.980436
32.1292 0.120878 9692764 0.979799
32.3431 0.120913 9567688 0.980082
32.5585 0.120994 9424104 0.980737
32.7752 0.121216 9278716 0.982536
32.9933 0.121295 9127788 0.98318
33.2129 0.121521 8968792 0.985008
33.434 0.122093 8801068 0.989642
33.6565 0.122444 8626764 0.992491
33.8806 0.123002 8444740 0.997011
34.1061 0.123658 8248812 1.00233
34.3331 0.124178 8050900 1.00655
34.5617 0.125159 7840044 1.0145
34.7917 0.126015 7621816 1.02143
35.0232 0.126847 7391184 1.02818
35.2564 0.128131 7158996 1.03859
35.491 0.129204 6904924 1.04729
35.7272 0.130517 6649248 1.05793
35.965 0.131829 6384676 1.06856
36.2044 0.133184 6098844 1.07955
36.4453 0.134831 5811012 1.0929
36.6878 0.135868 5508112 1.1013
36.9319 0.137122 5195916 1.11147
37.1776 0.138251 4872228 1.12062
37.425 0.138813 4531392 1.12517
37.6739 0.138595 4181068 1.12341
37.9246 0.137441 3827115 1.11405
38.1772 0.136766 3511752 1.10858
38.4314 0.137233 3240696 1.11237
38.6872 0.137263 2990682 1.11261
38.9448 0.138154 2763190 1.11983
39.2041 0.139298 2544444 1.1291
39.465 0.14021 2340936 1.1365
39.7277 0.141727 2149530 1.14879
39.9921 0.143644 1967724 1.16433
40.2582 0.145252 1794918 1.17736
40.5261 0.147274 1632468 1.19375
40.7957 0.149533 1477728 1.21206
41.0671 0.152659 1333008 1.2374
41.3404 0.15558 1194306 1.26108
41.6155 0.159407 1064754 1.2921
41.8925 0.163903 941964 1.32854
42.1712 0.168554 826020 1.36624
42.4515 0.173562 718284 1.40684
42.7339 0.179101 619944 1.45173
43.0181 0.18554 524820 1.50392
43.3041 0.193308 441182 1.56689
43.5916 0.201986 360702 1.63723
43.8811 0.210217 292782 1.70395
44.1732 0.221193 228006 1.79292
44.4652 0.232895 171158 1.88777
44.7587 0.246972 124494 2.00187
45.0552 0.26373 84168 2.13771
45.3521 0.280329 51006 2.27225
45.6466 0.299277 26360 2.42584
45.9351 0.318369 9960 2.58059
46.1972 0.315847 1561 2.56015
