# in Mpc/h Units 
# D1 = 0.128535 
# k P N P(z=0)
0.0523599 85.0057 6 5145.22
0.074048 141.914 12 8589.74
0.09069 154.789 8 9369.08
0.10472 22.8846 6 1385.16
0.11708 93.4947 24 5659.05
0.128255 53.3892 24 3231.54
0.148096 102.789 12 6221.6
0.15708 42.5043 30 2572.7
0.165576 48.1024 24 2911.54
0.173658 45.1435 24 2732.44
0.18138 17.9398 8 1085.86
0.188786 44.731 24 2707.48
0.195913 35.6078 48 2155.27
0.20944 13.8826 6 840.286
0.215885 26.2914 48 1591.37
0.222144 25.2269 36 1526.93
0.228231 13.7387 24 831.573
0.23416 29.9778 24 1814.49
0.239943 19.6606 48 1190.02
0.24559 26.1094 24 1580.35
0.25651 20.174 24 1221.09
0.261799 12.6581 30 766.171
0.266984 16.1114 72 975.192
0.27207 26.753 32 1619.3
0.281967 16.6781 72 1009.49
0.286787 19.5403 48 1182.73
0.296192 12.1198 12 733.584
0.300785 18.6389 48 1128.18
0.305308 15.3735 48 930.528
0.309765 13.591 48 822.638
0.314159 10.3687 30 627.594
0.318493 15.1257 24 915.528
0.322768 13.6704 72 827.444
0.331153 13.1288 24 794.661
0.335267 10.7435 96 650.283
0.339331 14.9562 48 905.266
0.343347 12.7138 24 769.542
0.347316 12.6243 24 764.121
0.351241 10.7428 72 650.241
0.355122 8.51093 48 515.149
0.36276 17.6163 8 1066.28
0.366519 14.2174 54 860.55
0.37024 10.1077 84 611.8
0.373924 9.65114 48 584.164
0.377572 10.1053 24 611.651
0.381186 8.10677 72 490.686
0.384765 11.5295 96 697.859
0.391825 8.70194 48 526.71
0.395308 8.20731 48 496.772
0.398761 8.90112 24 538.767
0.402184 7.42622 72 449.494
0.408944 7.53196 72 455.894
0.412282 8.14812 96 493.189
0.418879 3.58991 6 217.29
0.422139 6.37876 96 386.093
0.425374 8.26167 96 500.062
0.428584 5.42314 24 328.252
0.431771 5.41777 48 327.926
0.434934 7.12969 96 431.546
0.438074 7.23371 48 437.842
0.444288 8.09043 36 489.697
0.447363 4.33879 48 262.618
0.450417 6.47684 120 392.03
0.45345 4.88965 56 295.96
0.456463 5.63887 24 341.31
0.459456 5.89833 96 357.014
0.46243 7.43674 48 450.131
0.468321 3.34582 24 202.515
0.471239 4.99596 102 302.395
0.475868 4.99552 120 302.369
0.479886 8.02538 48 485.76
0.482734 4.23641 48 256.421
0.485566 5.13934 120 311.074
0.491179 5.74843 24 347.941
0.493962 6.05464 144 366.475
0.497516 4.33119 168 262.158
0.50494 5.46525 48 330.801
0.507648 4.28445 96 259.329
0.51302 6.05675 24 366.603
0.515685 5.73514 48 347.137
0.518336 4.35474 108 263.583
0.520974 2.93084 72 177.398
0.525815 5.13713 198 310.94
0.528809 4.47089 48 270.614
0.533968 3.57644 72 216.474
0.536529 4.07797 96 246.831
0.539078 5.86801 72 355.179
0.542392 3.39855 104 205.707
0.546653 4.3139 72 261.112
0.549155 3.56583 144 215.832
0.557822 4.13018 192 249.991
0.561497 3.40612 48 206.166
0.565449 4.20242 192 254.364
0.568774 3.83059 72 231.858
0.573574 3.98892 48 241.441
0.575959 4.1309 78 250.035
0.57901 4.09096 168 247.617
0.585401 3.70543 144 224.282
0.587738 3.53246 144 213.812
0.592384 2.31887 12 140.356
0.595269 3.82169 192 231.319
0.599938 4.08146 168 247.042
0.603844 3.4257 48 207.35
0.606109 3.22321 168 195.094
0.61211 3.89687 144 235.87
0.616043 3.65133 168 221.007
0.621003 2.97364 144 179.988
0.62394 3.64766 48 220.785
0.628319 2.16035 30 130.762
0.631943 3.04251 288 184.157
0.635476 3.1834 80 192.685
0.640026 2.96729 288 179.604
0.645536 2.35152 72 142.333
0.648501 2.7183 240 164.533
0.651875 2.52873 96 153.059
0.657259 3.49583 168 211.596
0.664143 2.37182 216 143.562
0.666806 3.31112 132 200.415
0.671554 2.82484 192 170.982
0.67461 2.81 120 170.084
0.67991 2.60433 126 157.635
0.683858 2.57734 288 156.001
0.689604 2.49708 312 151.143
0.694632 2.32232 24 140.565
0.699101 2.66006 264 161.008
0.703699 1.99702 192 120.876
0.707341 3.01176 192 182.296
0.712995 2.43006 336 147.087
0.716011 2.69213 48 162.949
0.72021 2.22777 240 134.843
0.728882 2.06902 296 125.234
0.73184 2.30966 150 139.799
0.735837 2.23765 240 135.44
0.741648 2.89343 228 175.134
0.745808 2.20328 216 133.36
0.750984 1.92385 336 116.447
0.757319 2.02628 360 122.647
0.761471 2.09636 144 126.888
0.764935 2.10998 168 127.713
0.771444 2.01003 312 121.663
0.777209 1.852 288 112.098
0.781021 1.63217 192 98.7919
0.786997 1.66417 366 100.729
0.793162 1.82393 408 110.399
0.798994 1.42558 168 86.2872
0.801928 2.17863 336 131.868
0.80675 1.85635 240 112.361
0.81435 1.8127 380 109.719
0.819874 1.53887 384 93.1444
0.825561 1.8415 240 111.462
0.829315 1.61427 360 97.7087
0.834578 1.63995 198 99.2626
0.840616 1.78878 384 108.271
0.845798 1.89996 384 115.001
0.852892 1.47884 432 89.5115
0.858982 1.80249 528 109.101
0.865654 1.61513 288 97.7603
0.869604 1.43766 288 87.0184
0.875816 1.49781 456 90.6594
0.882071 1.67442 360 101.349
0.886104 1.47456 180 89.252
0.89194 1.55036 486 93.84
0.897856 1.38427 504 83.7871
0.904202 1.39067 512 84.1746
0.909643 1.44781 264 87.6331
0.916102 1.43686 600 86.97
0.921642 1.61903 288 97.9964
0.928714 1.41049 672 85.3741
0.936467 1.26439 408 76.5309
0.942098 1.42708 462 86.3785
0.947697 1.39568 600 84.4775
0.95445 1.42005 504 85.9526
0.96178 1.32858 324 80.4164
0.966657 1.25399 744 75.9017
0.973282 1.26623 456 76.6422
0.979174 1.3129 432 79.4669
0.98607 1.30172 720 78.7904
0.994526 1.10151 534 66.6723
1.00005 1.19541 536 72.356
1.00695 1.12901 624 68.3369
1.01254 1.14947 600 69.5751
1.01915 1.0891 696 65.921
1.02716 0.973915 456 58.9491
1.03311 1.04534 732 63.2726
1.04021 0.991143 600 59.9919
1.04746 1.02394 702 61.9773
1.05386 0.988946 672 59.8589
1.06134 1.05314 768 63.7446
1.06878 0.963892 768 58.3424
1.07508 0.97645 408 59.1025
1.08188 0.892129 1080 53.9988
1.09086 1.00171 632 60.6312
1.09724 0.973455 750 58.9212
1.10427 0.888963 696 53.8071
1.11146 0.959474 876 58.075
1.11946 0.966455 864 58.4976
1.12585 0.96289 768 58.2818
1.13353 0.938497 888 56.8053
1.14144 0.949739 816 57.4858
1.14947 0.91666 654 55.4836
1.15655 0.823808 1296 49.8634
1.16466 0.869442 816 52.6256
1.17201 0.8471 816 51.2732
1.17979 0.881059 1088 53.3287
1.18868 0.79043 1020 47.8431
1.19695 0.781528 1032 47.3043
1.2048 0.84066 942 50.8834
1.21235 0.73847 1032 44.6981
1.22125 0.741385 1128 44.8745
1.22758 0.737415 888 44.6342
1.23587 0.719023 1176 43.521
1.24422 0.749074 960 45.34
1.25132 0.736225 1110 44.5622
1.26083 0.700735 1116 42.4141
1.26841 0.683202 1352 41.3528
1.27694 0.67353 1200 40.7674
1.28569 0.712449 1224 43.1231
1.29494 0.635557 1320 38.469
1.30323 0.670415 1128 40.5789
1.31205 0.643703 1518 38.962
1.31993 0.589967 1080 35.7095
1.32925 0.609333 1524 36.8817
1.33806 0.59766 1416 36.1752
1.34776 0.592641 1704 35.8714
1.3575 0.584396 1088 35.3723
1.36503 0.572172 1446 34.6324
1.37457 0.559764 1800 33.8814
1.38423 0.58635 1512 35.4906
1.39292 0.549715 1392 33.2731
1.40119 0.541888 1392 32.7994
1.41152 0.517756 1962 31.3387
1.42148 0.542181 1776 32.8171
1.4311 0.567728 1680 34.3634
1.44075 0.529679 1776 32.0604
1.4503 0.529843 1544 32.0703
1.45906 0.488629 1896 29.5757
1.46881 0.470999 1662 28.5086
1.47857 0.484554 1908 29.3291
1.48825 0.497253 2184 30.0977
1.49906 0.475087 1848 28.7561
1.50823 0.466928 1848 28.2622
1.51928 0.474067 2238 28.6943
1.52892 0.454517 2088 27.511
1.53945 0.452198 2192 27.3706
1.54826 0.446839 1536 27.0462
1.55799 0.418977 2412 25.3599
1.56909 0.409689 2262 24.7976
1.57956 0.435548 2448 26.3629
1.58993 0.412583 2040 24.9728
1.60098 0.391798 2976 23.7148
1.61239 0.409331 2184 24.776
1.62326 0.389497 2550 23.5754
1.63365 0.381966 2396 23.1197
1.64411 0.386163 2760 23.3736
1.65507 0.36679 2424 22.201
1.66671 0.389437 2832 23.5719
1.67729 0.370623 2574 22.4331
1.68865 0.345705 3024 20.9248
1.69926 0.35309 2484 21.3718
1.71073 0.349082 3168 21.1292
1.72232 0.349454 2894 21.1518
1.73367 0.355443 2856 21.5143
1.74507 0.348132 3384 21.0717
1.75738 0.34486 3240 20.8737
1.76843 0.325252 2856 19.6868
1.78079 0.312453 3474 18.9122
1.79234 0.316408 3432 19.1516
1.80467 0.305396 3552 18.485
1.81741 0.303558 3560 18.3738
1.82908 0.292003 3270 17.6743
1.84056 0.30921 3552 18.7159
1.85297 0.29476 3780 17.8412
1.86529 0.287837 3960 17.4222
1.87828 0.278256 3696 16.8423
1.89033 0.283627 3726 17.1674
1.90289 0.270611 4376 16.3795
1.91524 0.275654 3648 16.6848
1.92801 0.262305 4332 15.8768
1.94114 0.272714 4254 16.5068
1.95358 0.258661 4296 15.6562
1.96683 0.26013 4320 15.7451
1.97893 0.246495 4368 14.9199
1.99314 0.246093 4826 14.8955
2.00669 0.248563 5016 15.045
2.02001 0.23997 4608 14.5249
2.03371 0.238693 4824 14.4476
2.0469 0.241059 4950 14.5908
2.06043 0.224346 5232 13.5792
2.07427 0.222135 4980 13.4454
2.0873 0.23001 4838 13.922
2.10142 0.218424 6024 13.2208
2.1162 0.214308 5520 12.9716
2.12987 0.21474 5400 12.9978
2.14398 0.209562 5538 12.6844
2.15842 0.212218 6456 12.8451
2.17295 0.207574 5504 12.5641
2.18708 0.206469 6168 12.4972
2.2017 0.204397 5910 12.3718
2.21574 0.200051 6372 12.1087
2.23088 0.188757 6768 11.4251
2.246 0.193237 6294 11.6962
2.26057 0.184588 6656 11.1727
2.27558 0.186081 7224 11.2631
2.29128 0.176026 6708 10.6545
2.30663 0.180274 7566 10.9116
2.32238 0.173861 7416 10.5234
2.33773 0.171392 6984 10.374
2.35249 0.164952 7310 9.98418
2.36851 0.165112 8148 9.99392
2.38413 0.165136 7632 9.99535
2.40004 0.163988 8088 9.92588
2.41649 0.1607 8478 9.72682
2.43227 0.154733 8112 9.3657
2.44806 0.156328 8108 9.46224
2.46464 0.155616 9510 9.4191
2.48167 0.146638 8472 8.87571
2.4972 0.147267 8832 8.9138
2.51377 0.146709 8898 8.88002
2.5304 0.143514 10008 8.68664
2.54769 0.141792 9392 8.58236
2.56498 0.136948 10206 8.28916
2.58178 0.134873 9528 8.16359
2.59871 0.130846 10236 7.91985
2.61602 0.133576 10398 8.08506
2.63365 0.133979 10784 8.10948
2.6509 0.127884 10584 7.74057
2.66899 0.123603 11346 7.48146
2.68677 0.125571 11400 7.60054
2.70438 0.12401 11016 7.50608
2.72238 0.12006 11870 7.267
2.74093 0.120667 12516 7.30374
2.75923 0.116422 11880 7.04677
2.77729 0.115582 11886 6.99595
2.79526 0.114705 13104 6.94283
2.81432 0.111291 12764 6.7362
2.833 0.111077 13446 6.72324
2.85202 0.109077 13464 6.60218
2.87073 0.109151 13398 6.60667
2.89013 0.10689 14628 6.46982
2.90936 0.104983 14024 6.35439
2.92925 0.10436 15054 6.31671
2.94838 0.103665 14496 6.27464
2.96782 0.0998661 15012 6.04469
2.98749 0.0999451 15422 6.04947
3.00704 0.0966838 15624 5.85208
3.02719 0.0947441 16146 5.73467
3.04759 0.0963493 17064 5.83183
3.06788 0.092283 16152 5.5857
3.08831 0.0935673 17510 5.66344
3.10884 0.088795 17172 5.37458
3.12935 0.0902751 17880 5.46417
3.15034 0.0864587 18030 5.23317
3.17113 0.0852403 18680 5.15942
3.19265 0.0835931 19170 5.05972
3.21364 0.0811922 18720 4.9144
3.23467 0.0805562 19536 4.8759
3.25676 0.0801759 20954 4.85288
3.27858 0.0794507 20328 4.80899
3.3005 0.0792134 20718 4.79463
3.32227 0.0770501 21348 4.66368
3.34438 0.0760482 21534 4.60304
3.36657 0.0749913 22256 4.53907
3.38869 0.0736216 22104 4.45617
3.41124 0.07177 23178 4.34409
3.43406 0.0717302 23880 4.34168
3.45721 0.0694104 24230 4.20127
3.48034 0.0699566 24468 4.23433
3.50366 0.068099 25230 4.12189
3.5269 0.0669419 25328 4.05186
3.5504 0.066323 25818 4.0144
3.57388 0.0644832 26616 3.90304
3.59743 0.0638789 26376 3.86646
3.62141 0.0631373 28034 3.82157
3.64536 0.0625617 27816 3.78673
3.66958 0.0620951 28398 3.75849
3.69387 0.0602332 29652 3.6458
3.71882 0.0599753 30134 3.63018
3.74375 0.0585409 30792 3.54336
3.76897 0.0573278 31218 3.46994
3.79359 0.0565155 30912 3.42077
3.81905 0.0560709 33158 3.39386
3.84456 0.0555746 32772 3.36382
3.86994 0.0544677 33150 3.29682
3.89542 0.0530694 34256 3.21218
3.92167 0.0522127 35562 3.16033
3.9475 0.0520065 34992 3.14785
3.97388 0.0510519 37158 3.09007
4.00046 0.0503147 36956 3.04545
4.0271 0.0499676 37950 3.02444
4.05369 0.0488741 38496 2.95825
4.08104 0.0483447 40274 2.92621
4.10806 0.0474354 39264 2.87117
4.13528 0.0467162 41466 2.82763
4.16281 0.0456662 41960 2.76408
4.19067 0.0449203 42702 2.71893
4.2184 0.0445521 43356 2.69665
4.24659 0.0436758 44886 2.64361
4.27484 0.0434369 45248 2.62915
4.30338 0.043001 46362 2.60276
4.33198 0.0416775 46974 2.52265
4.36071 0.0408538 48236 2.4728
4.3897 0.0405529 48774 2.45458
4.4189 0.0398318 50616 2.41094
4.44852 0.0393911 51050 2.38426
4.4781 0.0385062 52272 2.3307
4.50814 0.0382331 53658 2.31417
4.53768 0.0377637 52640 2.28576
4.56805 0.0370638 57366 2.2434
4.59871 0.0362399 55170 2.19353
4.62914 0.0361001 58544 2.18507
4.66021 0.0356285 58506 2.15652
4.69082 0.0350801 58968 2.12333
4.72214 0.0345256 62366 2.08976
4.75359 0.0338772 61266 2.05052
4.785 0.0333862 63960 2.0208
4.81697 0.032781 64730 1.98417
4.84894 0.032431 66360 1.96298
4.88139 0.0318937 67778 1.93046
4.91407 0.0312866 69558 1.89372
4.94671 0.0309674 69660 1.87439
4.97947 0.0303665 71390 1.83802
5.01272 0.0298975 73974 1.80964
5.04614 0.0293447 74196 1.77618
5.07982 0.0291109 76622 1.76202
5.11321 0.0283379 75516 1.71524
5.14731 0.0281536 81510 1.70408
5.18198 0.0276252 80138 1.6721
5.21624 0.0273281 82368 1.65411
5.25098 0.0270055 84098 1.63459
5.28607 0.0263355 86286 1.59403
5.32112 0.0258678 86700 1.56573
5.35657 0.0257476 90014 1.55845
5.39237 0.0251732 90930 1.52368
5.42797 0.0248196 91694 1.50228
5.46416 0.024581 96228 1.48784
5.5009 0.0239784 97014 1.45137
5.53734 0.0238154 97370 1.4415
5.57394 0.0233492 100656 1.41328
5.61112 0.0228588 102530 1.3836
5.64841 0.0228363 104454 1.38224
5.68598 0.0223611 107196 1.35347
5.72422 0.0218364 110414 1.32171
5.76233 0.0215384 109578 1.30367
5.80067 0.0213016 114974 1.28934
5.83932 0.0210169 114396 1.27211
5.87805 0.0207116 118190 1.25363
5.91726 0.0203935 120498 1.23438
5.95666 0.0200449 122718 1.21328
5.99617 0.0197511 124604 1.19549
6.03605 0.0194501 127950 1.17728
6.07637 0.0191059 130826 1.15644
6.11683 0.0188795 132510 1.14274
6.15724 0.0185441 134180 1.12244
6.19831 0.0183082 140214 1.10816
6.23974 0.0179622 140018 1.08722
6.28136 0.0176686 145650 1.06945
6.32317 0.0174412 145350 1.05568
6.3651 0.0171174 150188 1.03608
6.40747 0.0169775 152214 1.02761
6.45023 0.0166262 157226 1.00635
6.49325 0.0162993 158118 0.986561
6.53637 0.0161537 162338 0.977748
6.57987 0.0158201 165378 0.957561
6.62371 0.0156559 169256 0.947621
6.66769 0.0154687 170682 0.936289
6.71213 0.0151046 177566 0.914249
6.75715 0.0149448 179610 0.904577
6.80213 0.0147261 182690 0.89134
6.8473 0.0144868 185694 0.876856
6.8928 0.0141917 190346 0.858992
6.93857 0.0139594 192852 0.844931
6.98472 0.013854 198806 0.838555
7.03127 0.0135602 201378 0.820774
7.07818 0.0133739 207446 0.809497
7.12517 0.013251 207258 0.802056
7.17243 0.0129773 215762 0.785488
7.22044 0.0126918 219702 0.768212
7.26849 0.0126292 221522 0.764422
7.31672 0.0124272 227754 0.752191
7.3654 0.0122938 231710 0.744116
7.41433 0.0119416 235994 0.722798
7.4637 0.0118394 242346 0.716614
7.51349 0.0116607 246704 0.705797
7.56347 0.0114907 250410 0.69551
7.61393 0.0113117 258410 0.684674
7.66479 0.0110962 261414 0.671633
7.71574 0.0109653 265874 0.663707
7.76711 0.0107438 273450 0.650299
7.81889 0.0106049 276974 0.641896
7.87101 0.0104718 284402 0.633835
7.92338 0.010362 287754 0.627193
7.97606 0.0101144 295010 0.612207
8.0293 0.00993891 302142 0.601582
8.08275 0.00981873 304946 0.594308
8.13628 0.00969557 311642 0.586853
8.19037 0.00953154 319326 0.576924
8.24475 0.00933353 323618 0.56494
8.29961 0.00922461 333744 0.558347
8.35495 0.00907813 337970 0.549481
8.41075 0.00898741 348758 0.54399
8.46683 0.00881973 350346 0.53384
8.52295 0.00864815 358778 0.523455
8.57991 0.00852952 370578 0.516275
8.63732 0.0084207 374258 0.509688
8.69471 0.00825783 380558 0.49983
8.75245 0.00815386 388434 0.493537
8.81071 0.00805088 398522 0.487303
8.8694 0.00791217 404042 0.478908
8.92825 0.0078298 412164 0.473922
8.98764 0.00764627 422258 0.462813
9.04755 0.00753654 430754 0.456171
9.10782 0.00743606 438906 0.45009
9.16841 0.00729132 446738 0.441329
9.22955 0.00722442 459098 0.437279
9.29099 0.00708961 463380 0.42912
9.35274 0.00697997 476138 0.422483
9.41504 0.00686584 484322 0.415575
9.47775 0.0067711 495738 0.409841
9.54092 0.00664498 504266 0.402207
9.60451 0.00655591 515696 0.396816
9.66826 0.00646186 520974 0.391123
9.73246 0.00635286 536882 0.384526
9.79738 0.00626032 546818 0.378924
9.86258 0.00617105 556178 0.373521
9.92813 0.00607996 567672 0.368008
9.99431 0.00597711 582314 0.361782
10.0611 0.0058793 593138 0.355862
10.128 0.00577389 600920 0.349482
10.1952 0.0056968 614274 0.344816
10.2631 0.00560415 630050 0.339208
10.3315 0.00552109 638678 0.33418
10.4002 0.00545313 653984 0.330067
10.4696 0.0053551 669618 0.324133
10.5393 0.00526979 676922 0.31897
10.6093 0.00519584 692552 0.314494
10.6799 0.00510913 709178 0.309246
10.7511 0.00502379 721416 0.30408
10.8226 0.00495238 735698 0.299758
10.8947 0.00487312 752546 0.29496
10.9672 0.00479672 763760 0.290336
11.0401 0.0047258 782498 0.286043
11.1137 0.00465856 797178 0.281973
11.1877 0.00458435 814976 0.277481
11.2623 0.00451875 831266 0.273511
11.3374 0.00445527 845696 0.269668
11.4126 0.00437545 860234 0.264837
11.4886 0.00431932 883928 0.26144
11.5652 0.00425529 898338 0.257564
11.6423 0.0041931 917576 0.2538
11.7197 0.0041216 933194 0.249472
11.7976 0.00406452 952736 0.246017
11.8762 0.0040051 974522 0.24242
11.9552 0.00394618 990032 0.238854
12.0348 0.00389136 1013438 0.235536
12.1149 0.00383702 1031168 0.232247
12.1955 0.00378092 1055610 0.228851
12.2768 0.00372252 1074440 0.225317
12.3584 0.00367449 1095146 0.222409
12.4407 0.0036161 1119584 0.218875
12.5236 0.0035663 1141922 0.215861
12.6069 0.00352606 1160216 0.213425
12.6907 0.00346826 1185992 0.209927
12.7753 0.00342554 1215422 0.207341
12.8604 0.00337334 1235072 0.204182
12.946 0.00332208 1259024 0.201078
13.0322 0.00328462 1286210 0.198811
13.1189 0.00324636 1310960 0.196495
13.2063 0.00319887 1338056 0.193621
13.2942 0.00317125 1364966 0.19195
13.3827 0.00311875 1391768 0.188771
13.4718 0.00308369 1420448 0.186649
13.5615 0.00304902 1448858 0.184551
13.6518 0.00300687 1477952 0.182
13.7426 0.00296482 1506308 0.179454
13.8341 0.00292974 1538144 0.177331
13.9261 0.00290192 1567562 0.175647
14.0187 0.00287647 1596704 0.174107
14.112 0.00283563 1635572 0.171635
14.2061 0.00280802 1666520 0.169964
14.3007 0.00278593 1699304 0.168627
14.396 0.00275509 1734278 0.16676
14.4918 0.00272749 1764392 0.16509
14.5882 0.002696 1804904 0.163183
14.6854 0.00267715 1841024 0.162042
14.7831 0.00264957 1873820 0.160373
14.8815 0.0026296 1913600 0.159165
14.9805 0.00260821 1952864 0.15787
15.0803 0.00258682 1994966 0.156575
15.1808 0.00257482 2032160 0.155848
15.2818 0.00255978 2070124 0.154938
15.3835 0.00254752 2117456 0.154196
15.486 0.0025321 2156600 0.153263
15.5891 0.00251944 2200316 0.152496
15.6929 0.00250813 2247272 0.151812
15.7974 0.0025004 2287460 0.151344
15.9025 0.00249743 2335424 0.151164
16.0083 0.0024897 2383216 0.150697
16.1149 0.00249037 2430548 0.150737
16.2221 0.00249105 2474288 0.150778
16.3301 0.00249459 2533724 0.150993
16.4388 0.00249875 2578544 0.151245
16.5483 0.00250708 2634154 0.151748
16.6585 0.00251337 2685200 0.152129
16.7694 0.00252844 2740268 0.153041
16.881 0.00253498 2791568 0.153437
16.9934 0.0025523 2854940 0.154485
17.1066 0.00256865 2904208 0.155475
17.2204 0.00259273 2965964 0.156933
17.335 0.00262485 3022550 0.158877
17.4504 0.00265922 3089068 0.160957
17.5666 0.00268401 3148604 0.162458
17.6835 0.00271161 3210680 0.164128
17.8012 0.00275767 3275210 0.166916
17.9197 0.00281182 3346312 0.170194
18.0391 0.00284952 3408932 0.172475
18.1591 0.00289226 3475196 0.175062
18.28 0.00296926 3550342 0.179723
18.4017 0.00302761 3618788 0.183255
18.5242 0.00308315 3690872 0.186617
18.6475 0.00317458 3765538 0.192151
18.7716 0.00323478 3838964 0.195795
18.8965 0.00330578 3920362 0.200092
19.0224 0.00342062 4000832 0.207043
19.149 0.00348414 4077428 0.210888
19.2765 0.00361015 4160626 0.218515
19.4048 0.00368145 4243208 0.222831
19.5341 0.00381901 4335538 0.231157
19.6642 0.00391324 4413500 0.23686
19.795 0.00402368 4505450 0.243545
19.9268 0.00414585 4596040 0.25094
20.0594 0.00429191 4684418 0.25978
20.1929 0.00441188 4784836 0.267042
20.3274 0.00459418 4877354 0.278076
20.4627 0.00468485 4975786 0.283565
20.5989 0.00487433 5078756 0.295034
20.736 0.00502319 5177662 0.304044
20.874 0.00514931 5280932 0.311677
21.013 0.00536194 5391274 0.324548
21.153 0.00551459 5500906 0.333787
21.2938 0.00564854 5604530 0.341894
21.4354 0.00586731 5715700 0.355137
21.5782 0.006036 5842058 0.365347
21.7219 0.0061906 5955226 0.374705
21.8664 0.00635699 6063770 0.384776
22.012 0.00660666 6202156 0.399888
22.1586 0.00677221 6320530 0.409908
22.3061 0.0069374 6442874 0.419907
22.4546 0.00710629 6578986 0.430129
22.6041 0.00728705 6707818 0.44107
22.7545 0.00748585 6838082 0.453103
22.906 0.00767965 6987316 0.464834
23.0585 0.00789691 7117018 0.477984
23.2119 0.00807997 7259306 0.489064
23.3665 0.00826159 7415650 0.500057
23.5221 0.00845328 7558810 0.51166
23.6787 0.00866165 7716338 0.524272
23.8363 0.00885676 7860058 0.536082
23.9949 0.00903862 8022286 0.54709
24.1547 0.00925184 8191498 0.559995
24.3155 0.00944762 8341402 0.571845
24.4773 0.00967347 8524784 0.585515
24.6403 0.00989244 8686018 0.598769
24.8043 0.0101176 8865142 0.612395
24.9694 0.0103537 9040714 0.62669
25.1357 0.0105339 9225754 0.637596
25.303 0.0107751 9409058 0.652197
25.4715 0.0110399 9599212 0.668225
25.641 0.0113069 9792874 0.684385
25.8118 0.0115597 9989362 0.699684
25.9836 0.0117775 10185502 0.712867
26.1565 0.012121 10394392 0.733661
26.3307 0.0124414 10607554 0.753055
26.506 0.0127067 10813990 0.769109
26.6824 0.0130551 11029240 0.790196
26.8598 0.0121902 11191111 0.737846
27.0386 0.00991254 11185948 0.599986
27.2186 0.00858764 11191384 0.519792
27.3998 0.0078746 11166280 0.476633
27.5821 0.00749287 11162812 0.453528
27.7658 0.00735789 11148064 0.445358
27.9506 0.00735746 11122480 0.445332
28.1366 0.00747837 11104984 0.45265
28.3239 0.00767597 11085376 0.464611
28.5125 0.00795786 11049712 0.481673
28.7023 0.00827235 11013328 0.500709
28.8933 0.00865374 10970140 0.523793
29.0857 0.00908962 10943872 0.550176
29.2794 0.0095454 10885456 0.577764
29.4742 0.0100776 10833720 0.609979
29.6704 0.0106302 10777816 0.643425
29.8679 0.0112602 10724320 0.681556
30.0668 0.0118571 10657576 0.717686
30.2669 0.0125439 10579924 0.759259
30.4684 0.0132722 10508784 0.803339
30.6712 0.0140152 10422700 0.848313
30.8754 0.0148482 10345720 0.898731
31.081 0.0156996 10248148 0.950267
31.2878 0.0165623 10144776 1.00248
31.4961 0.0175119 10050904 1.05996
31.7058 0.0184627 9924772 1.11751
31.9167 0.0194238 9816636 1.17568
32.1292 0.0205136 9692764 1.24165
32.3431 0.0214963 9567688 1.30113
32.5585 0.0225564 9424104 1.36529
32.7752 0.0236272 9278716 1.43011
32.9933 0.0247187 9127788 1.49617
33.2129 0.025841 8968792 1.5641
33.434 0.0269115 8801068 1.6289
33.6565 0.0279966 8626764 1.69458
33.8806 0.0290272 8444740 1.75696
34.1061 0.0300452 8248812 1.81858
34.3331 0.0310145 8050900 1.87724
34.5617 0.0319997 7840044 1.93688
34.7917 0.0328242 7621816 1.98678
35.0232 0.0336142 7391184 2.0346
35.2564 0.0343806 7158996 2.08099
35.491 0.0348873 6904924 2.11166
35.7272 0.035389 6649248 2.14203
35.965 0.0358265 6384676 2.16851
36.2044 0.0358546 6098844 2.17021
36.4453 0.0359357 5811012 2.17512
36.6878 0.0353026 5508112 2.1368
36.9319 0.0345139 5195916 2.08905
37.1776 0.0332058 4872228 2.00988
37.425 0.0310444 4531392 1.87905
37.6739 0.0278691 4181068 1.68686
37.9246 0.0238974 3827115 1.44646
38.1772 0.0216614 3511752 1.31112
38.4314 0.021303 3240696 1.28943
38.6872 0.0216502 2990682 1.31044
38.9448 0.0225248 2763190 1.36338
39.2041 0.0237445 2544444 1.4372
39.465 0.025187 2340936 1.52452
39.7277 0.0268961 2149530 1.62797
39.9921 0.0287954 1967724 1.74293
40.2582 0.0308199 1794918 1.86546
40.5261 0.0330566 1632468 2.00085
40.7957 0.0354721 1477728 2.14705
41.0671 0.0381244 1333008 2.30759
41.3404 0.0408185 1194306 2.47066
41.6155 0.0436807 1064754 2.64391
41.8925 0.0466514 941964 2.82371
42.1712 0.0499334 826020 3.02237
42.4515 0.0531456 718284 3.21679
42.7339 0.0567585 619944 3.43548
43.0181 0.0602673 524820 3.64786
43.3041 0.0643241 441182 3.89341
43.5916 0.0686464 360702 4.15503
43.8811 0.0731522 292782 4.42775
44.1732 0.0774177 228006 4.68594
44.4652 0.0834175 171158 5.04909
44.7587 0.0886213 124494 5.36406
45.0552 0.0941299 84168 5.69749
45.3521 0.101683 51006 6.15468
45.6466 0.107406 26360 6.50107
45.9351 0.118583 9960 7.17758
46.1972 0.126688 1561 7.66817
